178.76	1717.95
179.14	1717.95
179.52	1717.95
179.90	1682.85
180.28	11124.57
180.66	9825.57
181.04	9748.33
181.42	7620.78
181.80	6375.62
182.18	11208.83
182.55	5902.83
182.93	7651.21
183.31	7131.61
183.69	7903.99
184.07	8255.07
184.45	7119.91
184.83	7604.40
185.21	6679.89
185.59	6747.76
185.97	16833.13
186.35	11969.50
186.72	7220.55
187.10	7466.31
187.48	11758.85
187.86	9247.46
188.24	6778.19
188.62	6209.44
189.00	11337.56
189.38	8086.55
189.75	8182.51
190.13	8152.09
190.51	6480.94
190.89	15454.56
191.27	21551.65
191.65	7197.15
192.03	8028.04
192.40	10520.71
192.78	7901.65
193.16	9074.26
193.54	12601.44
193.92	11187.76
194.30	6862.45
194.67	9841.95
195.05	8442.31
195.43	7590.36
195.81	6935.01
196.19	10988.82
196.56	7796.32
196.94	7536.52
197.32	11960.14
197.70	6642.44
198.08	8837.86
198.45	6867.13
198.83	7899.31
199.21	7016.93
199.59	12503.14
199.97	8217.62
200.34	6038.58
200.72	6633.08
201.10	14328.76
201.48	10003.45
201.85	6530.09
202.23	7033.31
202.61	6581.59
202.99	16308.85
203.36	6651.80
203.74	9338.74
204.12	7618.44
204.49	6724.36
204.87	9046.17
205.25	7335.24
205.63	5832.62
206.00	6553.50
206.38	7885.26
206.76	9607.90
207.14	6768.83
207.51	5951.98
207.89	10909.24
208.27	6443.49
208.64	5483.88
209.02	6761.81
209.40	7199.49
209.77	5811.55
210.15	14710.27
210.53	6052.63
210.90	11447.56
211.28	6373.28
211.66	12109.93
212.03	6738.40
212.41	5996.45
212.79	7400.77
213.16	6080.71
213.54	7864.20
213.92	8023.36
214.29	5673.46
214.67	6520.73
215.05	6890.54
215.42	9345.76
215.80	6850.75
216.17	6705.63
216.55	8032.72
216.93	5900.49
217.30	9298.95
217.68	6413.07
218.05	6874.15
218.43	6583.93
218.81	6944.37
219.18	11265.00
219.56	6775.85
219.93	6817.98
220.31	6686.91
220.69	6047.94
221.06	6125.18
221.44	7789.30
221.81	6429.45
222.19	5764.74
222.56	6289.02
222.94	6925.65
223.32	7744.83
223.69	6431.79
224.07	9043.83
224.44	10092.39
224.82	7555.25
225.19	8732.54
225.57	7772.92
225.94	6686.91
226.32	7332.90
226.69	12585.06
227.07	8842.54
227.44	6836.70
227.82	8142.72
228.19	7084.80
228.57	8812.12
228.94	11913.33
229.32	9767.06
229.69	9015.74
230.07	6923.30
230.44	6298.38
230.82	11126.91
231.19	9579.81
231.57	5792.83
231.94	5799.85
232.32	15508.39
232.69	7452.27
233.07	7510.78
233.44	7007.56
233.82	7115.23
234.19	7648.87
234.57	10277.29
234.94	6574.56
235.31	6801.60
235.69	7454.61
236.06	7740.15
236.44	8865.95
236.81	5844.32
237.19	8013.99
237.56	11971.84
237.93	6525.41
238.31	7838.45
238.68	7066.08
239.06	7562.27
239.43	8851.91
239.81	8212.94
240.18	6050.28
240.55	6239.87
240.93	13008.70
241.30	7840.79
241.67	7276.73
242.05	8746.58
242.42	9839.61
242.80	6010.50
243.17	7939.10
243.54	7946.12
243.92	9509.60
244.29	7253.32
244.66	7843.14
245.04	10338.15
245.41	16379.07
245.78	6024.54
246.16	7012.24
246.53	9221.71
246.90	7360.98
247.28	13570.43
247.65	7176.08
248.02	7187.79
248.40	10108.77
248.77	7613.76
249.14	8851.91
249.52	7091.82
249.89	8645.94
250.26	6333.49
250.64	7665.25
251.01	15896.92
251.38	5926.24
251.75	7541.21
252.13	6764.15
252.50	9217.03
252.87	13745.97
253.25	5980.07
253.62	8042.08
253.99	5785.80
254.36	9268.52
254.74	6597.97
255.11	6333.49
255.48	5755.38
255.85	14518.34
256.23	5830.27
256.60	5401.96
256.97	6867.13
257.34	8135.70
257.71	7854.84
258.09	6895.22
258.46	7791.64
258.83	11646.51
259.20	9715.56
259.58	7112.89
259.95	7424.18
260.32	9575.13
260.69	6232.85
261.06	11257.98
261.44	6347.53
261.81	13329.35
262.18	7901.65
262.55	6427.11
262.92	7559.93
263.29	6635.42
263.67	5912.19
264.04	6715.00
264.41	7115.23
264.78	6492.65
265.15	10466.88
265.52	12409.52
265.90	7510.78
266.27	6303.06
266.64	5795.17
267.01	5526.00
267.38	8322.94
267.75	6204.76
268.12	5320.04
268.50	7164.38
268.87	6415.41
269.24	5980.07
269.61	7906.33
269.98	8353.37
270.35	8142.72
270.72	6036.24
271.09	7115.23
271.46	6820.32
271.83	8035.06
272.21	9320.01
272.58	6118.16
272.95	6452.86
273.32	7527.16
273.69	7328.22
274.06	5621.97
274.43	6244.55
274.80	7169.06
275.17	7922.71
275.54	17011.01
275.91	7569.29
276.28	7389.07
276.65	7639.51
277.02	11382.03
277.39	6326.47
277.76	6155.61
278.13	8400.18
278.50	8858.93
278.87	10775.83
279.24	9305.97
279.61	8435.29
279.98	11690.98
280.35	6420.09
280.72	7463.97
281.09	7258.00
281.46	7496.74
281.83	6094.76
282.20	7887.61
282.57	6452.86
282.94	8119.32
283.31	6745.42
283.68	8109.96
284.05	5673.46
284.42	5488.56
284.79	7735.47
285.16	8547.64
285.53	7272.04
285.90	7431.20
286.27	14780.48
286.64	5493.24
287.01	6410.73
287.38	8547.64
287.75	59355.99
288.12	8552.32
288.49	16800.37
288.86	6066.67
289.23	6167.31
289.59	6340.51
289.96	5954.32
290.33	6464.56
290.70	6729.04
291.07	8472.74
291.44	7997.61
291.81	6050.28
292.18	7424.18
292.55	6773.51
292.91	12800.39
293.28	8456.36
293.65	11129.25
294.02	7955.48
294.39	5621.97
294.76	7042.67
295.13	7351.62
295.50	7157.36
295.86	7016.93
296.23	6525.41
296.60	5877.09
296.97	6509.03
297.34	7040.33
297.71	8926.80
298.07	7463.97
298.44	5373.87
298.81	8142.72
299.18	7585.68
299.55	10649.44
299.91	7084.80
300.28	7857.18
300.65	5416.00
301.02	7576.31
301.39	8154.43
301.75	13556.38
302.12	8226.98
302.49	6923.30
302.86	10576.88
303.23	7496.74
303.59	5928.58
303.96	17305.92
304.33	9811.53
304.70	15073.05
305.06	6623.72
305.43	10356.87
305.80	8322.94
306.17	9158.52
306.53	6340.51
306.90	9614.92
307.27	7379.71
307.64	10670.50
308.00	6377.96
308.37	6733.72
308.74	12341.64
309.11	8938.51
309.47	6375.62
309.84	5689.84
310.21	7337.58
310.57	7618.44
310.94	6810.96
311.31	7501.42
311.67	7859.52
312.04	5561.11
312.41	9778.76
312.77	8042.08
313.14	6321.79
313.51	7087.14
313.87	6621.38
314.24	6586.27
314.61	6480.94
314.97	6602.65
315.34	7295.45
315.71	5568.13
316.07	9249.80
316.44	5928.58
316.81	8760.63
317.17	6279.66
317.54	15587.97
317.91	6560.52
318.27	5413.66
318.64	6979.48
319.00	8772.33
319.37	5577.50
319.74	9558.75
320.10	9912.17
320.47	6857.77
320.83	10960.73
321.20	7143.32
321.57	6054.97
321.93	6534.78
322.30	7578.65
322.66	6179.01
323.03	8840.20
323.40	7999.95
323.76	6420.09
324.13	6356.90
324.49	5582.18
324.86	18829.61
325.22	7559.93
325.59	7143.32
325.95	7960.16
326.32	9472.15
326.68	9144.47
327.05	7129.27
327.42	6157.95
327.78	6626.06
328.15	9563.43
328.51	6516.05
328.88	7428.86
329.24	11276.70
329.61	7330.56
329.97	8758.28
330.34	6354.55
330.70	7447.58
331.07	11066.05
331.43	8812.12
331.80	13195.94
332.16	10307.72
332.52	6155.61
332.89	8348.69
333.25	5427.70
333.62	12723.15
333.98	8072.51
334.35	6319.45
334.71	7250.98
335.08	5930.92
335.44	12042.06
335.81	11957.80
336.17	10122.82
336.53	7372.69
336.90	5973.05
337.26	8793.39
337.63	14260.88
337.99	7763.56
338.36	5926.24
338.72	8938.51
339.08	7468.65
339.45	6045.60
339.81	9673.43
340.18	6911.60
340.54	10527.73
340.90	6516.05
341.27	6979.48
341.63	8301.88
341.99	5334.08
342.36	10518.37
342.72	6036.24
343.09	10630.71
343.45	6403.71
343.81	10799.23
344.18	5743.67
344.54	7035.65
344.90	8013.99
345.27	7632.49
345.63	7194.81
345.99	9081.28
346.36	7293.11
346.72	6073.69
347.08	6204.76
347.45	5593.88
347.81	10118.14
348.17	7590.36
348.54	5738.99
348.90	9268.52
349.26	9900.47
349.62	10916.26
349.99	5481.53
350.35	5217.05
350.71	7894.63
351.08	7283.75
351.44	5212.37
351.80	13696.82
352.16	11892.26
352.53	6167.31
352.89	8667.00
353.25	11201.80
353.61	6668.19
353.98	8849.57
354.34	10382.62
354.70	6516.05
355.06	6080.71
355.43	7403.11
355.79	6846.07
356.15	6715.00
356.51	6026.88
356.88	6080.71
357.24	6871.81
357.60	5591.54
357.96	5446.43
358.32	16360.34
358.69	5514.30
359.05	8002.29
359.41	7693.34
359.77	5916.87
360.13	6179.01
360.49	6050.28
360.86	8992.34
361.22	11454.58
361.58	7843.14
361.94	11250.96
362.30	5886.45
362.66	8397.84
363.03	5359.83
363.39	5266.21
363.75	6356.90
364.11	10143.88
364.47	6209.44
364.83	10649.44
365.19	7658.23
365.56	8901.06
365.92	5345.78
366.28	8807.44
366.64	10111.11
367.00	5348.12
367.36	5542.39
367.72	10188.35
368.08	9638.33
368.44	6597.97
368.80	8517.21
369.17	6607.33
369.53	6832.02
369.89	6047.94
370.25	6160.29
370.61	6267.95
370.97	10897.53
371.33	6534.78
371.69	12996.99
372.05	8549.98
372.41	6015.18
372.77	6719.68
373.13	7674.62
373.49	5212.37
373.85	8170.81
374.21	7569.29
374.57	5902.83
374.93	8575.72
375.29	9085.96
375.65	7714.41
376.01	7410.14
376.37	10125.16
376.73	8657.64
377.09	5841.98
377.45	10076.01
377.81	6839.05
378.17	6099.44
378.53	5224.08
378.89	8493.80
379.25	11115.20
379.61	14740.69
379.97	9652.37
380.33	6551.16
380.69	6307.74
381.05	5652.39
381.41	9212.35
381.77	7183.10
382.13	7901.65
382.49	15250.93
382.85	7419.50
383.21	9177.24
383.57	5380.89
383.93	10586.24
384.28	5329.40
384.64	6679.89
385.00	7852.50
385.36	7382.05
385.72	9043.83
386.08	6045.60
386.44	9090.64
386.80	9057.87
387.16	12428.24
387.52	9603.22
387.87	14005.77
388.23	8226.98
388.59	6338.17
388.95	5593.88
389.31	6857.77
389.67	6803.94
390.03	6370.94
390.38	6733.72
390.74	5153.86
391.10	9652.37
391.46	7616.10
391.82	6057.31
392.18	8437.63
392.54	5046.20
392.89	5806.87
393.25	8589.77
393.61	5717.93
393.97	5600.90
394.33	7871.22
394.68	7178.42
395.04	5486.22
395.40	7353.96
395.76	9453.42
396.12	7630.15
396.47	5865.38
396.83	7103.53
397.19	5654.73
397.55	5809.21
397.90	7304.81
398.26	7485.03
398.62	5664.10
398.98	5006.41
399.33	7035.65
399.69	25668.66
400.05	8444.65
400.41	5951.98
400.76	8856.59
401.12	10349.85
401.48	8028.04
401.84	6031.56
402.19	6572.22
402.55	7903.99
402.91	7236.94
403.26	5373.87
403.62	8381.46
403.98	7164.38
404.34	4851.93
404.69	7042.67
405.05	9242.78
405.41	14410.68
405.76	6008.16
406.12	6064.33
406.48	7019.27
406.83	6223.48
407.19	8484.44
407.55	7878.24
407.90	14684.52
408.26	8716.16
408.62	9432.36
408.97	7150.34
409.33	5533.03
409.68	5851.34
410.04	7786.96
410.40	6193.06
410.75	8482.10
411.11	5966.03
411.47	7735.47
411.82	6684.57
412.18	7330.56
412.53	6864.79
412.89	6312.42
413.25	6967.77
413.60	7384.39
413.96	5287.27
414.31	6494.99
414.67	7492.05
415.03	5334.08
415.38	5757.72
415.74	6581.59
416.09	6759.47
416.45	8549.98
416.80	6085.39
417.16	8503.17
417.51	6897.56
417.87	6462.22
418.23	7796.32
418.58	8437.63
418.94	5081.30
419.29	6155.61
419.65	7960.16
420.00	8912.76
420.36	7903.99
420.71	8285.50
421.07	5664.10
421.42	7384.39
421.78	9303.63
422.13	6672.87
422.49	6841.39
422.84	7538.87
423.20	5181.95
423.55	5514.30
423.91	5584.52
424.26	14183.65
424.61	8315.92
424.97	11328.19
425.32	5951.98
425.68	6581.59
426.03	7665.25
426.39	10707.95
426.74	10164.95
427.10	9540.02
427.45	6331.15
427.80	7662.91
428.16	6801.60
428.51	7255.66
428.87	7651.21
429.22	9687.48
429.58	10789.87
429.93	10349.85
430.28	6097.10
430.64	6270.30
430.99	5383.23
431.35	7719.09
431.70	6623.72
432.05	6869.47
432.41	8191.88
432.76	7992.93
433.11	7953.14
433.47	7845.48
433.82	10949.03
434.17	8138.04
434.53	9085.96
434.88	14478.55
435.24	7908.67
435.59	7386.73
435.94	5558.77
436.30	8304.22
436.65	6558.18
437.00	9605.56
437.35	16493.76
437.71	6717.34
438.06	6420.09
438.41	6310.08
438.77	8245.71
439.12	5397.28
439.47	4849.59
439.83	7840.79
440.18	5287.27
440.53	6628.40
440.88	12451.65
441.24	8802.75
441.59	5823.25
441.94	6492.65
442.30	8423.59
442.65	12800.39
443.00	7094.16
443.35	10792.21
443.71	6656.48
444.06	9572.79
444.41	8058.46
444.76	11463.94
445.11	7166.72
445.47	10263.25
445.82	9263.84
446.17	5996.45
446.52	10719.65
446.88	7311.83
447.23	5207.69
447.58	8032.72
447.93	6010.50
448.28	30419.94
448.63	11147.97
448.99	7019.27
449.34	8549.98
449.69	8919.78
450.04	6476.26
450.39	6328.81
450.74	7180.76
451.10	6780.53
451.45	7695.68
451.80	7695.68
452.15	10253.89
452.50	8161.45
452.85	10300.70
453.21	9078.94
453.56	7894.63
453.91	7061.40
454.26	7396.09
454.61	5839.64
454.96	8486.78
455.31	6799.26
455.66	6443.49
456.01	8212.94
456.36	6473.92
456.72	6230.51
457.07	7950.80
457.42	10516.03
457.77	9308.31
458.12	5832.62
458.47	7344.60
458.82	9696.84
459.17	7295.45
459.52	7595.04
459.87	36449.16
460.22	6108.80
460.57	7311.83
460.92	6139.23
461.27	8432.95
461.62	6817.98
461.97	6155.61
462.32	12449.31
462.67	10836.68
463.02	13706.18
463.38	14143.86
463.73	9085.96
464.08	12521.87
464.43	7625.47
464.78	5703.89
465.12	8486.78
465.47	8739.56
465.82	30417.60
466.17	6633.08
466.52	8957.23
466.87	6338.17
467.22	6090.07
467.57	5437.06
467.92	7831.43
468.27	11300.11
468.62	15042.62
468.97	6843.73
469.32	5392.59
469.67	16009.26
470.02	14401.32
470.37	6193.06
470.72	7674.62
471.07	5544.73
471.42	6743.08
471.76	6935.01
472.11	6956.07
472.46	8636.58
472.81	15300.08
473.16	6864.79
473.51	6057.31
473.86	5329.40
474.21	6647.12
474.56	6565.20
474.90	6359.24
475.25	10057.28
475.60	9097.66
475.95	6157.95
476.30	11611.40
476.65	10483.26
477.00	15290.72
477.34	11510.75
477.69	5626.65
478.04	9369.16
478.39	7316.51
478.74	5966.03
479.09	5266.21
479.43	22162.53
479.78	5364.51
480.13	13364.46
480.48	10324.10
480.83	7433.54
481.17	5568.13
481.52	7838.45
481.87	6675.21
482.22	12095.89
482.57	6808.62
482.91	9156.18
483.26	7833.77
483.61	6532.44
483.96	7538.87
484.30	65535.00
484.65	12795.71
485.00	6033.90
485.35	6960.75
485.69	6064.33
486.04	6658.82
486.39	7929.74
486.74	7751.85
487.08	5406.64
487.43	8088.89
487.78	5085.98
488.12	8198.90
488.47	6059.65
488.82	10616.67
489.17	6017.52
489.51	5301.31
489.86	8131.02
490.21	5310.68
490.55	7819.73
490.90	5416.00
491.25	6504.35
491.59	5598.56
491.94	13057.85
492.29	6527.75
492.63	7026.29
492.98	4938.53
493.33	7435.88
493.67	6361.58
494.02	5511.96
494.37	5687.50
494.71	8580.40
495.06	6162.63
495.40	10757.10
495.75	5954.32
496.10	10654.12
496.44	8304.22
496.79	8353.37
497.13	5797.51
497.48	14593.24
497.83	10464.54
498.17	8437.63
498.52	6349.87
498.86	8695.09
499.21	7470.99
499.56	5982.41
499.90	6757.13
500.25	5446.43
500.59	6984.16
500.94	7866.54
501.28	8727.86
501.63	9867.70
501.97	6436.47
502.32	5881.77
502.67	7983.57
503.01	5418.34
503.36	6401.37
503.70	6207.10
504.05	8493.80
504.39	9296.61
504.74	6909.26
505.08	10995.84
505.43	4781.71
505.77	5628.99
506.12	7552.91
506.46	6499.67
506.81	5851.34
507.15	5935.60
507.49	6602.65
507.84	5865.38
508.18	7669.94
508.53	7431.20
508.87	7206.51
509.22	6705.63
509.56	65535.00
509.91	19475.60
510.25	7166.72
510.60	5046.20
510.94	10501.98
511.28	5041.51
511.63	9650.03
511.97	7943.78
512.32	9270.86
512.66	5874.74
513.00	7157.36
513.35	9586.83
513.69	5813.89
514.04	8610.83
514.38	8894.04
514.72	7653.55
515.07	6003.47
515.41	5914.53
515.76	5982.41
516.10	7908.67
516.44	9015.74
516.79	6284.34
517.13	5430.04
517.47	9462.79
517.82	7428.86
518.16	8245.71
518.50	7506.10
518.85	7595.04
519.19	10593.26
519.53	13809.16
519.88	9020.42
520.22	6787.55
520.56	7192.47
520.91	5439.40
521.25	5671.12
521.59	6984.16
521.93	8016.33
522.28	6644.78
522.62	7056.72
522.96	9563.43
523.31	6663.51
523.65	8161.45
523.99	8908.08
524.33	11758.85
524.68	8439.97
525.02	5659.42
525.36	7831.43
525.70	5294.29
526.05	6106.46
526.39	5659.42
526.73	8603.81
527.07	7438.22
527.41	11042.65
527.76	5867.72
528.10	6909.26
528.44	7843.14
528.78	6904.58
529.12	8697.43
529.47	6628.40
529.81	9467.47
530.15	9329.38
530.49	8346.35
530.83	5020.45
531.18	5797.51
531.52	6883.52
531.86	5444.09
532.20	7208.85
532.54	10038.56
532.88	4912.78
533.22	6621.38
533.57	6239.87
533.91	10881.15
534.25	5474.51
534.59	11173.72
534.93	8905.74
535.27	5753.04
535.61	6710.32
535.95	11056.69
536.30	8425.93
536.64	7229.91
536.98	4732.56
537.32	6511.37
537.66	5025.13
538.00	8152.09
538.34	8409.54
538.68	8458.70
539.02	11875.88
539.36	6296.04
539.70	5476.85
540.04	7529.50
540.39	20315.85
540.73	5963.68
541.07	7232.26
541.41	7683.98
541.75	7852.50
542.09	10253.89
542.43	7950.80
542.77	7283.75
543.11	7779.94
543.45	7424.18
543.79	9453.42
544.13	6616.69
544.47	6738.40
544.81	5820.91
545.15	8526.57
545.49	7030.97
545.83	5790.49
546.17	6544.14
546.51	4905.76
546.85	6155.61
547.19	11054.35
547.53	5500.26
547.87	8564.02
548.21	12416.54
548.54	7410.14
548.88	6155.61
549.22	5837.30
549.56	5537.71
549.90	6279.66
550.24	7166.72
550.58	5898.15
550.92	10111.11
551.26	6314.77
551.60	10967.75
551.94	6492.65
552.28	6368.60
552.61	8465.72
552.95	8308.90
553.29	6328.81
553.63	7260.34
553.97	11283.72
554.31	9411.29
554.65	10630.71
554.99	10576.88
555.32	6384.98
555.66	8170.81
556.00	5020.45
556.34	6815.64
556.68	7400.77
557.02	9561.09
557.36	7349.28
557.69	6892.88
558.03	6176.67
558.37	12793.37
558.71	15169.01
559.05	10595.61
559.38	11466.28
559.72	5874.74
560.06	8992.34
560.40	8512.53
560.74	9961.32
561.07	8159.11
561.41	8973.61
561.75	7967.18
562.09	10057.28
562.42	9107.02
562.76	8435.29
563.10	7517.80
563.44	24535.84
563.77	7651.21
564.11	8369.76
564.45	9898.13
564.79	8390.82
565.12	7279.07
565.46	7712.07
565.80	7899.31
566.14	7726.11
566.47	9495.55
566.81	5748.36
567.15	7522.48
567.48	8182.51
567.82	8245.71
568.16	7262.68
568.49	6003.47
568.83	5565.79
569.17	6995.86
569.50	8018.68
569.84	10897.53
570.18	7997.61
570.51	11403.09
570.85	7042.67
571.19	6778.19
571.52	5909.85
571.86	9509.60
572.20	6546.48
572.53	11091.80
572.87	6120.50
573.21	5624.31
573.54	5565.79
573.88	7843.14
574.21	7475.67
574.55	7054.37
574.89	6347.53
575.22	9273.20
575.56	6319.45
575.89	6104.12
576.23	7030.97
576.57	7974.21
576.90	6267.95
577.24	7637.17
577.57	5713.25
577.91	7693.34
578.24	5242.80
578.58	7152.68
578.91	8313.58
579.25	6064.33
579.59	7508.44
579.92	6888.20
580.26	5731.97
580.59	8133.36
580.93	8116.98
581.26	6452.86
581.60	8088.89
581.93	8606.15
582.27	11239.25
582.60	5853.68
582.94	7534.18
583.27	5769.42
583.61	6869.47
583.94	7737.81
584.28	5268.55
584.61	6801.60
584.94	8264.43
585.28	8238.69
585.61	9544.70
585.95	8510.19
586.28	11744.81
586.62	13373.82
586.95	7201.83
587.29	12315.90
587.62	10164.95
587.95	5621.97
588.29	7747.17
588.62	8568.70
588.96	9497.89
589.29	6366.26
589.62	6361.58
589.96	6768.83
590.29	6457.54
590.63	5341.10
590.96	8723.18
591.29	9025.11
591.63	9827.91
591.96	5682.82
592.29	6825.00
592.63	6370.94
592.96	7735.47
593.30	12156.74
593.63	7889.95
593.96	5928.58
594.30	6394.34
594.63	7950.80
594.96	13181.90
595.30	7232.26
595.63	6715.00
595.96	6120.50
596.29	8072.51
596.63	6644.78
596.96	9076.60
597.29	8217.62
597.63	5378.55
597.96	10235.16
598.29	9834.93
598.63	9657.05
598.96	6001.13
599.29	6361.58
599.62	9804.50
599.96	6375.62
600.29	6675.21
600.62	6017.52
600.95	6459.88
601.29	6855.43
601.62	7655.89
601.95	7084.80
602.28	6244.55
602.61	48062.90
602.95	7454.61
603.28	12241.00
603.61	6155.61
603.94	9687.48
604.27	5879.43
604.61	8573.38
604.94	8070.17
605.27	7896.97
605.60	5841.98
605.93	6312.42
606.27	9511.94
606.60	5966.03
606.93	5528.35
607.26	11321.17
607.59	7346.94
607.92	9968.34
608.26	6499.67
608.59	6207.10
608.92	6874.15
609.25	5706.23
609.58	7948.46
609.91	8624.87
610.24	13862.99
610.57	8142.72
610.90	9755.35
611.24	5315.36
611.57	5455.79
611.90	9109.36
612.23	7045.01
612.56	9294.27
612.89	8739.56
613.22	9053.19
613.55	5408.98
613.88	9689.82
614.21	5930.92
614.54	7957.82
614.87	5830.27
615.20	4830.87
615.53	10160.27
615.87	6286.68
616.20	7281.41
616.53	10256.23
616.86	7220.55
617.19	8418.91
617.52	6375.62
617.85	6473.92
618.18	5963.68
618.51	6668.19
618.84	8503.17
619.17	6949.05
619.50	11047.33
619.83	10656.46
620.16	8741.90
620.49	6363.92
620.82	14504.30
621.14	10951.37
621.47	6766.49
621.80	9816.21
622.13	7503.76
622.46	14958.36
622.79	8762.97
623.12	5682.82
623.45	9507.26
623.78	8842.54
624.11	5715.59
624.44	7871.22
624.77	6167.31
625.10	6061.99
625.43	5926.24
625.75	7555.25
626.08	6080.71
626.41	5926.24
626.74	9745.99
627.07	6817.98
627.40	12290.15
627.73	6567.54
628.06	5975.39
628.38	4936.19
628.71	9046.17
629.04	10097.07
629.37	9586.83
629.70	7613.76
630.03	6008.16
630.36	10118.14
630.68	9043.83
631.01	6401.37
631.34	10998.18
631.67	6384.98
632.00	5018.11
632.32	9177.24
632.65	10237.50
632.98	7616.10
633.31	7258.00
633.64	9401.93
633.96	5863.04
634.29	11145.63
634.62	7531.84
634.95	7974.21
635.27	7632.49
635.60	8929.14
635.93	8065.49
636.26	8074.85
636.58	6525.41
636.91	6368.60
637.24	6150.93
637.57	7382.05
637.89	8528.91
638.22	6331.15
638.55	7595.04
638.87	8016.33
639.20	8964.25
639.53	8816.80
639.86	6438.81
640.18	5839.64
640.51	7473.33
640.84	7868.88
641.16	5706.23
641.49	8196.56
641.82	5846.66
642.14	5877.09
642.47	14338.12
642.80	7040.33
643.12	9343.42
643.45	6998.20
643.78	7363.33
644.10	6193.06
644.43	7169.06
644.75	10445.81
645.08	5345.78
645.41	8332.31
645.73	6015.18
646.06	15606.69
646.39	9245.12
646.71	6148.59
647.04	6073.69
647.36	5027.47
647.69	8779.35
648.01	7517.80
648.34	6225.82
648.67	10031.54
648.99	10525.39
649.32	6179.01
649.64	5479.19
649.97	4968.96
650.29	5743.67
650.62	14803.89
650.94	7318.86
651.27	11279.04
651.59	7077.78
651.92	6319.45
652.25	10801.57
652.57	6061.99
652.90	5973.05
653.22	7801.01
653.55	7786.96
653.87	4952.57
654.20	7447.58
654.52	11372.66
654.84	6995.86
655.17	8327.63
655.49	11630.12
655.82	6544.14
656.14	8051.44
656.47	11208.83
656.79	11829.07
657.12	6672.87
657.44	6551.16
657.77	9121.07
658.09	7651.21
658.41	7077.78
658.74	8688.07
659.06	5444.09
659.39	7023.95
659.71	6438.81
660.03	7117.57
660.36	6888.20
660.68	10232.82
661.01	13652.34
661.33	10583.90
661.65	6303.06
661.98	14183.65
662.30	14504.30
662.63	7309.49
662.95	6862.45
663.27	6223.48
663.60	5675.80
663.92	7028.63
664.24	6932.67
664.57	5905.17
664.89	6249.23
665.21	6420.09
665.54	9863.02
665.86	7470.99
666.18	7906.33
666.51	10719.65
666.83	6455.20
667.15	15255.61
667.47	9968.34
667.80	8514.87
668.12	6134.54
668.44	7592.70
668.77	8959.57
669.09	10513.69
669.41	9057.87
669.73	5474.51
670.06	7351.62
670.38	6925.65
670.70	5465.15
671.02	8411.89
671.35	6778.19
671.67	10867.11
671.99	6899.90
672.31	10345.17
672.63	7901.65
672.96	11578.63
673.28	6562.86
673.60	7412.48
673.92	7627.81
674.24	6106.46
674.57	6193.06
674.89	9963.66
675.21	6923.30
675.53	9460.45
675.85	10277.29
676.17	10363.89
676.50	5820.91
676.82	10106.43
677.14	7564.61
677.46	15129.22
677.78	5535.37
678.10	9788.12
678.42	7344.60
678.75	6359.24
679.07	5792.83
679.39	7538.87
679.71	6698.61
680.03	6595.63
680.35	6546.48
680.67	6595.63
680.99	6153.27
681.31	5795.17
681.63	8425.93
681.96	10586.24
682.28	6473.92
682.60	7688.66
682.92	8863.61
683.24	6008.16
683.56	8809.78
683.88	6319.45
684.20	6911.60
684.52	6604.99
684.84	6502.01
685.16	7197.15
685.48	9331.72
685.80	7894.63
686.12	8772.33
686.44	12035.03
686.76	6998.20
687.08	5327.06
687.40	5994.11
687.72	9533.00
688.04	6164.97
688.36	15091.77
688.68	11316.49
689.00	8264.43
689.32	6888.20
689.64	6544.14
689.96	7052.03
690.28	9951.96
690.60	10494.96
690.92	6408.39
691.24	8826.16
691.56	6906.92
691.88	6935.01
692.19	5858.36
692.51	9661.73
692.83	8074.85
693.15	9160.86
693.47	8397.84
693.79	7756.54
694.11	9870.04
694.43	9076.60
694.75	7307.15
695.06	7777.60
695.38	10457.51
695.70	7618.44
696.02	7499.08
696.34	6707.98
696.66	6595.63
696.98	5268.55
697.29	7194.81
697.61	11620.76
697.93	10200.05
698.25	41123.21
698.57	8477.42
698.89	5598.56
699.20	7033.31
699.52	11473.31
699.84	5270.89
700.16	7002.88
700.48	10853.06
700.79	5937.94
701.11	12409.52
701.43	9528.32
701.75	6265.61
702.07	6953.73
702.38	12159.08
702.70	6263.27
703.02	6024.54
703.34	8994.68
703.65	7620.78
703.97	6942.03
704.29	5423.02
704.61	5921.56
704.92	9455.76
705.24	6883.52
705.56	9638.33
705.87	10380.28
706.19	7513.12
706.51	5357.49
706.82	10310.06
707.14	6291.36
707.46	5397.28
707.78	6001.13
708.09	8526.57
708.41	9856.00
708.73	7978.89
709.04	10448.15
709.36	6743.08
709.68	7236.94
709.99	13537.66
710.31	10562.84
710.62	7566.95
710.94	6696.27
711.26	8152.09
711.57	6935.01
711.89	5830.27
712.21	15646.48
712.52	7492.05
712.84	10799.23
713.15	7793.98
713.47	9413.63
713.79	5933.26
714.10	6326.47
714.42	6867.13
714.73	11225.21
715.05	5472.17
715.36	5870.06
715.68	6235.19
715.99	6820.32
716.31	9827.91
716.63	8594.45
716.94	9645.35
717.26	20374.36
717.57	9502.58
717.89	11871.20
718.20	6242.21
718.52	9790.46
718.83	7206.51
719.15	15051.99
719.46	14499.62
719.78	7808.03
720.09	7213.53
720.41	6127.52
720.72	5823.25
721.04	5916.87
721.35	7173.74
721.67	7016.93
721.98	6778.19
722.29	6654.14
722.61	6527.75
722.92	5235.78
723.24	6839.05
723.55	7735.47
723.87	7850.16
724.18	9191.28
724.50	5919.21
724.81	7236.94
725.12	7431.20
725.44	8533.59
725.75	7896.97
726.07	10768.80
726.38	8606.15
726.69	6848.41
727.01	8959.57
727.32	9249.80
727.63	6733.72
727.95	11007.54
728.26	6502.01
728.58	9228.73
728.89	6686.91
729.20	7403.11
729.52	6249.23
729.83	14324.08
730.14	8837.86
730.46	7538.87
730.77	10312.40
731.08	8931.48
731.39	6958.41
731.71	7384.39
732.02	9420.66
732.33	7241.62
732.65	6832.02
732.96	11185.42
733.27	9741.31
733.59	14953.68
733.90	9989.41
734.21	5888.79
734.52	6567.54
734.84	17596.15
735.15	6794.58
735.46	6869.47
735.77	7655.89
736.09	7470.99
736.40	11365.64
736.71	9371.50
737.02	5668.78
737.33	6932.67
737.65	7028.63
737.96	7566.95
738.27	8044.42
738.58	13799.80
738.89	9071.92
739.21	6698.61
739.52	5366.85
739.83	8910.42
740.14	6359.24
740.45	7562.27
740.76	6754.79
741.08	5652.39
741.39	7166.72
741.70	6663.51
742.01	7953.14
742.32	10242.18
742.63	7817.39
742.94	6183.70
743.26	8870.63
743.57	8346.35
743.88	9387.89
744.19	8217.62
744.50	7082.46
744.81	12943.16
745.12	7363.33
745.43	7185.44
745.74	16290.13
746.05	11763.53
746.36	5392.59
746.67	12624.85
746.99	6960.75
747.30	8807.44
747.61	6675.21
747.92	8049.10
748.23	10354.53
748.54	6946.71
748.85	7199.49
749.16	7712.07
749.47	6296.04
749.78	6621.38
750.09	7084.80
750.40	8339.33
750.71	7957.82
751.02	8716.16
751.33	7370.35
751.64	8454.02
751.95	7433.54
752.26	8830.84
752.57	9088.30
752.88	6995.86
753.19	7618.44
753.50	11943.75
753.81	7314.17
754.11	7634.83
754.42	17420.61
754.73	8191.88
755.04	8308.90
755.35	8212.94
755.66	14375.57
755.97	5940.28
756.28	6092.41
756.59	8987.66
756.90	17715.51
757.21	8566.36
757.52	11496.71
757.82	8533.59
758.13	6654.14
758.44	10328.78
758.75	8858.93
759.06	6621.38
759.37	6127.52
759.68	8360.39
759.98	6691.59
760.29	9186.60
760.60	8203.58
760.91	5495.58
761.22	7239.28
761.53	7779.94
761.83	6368.60
762.14	7805.69
762.45	6626.06
762.76	5853.68
763.07	8620.19
763.37	16587.38
763.68	11744.81
763.99	13682.77
764.30	12098.23
764.60	6614.35
764.91	10387.30
765.22	7976.55
765.53	13832.57
765.84	8255.07
766.14	7138.63
766.45	5738.99
766.76	11503.73
767.06	12334.62
767.37	7115.23
767.68	7719.09
767.99	7126.93
768.29	6590.95
768.60	7508.44
768.91	10296.02
769.21	13635.96
769.52	11386.71
769.83	7267.36
770.13	7557.59
770.44	7119.91
770.75	9511.94
771.05	7655.89
771.36	9317.67
771.67	7950.80
771.97	7124.59
772.28	7286.09
772.59	7985.91
772.89	9865.36
773.20	6541.80
773.51	6715.00
773.81	12013.97
774.12	6218.80
774.42	7545.89
774.73	6211.78
775.04	6256.25
775.34	22101.68
775.65	8526.57
775.95	12842.52
776.26	8369.76
776.56	6897.56
776.87	8748.92
777.18	65535.00
777.48	17104.64
777.79	8058.46
778.09	11417.13
778.40	7096.50
778.70	6970.12
779.01	11274.36
779.31	7920.37
779.62	7185.44
779.92	9397.25
780.23	9174.90
780.53	5951.98
780.84	7178.42
781.14	6853.09
781.45	6736.06
781.75	10506.66
782.06	6202.42
782.36	8482.10
782.67	6204.76
782.97	6464.56
783.28	13652.34
783.58	6946.71
783.89	6850.75
784.19	8879.99
784.49	13219.35
784.80	7445.24
785.10	13324.67
785.41	6253.91
785.71	8777.01
786.02	8587.43
786.32	15037.94
786.62	9621.94
786.93	12229.30
787.23	6918.62
787.54	6995.86
787.84	14354.51
788.14	8762.97
788.45	9135.11
788.75	6822.66
789.05	6036.24
789.36	7356.30
789.66	14420.04
789.96	9549.39
790.27	7803.35
790.57	7527.16
790.87	6436.47
791.18	7332.90
791.48	6335.83
791.78	8805.10
792.09	9036.81
792.39	6586.27
792.69	9888.76
793.00	8669.34
793.30	9193.62
793.60	5891.13
793.90	5476.85
794.21	8741.90
794.51	17359.75
794.81	11124.57
795.11	7758.88
795.42	6691.59
795.72	11791.62
796.02	9514.28
796.32	8732.54
796.63	8786.37
796.93	10523.05
797.23	9380.87
797.53	8208.26
797.84	6352.21
798.14	6296.04
798.44	8409.54
798.74	8887.01
799.04	8519.55
799.34	6164.97
799.65	16514.82
799.95	8124.00
800.25	7332.90
800.55	7164.38
800.85	8234.00
801.15	6331.15
801.46	7461.63
801.76	18099.36
802.06	6981.82
802.36	8514.87
802.66	6785.21
802.96	9561.09
803.26	11199.46
803.56	13678.09
803.87	16903.35
804.17	7592.70
804.47	9987.07
804.77	10848.38
805.07	11026.26
805.37	9806.84
805.67	9425.34
805.97	7269.70
806.27	7274.38
806.57	6988.84
806.87	12016.31
807.17	8219.96
807.47	11431.18
807.77	11358.62
808.07	6984.16
808.37	12006.95
808.67	7936.76
808.98	15894.58
809.28	7140.97
809.58	16578.01
809.88	10677.52
810.18	15199.44
810.47	7400.77
810.77	6441.15
811.07	9638.33
811.37	8753.60
811.67	6417.75
811.97	5645.37
812.27	6321.79
812.57	5514.30
812.87	6700.95
813.17	6572.22
813.47	6499.67
813.77	7155.02
814.07	6785.21
814.37	10153.24
814.67	6527.75
814.97	7496.74
815.27	6401.37
815.56	8889.35
815.86	11637.14
816.16	8306.56
816.46	5982.41
816.76	6553.50
817.06	10803.91
817.36	12917.42
817.66	7838.45
817.95	6195.40
818.25	8573.38
818.55	10464.54
818.85	9540.02
819.15	6850.75
819.45	13542.34
819.75	7658.23
820.04	7836.11
820.34	16212.89
820.64	10115.80
820.94	13046.15
821.24	7070.76
821.53	7763.56
821.83	6806.28
822.13	6155.61
822.43	7288.43
822.72	5811.55
823.02	6626.06
823.32	6265.61
823.62	8566.36
823.91	15161.99
824.21	5935.60
824.51	8683.39
824.81	7108.21
825.10	5933.26
825.40	9451.08
825.70	7903.99
826.00	12891.67
826.29	6920.96
826.59	8496.14
826.89	7218.21
827.18	7974.21
827.48	6663.51
827.78	6092.41
828.07	7840.79
828.37	10015.15
828.67	8468.06
828.96	7803.35
829.26	6782.87
829.56	10710.29
829.85	6604.99
830.15	8571.04
830.45	5888.79
830.74	12666.98
831.04	9734.29
831.34	10499.64
831.63	13870.01
831.93	10132.18
832.22	9458.10
832.52	7803.35
832.82	6155.61
833.11	5949.64
833.41	6265.61
833.70	6803.94
834.00	10532.41
834.29	7925.05
834.59	5748.36
834.89	8999.36
835.18	7190.13
835.48	13202.96
835.77	9390.23
836.07	9153.84
836.36	9018.08
836.66	10450.49
836.95	7445.24
837.25	6588.61
837.54	8894.04
837.84	7037.99
838.13	8170.81
838.43	6420.09
838.72	13944.91
839.02	11190.10
839.31	6342.85
839.61	10846.04
839.90	5771.76
840.20	7798.66
840.49	6026.88
840.78	8496.14
841.08	9282.56
841.37	7021.61
841.67	6054.97
841.96	8875.31
842.26	8219.96
842.55	5912.19
842.84	6284.34
843.14	10354.53
843.43	5802.19
843.73	7543.55
844.02	5879.43
844.31	7328.22
844.61	6715.00
844.90	8439.97
845.20	7854.84
845.49	5511.96
845.78	6956.07
846.08	6209.44
846.37	5181.95
846.66	8667.00
846.96	9156.18
847.25	8578.06
847.54	5783.46
847.84	6473.92
848.13	7302.47
848.42	9856.00
848.72	6583.93
849.01	9128.09
849.30	6609.67
849.59	6396.68
849.89	6431.79
850.18	12280.79
850.47	6171.99
850.76	16386.09
851.06	14743.03
851.35	8676.37
851.64	10143.88
851.93	8133.36
852.23	18572.15
852.52	7162.04
852.81	6843.73
853.10	7456.95
853.40	5701.54
853.69	5565.79
853.98	7604.40
854.27	9827.91
854.56	6665.85
854.86	8933.82
855.15	7943.78
855.44	8428.27
855.73	5650.05
856.02	6686.91
856.31	9589.17
856.61	8393.16
856.90	6808.62
857.19	5851.34
857.48	5544.73
857.77	6120.50
858.06	5125.77
858.35	5806.87
858.65	11583.31
858.94	9556.41
859.23	7250.98
859.52	9277.88
859.81	12088.87
860.10	6532.44
860.39	9469.81
860.68	7850.16
860.97	6120.50
861.26	6696.27
861.55	12273.77
861.85	7798.66
862.14	9263.84
862.43	9694.50
862.72	9542.36
863.01	5834.96
863.30	6958.41
863.59	7480.35
863.88	7176.08
864.17	7253.32
864.46	5933.26
864.75	14738.35
865.04	7702.70
865.33	5767.08
865.62	10958.39
865.91	6459.88
866.20	8938.51
866.49	7059.06
866.78	7019.27
867.07	6792.23
867.36	10207.08
867.65	10190.69
867.93	9200.65
868.22	7859.52
868.51	7110.55
868.80	7908.67
869.09	7190.13
869.38	6352.21
869.67	12943.16
869.96	12943.16
870.25	12943.16
