178.76	1816.26
179.14	1816.26
179.52	1816.26
179.90	1764.76
180.28	10333.47
180.66	5919.21
181.04	7889.95
181.42	7070.76
181.80	6029.22
182.18	10448.15
182.55	5638.35
182.93	7012.24
183.31	6869.47
183.69	7562.27
184.07	7754.19
184.45	6743.08
184.83	7145.66
185.21	6502.01
185.59	6469.24
185.97	15440.51
186.35	11349.26
186.72	6906.92
187.10	6998.20
187.48	10960.73
187.86	8737.22
188.24	6326.47
188.62	6108.80
189.00	10429.43
189.38	7686.32
189.75	7112.89
190.13	7620.78
190.51	6155.61
190.89	14251.52
191.27	19850.08
191.65	6801.60
192.03	7655.89
192.40	9802.16
192.78	7459.29
193.16	8404.86
193.54	11557.57
193.92	10354.53
194.30	6406.05
194.67	9254.48
195.05	8149.75
195.43	6988.84
195.81	6803.94
196.19	10202.40
196.56	7499.08
196.94	7124.59
197.32	11234.57
197.70	6436.47
198.08	8173.15
198.45	6555.84
198.83	7487.37
199.21	6682.23
199.59	11712.04
199.97	7810.37
200.34	5783.46
200.72	6637.76
201.10	13275.52
201.48	9570.45
201.85	6186.04
202.23	6745.42
202.61	6326.47
202.99	15431.15
203.36	6326.47
203.74	8683.39
204.12	6890.54
204.49	6235.19
204.87	8451.67
205.25	6942.03
205.63	5612.60
206.00	6204.76
206.38	7576.31
206.76	8978.30
207.14	6356.90
207.51	5893.47
207.89	10401.34
208.27	6223.48
208.64	5207.69
209.02	6490.31
209.40	6778.19
209.77	5586.86
210.15	15704.99
210.53	5886.45
210.90	10604.97
211.28	6036.24
211.66	11421.81
212.03	6384.98
212.41	5617.29
212.79	6960.75
213.16	5720.27
213.54	7449.93
213.92	7646.53
214.29	5394.93
214.67	6427.11
215.05	6663.51
215.42	9067.24
215.80	6502.01
216.17	6462.22
216.55	7550.57
216.93	5715.59
217.30	8566.36
217.68	6258.59
218.05	6551.16
218.43	6324.13
218.81	6614.35
219.18	10637.73
219.56	6478.60
219.93	6408.39
220.31	6305.40
220.69	5687.50
221.06	5839.64
221.44	7201.83
221.81	6024.54
222.19	5495.58
222.56	5870.06
222.94	6693.93
223.32	7332.90
223.69	6146.25
224.07	8521.89
224.44	12065.46
224.82	7295.45
225.19	8222.30
225.57	7274.38
225.94	6555.84
226.32	6974.80
226.69	11550.54
227.07	8175.49
227.44	6504.35
227.82	7599.72
228.19	6799.26
228.57	8365.07
228.94	11035.63
229.32	9277.88
229.69	8645.94
230.07	6527.75
230.44	6090.07
230.82	10494.96
231.19	9153.84
231.57	5355.15
231.94	5568.13
232.32	8987.66
232.69	6494.99
233.07	7260.34
233.44	7969.52
233.82	6764.15
234.19	7126.93
234.57	9577.47
234.94	6230.51
235.31	6509.03
235.69	7035.65
236.06	7061.40
236.44	8325.29
236.81	5804.53
237.19	7595.04
237.56	11178.40
237.93	6237.53
238.31	7459.29
238.68	6682.23
239.06	7300.13
239.43	8498.49
239.81	7768.24
240.18	5809.21
240.55	5987.09
240.93	12053.76
241.30	7358.64
241.67	6956.07
242.05	8238.69
242.42	9245.12
242.80	5738.99
243.17	7351.62
243.54	7323.54
243.92	8779.35
244.29	6745.42
244.66	7314.17
245.04	9743.65
245.41	15365.62
245.78	5729.63
246.16	6525.41
246.53	8404.86
246.90	6792.23
247.28	12187.17
247.65	6761.81
248.02	6920.96
248.40	9511.94
248.77	7339.92
249.14	8088.89
249.52	6654.14
249.89	8152.09
250.26	6026.88
250.64	7187.79
251.01	14532.39
251.38	5607.92
251.75	6979.48
252.13	6530.09
252.50	8767.65
252.87	12622.51
253.25	5769.42
253.62	7691.00
253.99	5645.37
254.36	8964.25
254.74	6345.19
255.11	5877.09
255.48	5359.83
255.85	13366.80
256.23	5612.60
256.60	5247.48
256.97	6553.50
257.34	7836.11
257.71	7419.50
258.09	6108.80
258.46	7466.31
258.83	10740.72
259.20	9247.46
259.58	6801.60
259.95	6909.26
260.32	8992.34
260.69	5802.19
261.06	10359.21
261.44	6015.18
261.81	12472.71
262.18	7414.82
262.55	6202.42
262.92	7040.33
263.29	6286.68
263.67	5563.45
264.04	6452.86
264.41	6600.31
264.78	6256.25
265.15	9572.79
265.52	11896.94
265.90	7248.64
266.27	6176.67
266.64	5614.95
267.01	5228.76
267.38	7658.23
267.75	5881.77
268.12	5158.54
268.50	6806.28
268.87	6010.50
269.24	6064.33
269.61	7323.54
269.98	7702.70
270.35	7581.00
270.72	6022.20
271.09	6712.66
271.46	6326.47
271.83	7485.03
272.21	8678.71
272.58	5764.74
272.95	6106.46
273.32	7082.46
273.69	7054.37
274.06	5310.68
274.43	5916.87
274.80	6836.70
275.17	7503.76
275.54	12709.11
275.91	7037.99
276.28	7047.35
276.65	7417.16
277.02	10635.39
277.39	5940.28
277.76	6066.67
278.13	7971.86
278.50	8334.65
278.87	9767.06
279.24	8599.13
279.61	7960.16
279.98	9507.26
280.35	6115.82
280.72	7080.12
281.09	6829.68
281.46	7140.97
281.83	5888.79
282.20	7520.14
282.57	6326.47
282.94	7728.45
283.31	6136.88
283.68	7440.56
284.05	5586.86
284.42	5195.99
284.79	7297.79
285.16	8121.66
285.53	6862.45
285.90	6843.73
286.27	14106.41
286.64	5294.29
287.01	5907.51
287.38	8119.32
287.75	57148.86
288.12	8187.19
288.49	15377.32
288.86	5713.25
289.23	5900.49
289.59	6045.60
289.96	5654.73
290.33	6164.97
290.70	6321.79
291.07	7908.67
291.44	7559.93
291.81	5666.44
292.18	7087.14
292.55	6551.16
292.91	12039.72
293.28	7995.27
293.65	10188.35
294.02	7421.84
294.39	5486.22
294.76	6654.14
295.13	6939.69
295.50	6757.13
295.86	6586.27
296.23	6214.12
296.60	5650.05
296.97	6134.54
297.34	6857.77
297.71	8538.27
298.07	7002.88
298.44	5097.69
298.81	7496.74
299.18	7138.63
299.55	10038.56
299.91	6621.38
300.28	7026.29
300.65	5195.99
301.02	7358.64
301.39	7679.30
301.75	12739.54
302.12	7925.05
302.49	6658.82
302.86	9856.00
303.23	6869.47
303.59	5631.33
303.96	16205.87
304.33	9125.75
304.70	13846.61
305.06	6333.49
305.43	9680.46
305.80	7871.22
306.17	8631.90
306.53	6181.35
306.90	9039.15
307.27	6813.30
307.64	10068.98
308.00	6251.57
308.37	6097.10
308.74	11243.93
309.11	8547.64
309.47	6005.81
309.84	5472.17
310.21	6869.47
310.57	7145.66
310.94	6452.86
311.31	6853.09
311.67	7363.33
312.04	5238.12
312.41	9092.98
312.77	7740.15
313.14	6026.88
313.51	6651.80
313.87	6249.23
314.24	6083.05
314.61	6244.55
314.97	6197.74
315.34	6839.05
315.71	5509.62
316.07	8585.08
316.44	5530.69
316.81	8226.98
317.17	5893.47
317.54	14394.29
317.91	6148.59
318.27	5313.02
318.64	6548.82
319.00	8336.99
319.37	5369.19
319.74	8879.99
320.10	9123.41
320.47	6347.53
320.83	10326.44
321.20	6712.66
321.57	5724.95
321.93	6244.55
322.30	7005.22
322.66	5998.79
323.03	8283.16
323.40	7499.08
323.76	6176.67
324.13	6246.89
324.49	5308.34
324.86	17497.84
325.22	6897.56
325.59	6534.78
325.95	7463.97
326.32	9055.53
326.68	8643.60
327.05	6506.69
327.42	5863.04
327.78	6190.72
328.15	8971.27
328.51	6017.52
328.88	8152.09
329.24	10511.35
329.61	6925.65
329.97	8381.46
330.34	6141.57
330.70	7133.95
331.07	10134.52
331.43	8116.98
331.80	12416.54
332.16	9809.19
332.52	5844.32
332.89	7822.07
333.25	5268.55
333.62	11602.04
333.98	7152.68
334.35	6766.49
334.71	7002.88
335.08	5598.56
335.44	11293.08
335.81	11283.72
336.17	9708.54
336.53	6691.59
336.90	5858.36
337.26	8114.64
337.63	8774.67
337.99	7103.53
338.36	5631.33
338.72	8374.44
339.08	7148.00
339.45	5554.09
339.81	9071.92
340.18	6431.79
340.54	9689.82
340.90	6239.87
341.27	6705.63
341.63	7847.82
341.99	5156.20
342.36	9664.07
342.72	5636.01
343.09	10029.20
343.45	5998.79
343.81	10157.92
344.18	5357.49
344.54	6719.68
344.90	7375.03
345.27	7110.55
345.63	6626.06
345.99	8437.63
346.36	6993.52
346.72	5640.69
347.08	5776.44
347.45	5322.38
347.81	9369.16
348.17	7290.77
348.54	5504.94
348.90	8535.93
349.26	9268.52
349.62	10120.48
349.99	5242.80
350.35	5039.17
350.71	7620.78
351.08	6794.58
351.44	5025.13
351.80	12744.22
352.16	10918.60
352.53	5834.96
352.89	7878.24
353.25	10677.52
353.61	6293.70
353.98	8283.16
354.34	9565.77
354.70	6263.27
355.06	5195.99
355.43	6766.49
355.79	6665.85
356.15	6380.30
356.51	5811.55
356.88	5806.87
357.24	6586.27
357.60	5357.49
357.96	5032.15
358.32	14445.79
358.69	5226.42
359.05	7756.54
359.41	7075.44
359.77	5673.46
360.13	5998.79
360.49	5802.19
360.86	8355.71
361.22	10724.33
361.58	7389.07
361.94	10476.24
362.30	5729.63
362.66	8032.72
363.03	5097.69
363.39	5095.35
363.75	6059.65
364.11	9640.67
364.47	6078.37
364.83	10101.75
365.19	7229.91
365.56	8657.64
365.92	5116.41
366.28	8236.35
366.64	9308.31
367.00	5217.05
367.36	5275.57
367.72	9221.71
368.08	8800.41
368.44	6256.25
368.80	7974.21
369.17	6244.55
369.53	6551.16
369.89	5877.09
370.25	5652.39
370.61	5888.79
370.97	10473.90
371.33	6094.76
371.69	11992.90
372.05	7892.29
372.41	5572.82
372.77	6375.62
373.13	7150.34
373.49	4912.78
373.85	7655.89
374.21	7056.72
374.57	5680.48
374.93	8299.54
375.29	8688.07
375.65	7124.59
376.01	6909.26
376.37	9619.60
376.73	8215.28
377.09	5535.37
377.45	9369.16
377.81	6640.10
378.17	5650.05
378.53	5088.32
378.89	7997.61
379.25	10406.02
379.61	13408.93
379.97	8936.17
380.33	6150.93
380.69	5900.49
381.05	5518.98
381.41	8648.28
381.77	6792.23
382.13	8044.42
382.49	14345.14
382.85	7077.78
383.21	8486.78
383.57	5181.95
383.93	9987.07
384.28	4968.96
384.64	6232.85
385.00	7199.49
385.36	7030.97
385.72	8636.58
386.08	5837.30
386.44	8304.22
386.80	8578.06
387.16	10188.35
387.52	8973.61
387.87	12812.09
388.23	7777.60
388.59	6003.47
388.95	5357.49
389.31	6464.56
389.67	6427.11
390.03	6108.80
390.38	6270.30
390.74	4903.42
391.10	8973.61
391.46	7316.51
391.82	5809.21
392.18	7901.65
392.54	4784.06
392.89	5331.74
393.25	8018.68
393.61	5533.03
393.97	5521.32
394.33	7510.78
394.68	6333.49
395.04	5294.29
395.40	6972.46
395.76	8748.92
396.12	7122.25
396.47	5444.09
396.83	6651.80
397.19	5336.42
397.55	5565.79
397.90	6942.03
398.26	6909.26
398.62	5448.77
398.98	4786.40
399.33	6347.53
399.69	23807.93
400.05	7796.32
400.41	5586.86
400.76	8325.29
401.12	9734.29
401.48	7492.05
401.84	5785.80
402.19	6146.25
402.55	7403.11
402.91	6853.09
403.26	5071.94
403.62	7903.99
403.98	6843.73
404.34	4718.52
404.69	6715.00
405.05	8458.70
405.41	13390.20
405.76	5750.70
406.12	5750.70
406.48	6476.26
406.83	5959.00
407.19	8016.33
407.55	7604.40
407.90	13563.40
408.26	8065.49
408.62	8631.90
408.97	6780.53
409.33	5296.63
409.68	5589.20
410.04	7461.63
410.40	5783.46
410.75	7754.19
411.11	5710.91
411.47	7206.51
411.82	6368.60
412.18	6895.22
412.53	6452.86
412.89	5830.27
413.25	6478.60
413.60	6846.07
413.96	5069.60
414.31	6017.52
414.67	7026.29
415.03	5142.16
415.38	5493.24
415.74	6179.01
416.09	6333.49
416.45	8060.80
416.80	5680.48
417.16	8079.53
417.51	6527.75
417.87	6216.46
418.23	7538.87
418.58	7770.58
418.94	4767.67
419.29	5825.59
419.65	7304.81
420.00	8404.86
420.36	7899.31
420.71	7796.32
421.07	5343.44
421.42	6789.89
421.78	8669.34
422.13	6483.28
422.49	5322.38
422.84	7026.29
423.20	5039.17
423.55	5287.27
423.91	5350.46
424.26	13102.32
424.61	8009.31
424.97	10932.64
425.32	5870.06
425.68	6286.68
426.03	7339.92
426.39	9708.54
426.74	9530.66
427.10	9027.45
427.45	5888.79
427.80	7178.42
428.16	6504.35
428.51	6672.87
428.87	7304.81
429.22	9060.21
429.58	9731.95
429.93	9736.63
430.28	5856.02
430.64	5951.98
430.99	5144.50
431.35	7311.83
431.70	6359.24
432.05	6389.66
432.41	7695.68
432.76	7339.92
433.11	7712.07
433.47	7360.98
433.82	10097.07
434.17	7632.49
434.53	7637.17
434.88	13444.04
435.24	7295.45
435.59	7007.56
435.94	5521.32
436.30	7793.98
436.65	6232.85
437.00	9018.08
437.35	15279.02
437.71	6450.52
438.06	6104.12
438.41	6010.50
438.77	7571.63
439.12	5062.58
439.47	4603.83
439.83	7360.98
440.18	5217.05
440.53	6347.53
440.88	11609.06
441.24	8257.41
441.59	5624.31
441.94	6214.12
442.30	7712.07
442.65	11868.86
443.00	6649.46
443.35	9970.68
443.71	6286.68
444.06	8973.61
444.41	7658.23
444.76	10651.78
445.11	6794.58
445.47	9703.86
445.82	8744.24
446.17	5713.25
446.52	9731.95
446.88	6867.13
447.23	5088.32
447.58	7487.37
447.93	5708.57
448.28	27669.81
448.63	10242.18
448.99	6656.48
449.34	7962.50
449.69	8505.51
450.04	6024.54
450.39	5900.49
450.74	6832.02
451.10	6717.34
451.45	6956.07
451.80	7353.96
452.15	9439.38
452.50	7798.66
452.85	9352.78
453.21	8451.67
453.56	7316.51
453.91	6363.92
454.26	7192.47
454.61	5493.24
454.96	7934.42
455.31	6384.98
455.66	6019.86
456.01	7744.83
456.36	6136.88
456.72	5724.95
457.07	7314.17
457.42	9743.65
457.77	8732.54
458.12	5678.14
458.47	7059.06
458.82	9027.45
459.17	6834.36
459.52	6881.18
459.87	11239.25
460.22	5441.75
460.57	6738.40
460.92	5923.90
461.27	7880.58
461.62	6305.40
461.97	5661.76
462.32	11599.70
462.67	10448.15
463.02	12751.24
463.38	12980.61
463.73	8458.70
464.08	11700.34
464.43	7206.51
464.78	5385.57
465.12	7929.74
465.47	8163.79
465.82	27276.60
466.17	6249.23
466.52	8320.60
466.87	6139.23
467.22	5741.33
467.57	5078.96
467.92	7555.25
468.27	10593.26
468.62	14146.20
468.97	6494.99
469.32	4830.87
469.67	14925.60
470.02	13504.89
470.37	5951.98
470.72	7213.53
471.07	5212.37
471.42	6345.19
471.76	6511.37
472.11	6469.24
472.46	8093.57
472.81	14263.22
473.16	5743.67
473.51	5781.12
473.86	5146.84
474.21	6455.20
474.56	6160.29
474.90	6015.18
475.25	9202.99
475.60	8393.16
475.95	5790.49
476.30	10427.09
476.65	9778.76
477.00	14209.39
477.34	10616.67
477.69	5364.51
478.04	8730.20
478.39	7016.93
478.74	5710.91
479.09	4983.00
479.43	6874.15
479.78	4788.74
480.13	11674.59
480.48	9448.74
480.83	7000.54
481.17	5254.50
481.52	6946.71
481.87	6359.24
482.22	11344.58
482.57	6544.14
482.91	8788.71
483.26	7627.81
483.61	6125.18
483.96	7110.55
484.30	65535.00
484.65	12002.27
485.00	5603.24
485.35	6392.00
485.69	5682.82
486.04	6223.48
486.39	7155.02
486.74	7250.98
487.08	5135.14
487.43	7712.07
487.78	4952.57
488.12	7857.18
488.47	5804.53
488.82	9877.06
489.17	5692.18
489.51	5043.85
489.86	7646.53
490.21	5001.72
490.55	7272.04
490.90	5114.07
491.25	6076.03
491.59	5364.51
491.94	11971.84
492.29	6057.31
492.63	6602.65
492.98	4603.83
493.33	6902.24
493.67	5982.41
494.02	5343.44
494.37	5334.08
494.71	7892.29
495.06	5961.34
495.40	9987.07
495.75	5856.02
496.10	9778.76
496.44	6658.82
496.79	7779.94
497.13	5584.52
497.48	13514.25
497.83	9643.01
498.17	7903.99
498.52	5951.98
498.86	8276.13
499.21	6473.92
499.56	5558.77
499.90	6274.98
500.25	5083.64
500.59	6612.01
500.94	7433.54
501.28	8294.86
501.63	9149.15
501.97	6251.57
502.32	5591.54
502.67	7520.14
503.01	5029.81
503.36	5989.43
503.70	6057.31
504.05	7908.67
504.39	8798.07
504.74	6452.86
505.08	10171.97
505.43	4561.70
505.77	5341.10
506.12	7040.33
506.46	6181.35
506.81	5537.71
507.15	5582.18
507.49	6094.76
507.84	5483.88
508.18	7337.58
508.53	6899.90
508.87	6771.17
509.22	6265.61
509.56	65535.00
509.91	18471.51
510.25	6705.63
510.60	4828.53
510.94	8517.21
511.28	4858.95
511.63	9069.58
511.97	7389.07
512.32	8678.71
512.66	5514.30
513.00	6766.49
513.35	8973.61
513.69	5605.58
514.04	7950.80
514.38	8456.36
514.72	7068.42
515.07	5654.73
515.41	5542.39
515.76	5624.31
516.10	6724.36
516.44	8554.66
516.79	5858.36
517.13	5221.74
517.47	9025.11
517.82	7023.95
518.16	6431.79
518.50	6904.58
518.85	6993.52
519.19	9832.59
519.53	12711.45
519.88	8456.36
520.22	6370.94
520.56	6757.13
520.91	5184.29
521.25	5509.62
521.59	6616.69
521.93	7475.67
522.28	6502.01
522.62	7293.11
522.96	8744.24
523.31	6202.42
523.65	7742.49
523.99	8112.30
524.33	10824.98
524.68	7740.15
525.02	5303.65
525.36	7571.63
525.70	5022.79
526.05	5867.72
526.39	5439.40
526.73	8013.99
527.07	6984.16
527.41	10101.75
527.76	5481.53
528.10	6190.72
528.44	7730.79
528.78	6424.77
529.12	8109.96
529.47	6253.91
529.81	8784.03
530.15	8870.63
530.49	7749.51
530.83	4992.36
531.18	5235.78
531.52	6354.55
531.86	5116.41
532.20	6820.32
532.54	9149.15
532.88	4809.80
533.22	6328.81
533.57	6965.43
533.91	8917.44
534.25	5249.82
534.59	10387.30
534.93	8241.03
535.27	5305.99
535.61	6384.98
535.95	10303.04
536.30	5200.67
536.64	6602.65
536.98	4414.25
537.32	6274.98
537.66	4779.37
538.00	7709.72
538.34	7866.54
538.68	7859.52
539.02	10853.06
539.36	5968.37
539.70	5125.77
540.04	6466.90
540.39	18836.63
540.73	5624.31
541.07	6628.40
541.41	7330.56
541.75	7522.48
542.09	9500.23
542.43	7513.12
542.77	6743.08
543.11	7206.51
543.45	6801.60
543.79	8847.22
544.13	6356.90
544.47	6303.06
544.81	5537.71
545.15	7756.54
545.49	6452.86
545.83	5460.47
546.17	6115.82
546.51	4732.56
546.85	5949.64
547.19	10347.51
547.53	5146.84
547.87	8283.16
548.21	11440.54
548.54	6670.53
548.88	5741.33
549.22	5523.66
549.56	5078.96
549.90	5764.74
550.24	6595.63
550.58	5600.90
550.92	9158.52
551.26	6066.67
551.60	10368.57
551.94	6193.06
552.28	6157.95
552.61	7955.48
552.95	6331.15
553.29	5874.74
553.63	6970.12
553.97	10602.63
554.31	9001.70
554.65	9916.85
554.99	9736.63
555.32	6197.74
555.66	7658.23
556.00	4550.00
556.34	6260.93
556.68	7005.22
557.02	8793.39
557.36	7075.44
557.69	6607.33
558.03	5827.93
558.37	11850.13
558.71	14190.67
559.05	9956.64
559.38	10920.94
559.72	5687.50
560.06	8294.86
560.40	7934.42
560.74	9549.39
561.07	7658.23
561.41	8561.68
561.75	7651.21
562.09	5874.74
562.42	8601.47
562.76	7927.39
563.10	6890.54
563.44	23108.11
563.77	7344.60
564.11	7901.65
564.45	9427.68
564.79	7782.28
565.12	6963.09
565.46	7204.17
565.80	7370.35
566.14	7304.81
566.47	8877.65
566.81	5495.58
567.15	7012.24
567.48	7412.48
567.82	7960.16
568.16	7449.93
568.49	5675.80
568.83	5207.69
569.17	6825.00
569.50	7272.04
569.84	10139.20
570.18	7543.55
570.51	10848.38
570.85	6532.44
571.19	6263.27
571.52	5657.07
571.86	8978.30
572.20	6314.77
572.53	10349.85
572.87	5717.93
573.21	5441.75
573.54	5277.91
573.88	7232.26
574.21	6993.52
574.55	6703.29
574.89	9378.53
575.22	8622.53
575.56	5921.56
575.89	5839.64
576.23	6209.44
576.57	7382.05
576.90	5708.57
577.24	6993.52
577.57	5462.81
577.91	7389.07
578.24	5163.22
578.58	6633.08
578.91	7805.69
579.25	5715.59
579.59	6991.18
579.92	6417.75
580.26	5228.76
580.59	7513.12
580.93	7452.27
581.26	6169.65
581.60	7676.96
581.93	8018.68
582.27	10354.53
582.60	5460.47
582.94	7365.67
583.27	5357.49
583.61	6478.60
583.94	7126.93
584.28	5151.52
584.61	6244.55
584.94	7866.54
585.28	7683.98
585.61	8470.40
585.95	7988.25
586.28	11119.89
586.62	12444.63
586.95	6750.10
587.29	11618.42
587.62	14644.73
587.95	5439.40
588.29	7253.32
588.62	7974.21
588.96	8844.88
589.29	6251.57
589.62	6078.37
589.96	6516.05
590.29	6029.22
590.63	5149.18
590.96	8257.41
591.29	8620.19
591.63	9233.41
591.96	5432.38
592.29	6274.98
592.63	6092.41
592.96	7400.77
593.30	11105.84
593.63	7463.97
593.96	5633.67
594.30	6132.20
594.63	7522.48
594.96	11330.53
595.30	6724.36
595.63	6202.42
595.96	5905.17
596.29	7644.19
596.63	6321.79
596.96	8358.05
597.29	7672.28
597.63	5022.79
597.96	9830.25
598.29	9214.69
598.63	9104.68
598.96	5748.36
599.29	5963.68
599.62	5849.00
599.96	5839.64
600.29	6511.37
600.62	5554.09
600.95	5942.62
601.29	6516.05
601.62	7330.56
601.95	6792.23
602.28	5951.98
602.61	20297.13
602.95	6827.34
603.28	11419.47
603.61	5659.42
603.94	9029.79
604.27	5619.63
604.61	8016.33
604.94	7719.09
605.27	7307.15
605.60	5528.35
605.93	5975.39
606.27	8840.20
606.60	5692.18
606.93	5177.26
607.26	10630.71
607.59	6766.49
607.92	9219.37
608.26	6040.92
608.59	5830.27
608.92	6469.24
609.25	5514.30
609.58	7391.41
609.91	8072.51
610.24	12718.47
610.57	7698.02
610.90	9172.56
611.24	4994.70
611.57	5184.29
611.90	8627.21
612.23	6574.56
612.56	8514.87
612.89	8290.18
613.22	8514.87
613.55	5144.50
613.88	9135.11
614.21	5561.11
614.54	7513.12
614.87	5659.42
615.20	4798.10
615.53	9647.69
615.87	5909.85
616.20	6979.48
616.53	9680.46
616.86	6825.00
617.19	7658.23
617.52	6036.24
617.85	6193.06
618.18	5802.19
618.51	6265.61
618.84	8170.81
619.17	6534.78
619.50	10368.57
619.83	9811.53
620.16	8006.97
620.49	6005.81
620.82	13268.50
621.14	10410.70
621.47	6307.74
621.80	9242.78
622.13	7077.78
622.46	13956.61
622.79	8203.58
623.12	5331.74
623.45	8812.12
623.78	8142.72
624.11	5533.03
624.44	7356.30
624.77	5256.84
625.10	5764.74
625.43	5406.64
625.75	7047.35
626.08	5813.89
626.41	5556.43
626.74	6726.70
627.07	6258.59
627.40	11552.88
627.73	6097.10
628.06	5748.36
628.38	4709.16
628.71	8313.58
629.04	9430.02
629.37	8278.47
629.70	7042.67
630.03	5619.63
630.36	9406.61
630.68	8461.04
631.01	5914.53
631.34	10501.98
631.67	5980.07
632.00	4868.31
632.32	8571.04
632.65	9605.56
632.98	7255.66
633.31	6942.03
633.64	8793.39
633.96	5664.10
634.29	10267.93
634.62	7009.90
634.95	7382.05
635.27	7187.79
635.60	7969.52
635.93	7602.06
636.26	7452.27
636.58	6225.82
636.91	6197.74
637.24	5713.25
637.57	7094.16
637.89	7908.67
638.22	6073.69
638.55	6892.88
638.87	7295.45
639.20	8290.18
639.53	7620.78
639.86	5893.47
640.18	5591.54
640.51	7126.93
640.84	7583.34
641.16	5320.04
641.49	7246.30
641.82	5427.70
642.14	5558.77
642.47	13568.09
642.80	6682.23
643.12	8872.97
643.45	6614.35
643.78	7096.50
644.10	5947.30
644.43	6815.64
644.75	9788.12
645.08	5125.77
645.41	7693.34
645.73	5540.05
646.06	14246.84
646.39	8762.97
646.71	5963.68
647.04	5734.31
647.36	4938.53
647.69	8116.98
648.01	7084.80
648.34	5816.23
648.67	9418.32
648.99	9731.95
649.32	5820.91
649.64	5186.63
649.97	4561.70
650.29	5170.24
650.62	13907.46
650.94	7035.65
651.27	10633.05
651.59	6560.52
651.92	6026.88
652.25	7700.36
652.57	5603.24
652.90	5645.37
653.22	7311.83
653.55	7353.96
653.87	4863.63
654.20	7105.87
654.52	10501.98
654.84	6593.29
655.17	7845.48
655.49	10640.08
655.82	6312.42
656.14	7255.66
656.47	8095.91
656.79	11077.76
657.12	6352.21
657.44	6279.66
657.77	8329.97
658.09	7138.63
658.41	6691.59
658.74	8163.79
659.06	5345.78
659.39	6590.95
659.71	6019.86
660.03	6773.51
660.36	6335.83
660.68	9401.93
661.01	12599.10
661.33	10141.54
661.65	5926.24
661.98	13177.22
662.30	10178.99
662.63	7021.61
662.95	6303.06
663.27	5919.21
663.60	5336.42
663.92	6649.46
664.24	6579.25
664.57	5638.35
664.89	5961.34
665.21	6059.65
665.54	9130.43
665.86	7045.01
666.18	7403.11
666.51	9919.19
666.83	6209.44
667.15	14434.08
667.47	9282.56
667.80	7929.74
668.12	5738.99
668.44	7140.97
668.77	8397.84
669.09	9792.80
669.41	8568.70
669.73	5170.24
670.06	6801.60
670.38	6359.24
670.70	5198.33
671.02	8044.42
671.35	6129.86
671.67	10008.13
671.99	6504.35
672.31	9640.67
672.63	7510.78
672.96	10579.22
673.28	6186.04
673.60	7063.74
673.92	7091.82
674.24	5722.61
674.57	5891.13
674.89	9371.50
675.21	6511.37
675.53	8697.43
675.85	9551.73
676.17	9420.66
676.50	5717.93
676.82	9455.76
677.14	7197.15
677.46	14036.19
677.78	5226.42
678.10	9142.13
678.42	6729.04
678.75	6160.29
679.07	5483.88
679.39	6874.15
679.71	6282.00
680.03	6071.35
680.35	5975.39
680.67	6249.23
680.99	5839.64
681.31	5212.37
681.63	7793.98
681.96	9743.65
682.28	6174.33
682.60	5748.36
682.92	8013.99
683.24	5172.58
683.56	8421.25
683.88	6001.13
684.20	6551.16
684.52	6157.95
684.84	6160.29
685.16	6319.45
685.48	8498.49
685.80	7508.44
686.12	8454.02
686.44	11513.10
686.76	6686.91
687.08	5130.45
687.40	5619.63
687.72	8882.33
688.04	6525.41
688.36	14115.77
688.68	10675.18
689.00	7716.75
689.32	6403.71
689.64	6195.40
689.96	6707.98
690.28	9261.50
690.60	9799.82
690.92	5853.68
691.24	8023.36
691.56	6450.52
691.88	6602.65
692.19	5631.33
692.51	8943.19
692.83	7613.76
693.15	8634.24
693.47	7566.95
693.79	7255.66
694.11	9064.89
694.43	7740.15
694.75	6682.23
695.06	7314.17
695.38	9799.82
695.70	6963.09
696.02	7124.59
696.34	6202.42
696.66	6260.93
696.98	5041.51
697.29	6946.71
697.61	10684.55
697.93	9376.19
698.25	13238.07
698.57	7719.09
698.89	5273.23
699.20	6719.68
699.52	10597.95
699.84	4973.64
700.16	6679.89
700.48	10291.34
700.79	5673.46
701.11	11321.17
701.43	8957.23
701.75	6024.54
702.07	6509.03
702.38	11452.24
702.70	5863.04
703.02	5804.53
703.34	8388.48
703.65	7248.64
703.97	6588.61
704.29	4791.08
704.61	5652.39
704.92	8699.77
705.24	6340.51
705.56	8973.61
705.87	9451.08
706.19	6867.13
706.51	6523.07
706.82	9738.97
707.14	5935.60
707.46	5036.83
707.78	5654.73
708.09	8065.49
708.41	9228.73
708.73	7365.67
709.04	9645.35
709.36	6363.92
709.68	6895.22
709.99	12517.18
710.31	9820.89
710.62	6949.05
710.94	6370.94
711.26	7662.91
711.57	6476.26
711.89	5540.05
712.21	14724.31
712.52	7059.06
712.84	10162.61
713.15	7466.31
713.47	8753.60
713.79	5575.16
714.10	6026.88
714.42	6483.28
714.73	10391.98
715.05	5240.46
715.36	5528.35
715.68	5912.19
715.99	6427.11
716.31	9167.88
716.63	8126.34
716.94	9118.73
717.26	18944.30
717.57	9011.06
717.89	10942.00
718.20	6036.24
718.52	9069.58
718.83	6787.55
719.15	13855.97
719.46	13710.86
719.78	7386.73
720.09	6834.36
720.41	5834.96
720.72	5460.47
721.04	5692.18
721.35	6775.85
721.67	6663.51
721.98	6452.86
722.29	6303.06
722.61	6036.24
722.92	4961.94
723.24	6689.25
723.55	7243.96
723.87	7524.82
724.18	8571.04
724.50	5530.69
724.81	6698.61
725.12	7030.97
725.44	7985.91
725.75	7241.62
726.07	10256.23
726.38	7985.91
726.69	6452.86
727.01	8278.47
727.32	8805.10
727.63	6338.17
727.95	10281.97
728.26	6186.04
728.58	8535.93
728.89	6263.27
729.20	6878.83
729.52	5853.68
729.83	12994.65
730.14	8449.33
730.46	6752.45
730.77	9432.36
731.08	8241.03
731.39	6527.75
731.71	6974.80
732.02	8891.70
732.33	6951.39
732.65	6490.31
732.96	10389.64
733.27	8905.74
733.59	13654.69
733.90	9301.29
734.21	5717.93
734.52	6572.22
734.84	16301.83
735.15	6403.71
735.46	6679.89
735.77	7339.92
736.09	6986.50
736.40	10548.79
736.71	8709.13
737.02	5542.39
737.33	6377.96
737.65	6054.97
737.96	7166.72
738.27	7398.43
738.58	13029.76
738.89	8395.50
739.21	6127.52
739.52	5055.56
739.83	8390.82
740.14	5930.92
740.45	7138.63
740.76	6225.82
741.08	5530.69
741.39	6841.39
741.70	6342.85
742.01	7475.67
742.32	9921.53
742.63	7330.56
742.94	5795.17
743.26	8257.41
743.57	7845.48
743.88	9109.36
744.19	7599.72
744.50	6813.30
744.81	12177.81
745.12	6780.53
745.43	6911.60
745.74	14698.56
746.05	11126.91
746.36	5107.05
746.67	11925.03
746.99	6649.46
747.30	8161.45
747.61	6300.72
747.92	7564.61
748.23	9839.61
748.54	6644.78
748.85	6675.21
749.16	7126.93
749.47	5923.90
749.78	6251.57
750.09	6174.33
750.40	7894.63
750.71	7360.98
751.02	8168.47
751.33	6876.49
751.64	7934.42
751.95	7019.27
752.26	8461.04
752.57	8645.94
752.88	6567.54
753.19	7016.93
753.50	10078.35
753.81	6745.42
754.11	7059.06
754.42	16257.36
754.73	7283.75
755.04	7606.74
755.35	7578.65
755.66	13418.29
755.97	5776.44
756.28	5806.87
756.59	8402.52
756.90	16369.71
757.21	7964.84
757.52	10839.02
757.82	7913.35
758.13	6305.40
758.44	9554.07
758.75	8397.84
759.06	6179.01
759.37	5816.23
759.68	7751.85
759.98	6188.38
760.29	8465.72
760.60	7482.69
760.91	5305.99
761.22	6677.55
761.53	7328.22
761.83	6045.60
762.14	7220.55
762.45	6403.71
762.76	5568.13
763.07	8009.31
763.37	15658.18
763.68	10932.64
763.99	12580.38
764.30	11496.71
764.60	6296.04
764.91	9717.90
765.22	7396.09
765.53	12760.60
765.84	7637.17
766.14	6782.87
766.45	5310.68
766.76	10909.24
767.06	11573.95
767.37	6787.55
767.68	7129.27
767.99	6733.72
768.29	6157.95
768.60	7014.59
768.91	9682.80
769.21	12849.54
769.52	10459.85
769.83	6998.20
770.13	7253.32
770.44	6780.53
770.75	8697.43
771.05	7215.87
771.36	8650.62
771.67	7513.12
771.97	6658.82
772.28	6841.39
772.59	7606.74
772.89	9050.85
773.20	6188.38
773.51	6401.37
773.81	11323.51
774.12	5804.53
774.42	6923.30
774.73	5994.11
775.04	6015.18
775.34	20339.26
775.65	8147.40
775.95	12095.89
776.26	7866.54
776.56	6352.21
776.87	8210.60
777.18	64161.11
777.48	12196.53
777.79	7510.78
778.09	10569.86
778.40	6560.52
778.70	6672.87
779.01	10349.85
779.31	7267.36
779.62	6626.06
779.92	8748.92
780.23	8285.50
780.53	5551.75
780.84	6949.05
781.14	6487.96
781.45	6174.33
781.75	9125.75
782.06	6097.10
782.36	7875.90
782.67	6017.52
782.97	6277.32
783.28	12802.73
783.58	6696.27
783.89	6340.51
784.19	8219.96
784.49	12180.15
784.80	6946.71
785.10	12313.56
785.41	5811.55
785.71	8423.59
786.02	8086.55
786.32	13633.62
786.62	8924.46
786.93	11290.74
787.23	6502.01
787.54	6857.77
787.84	12088.87
788.14	8198.90
788.45	5343.44
788.75	8416.57
789.05	5753.04
789.36	6995.86
789.66	13504.89
789.96	8954.89
790.27	7225.23
790.57	7288.43
790.87	6157.95
791.18	6207.10
791.48	6122.84
791.78	8098.25
792.09	8636.58
792.39	6239.87
792.69	9200.65
793.00	8245.71
793.30	8723.18
793.60	5696.86
793.90	5144.50
794.21	8299.54
794.51	16561.63
794.81	10373.25
795.11	7358.64
795.42	6403.71
795.72	10991.16
796.02	8929.14
796.32	8077.19
796.63	8297.20
796.93	9865.36
797.23	8858.93
797.53	7789.30
797.84	9863.02
798.14	6186.04
798.44	7812.71
798.74	8479.76
799.04	7964.84
799.34	5912.19
799.65	15279.02
799.95	7592.70
800.25	6993.52
800.55	6656.48
800.85	7798.66
801.15	6157.95
801.46	7019.27
801.76	16989.95
802.06	6565.20
802.36	8924.46
802.66	6576.91
802.96	9057.87
803.26	10438.79
803.56	12837.84
803.87	15697.97
804.17	6974.80
804.47	9549.39
804.77	10024.51
805.07	10473.90
805.37	9474.49
805.67	8737.22
805.97	6874.15
806.27	7045.01
806.57	6707.98
806.87	11456.92
807.17	7716.75
807.47	10956.05
807.77	10583.90
808.07	6548.82
808.37	11005.20
808.67	7496.74
808.98	14883.47
809.28	6684.57
809.58	15321.15
809.88	10148.56
810.18	13748.31
810.47	6984.16
810.77	7014.59
811.07	8968.93
811.37	8222.30
811.67	6052.63
811.97	5338.76
812.27	6083.05
812.57	5324.72
812.87	6307.74
813.17	6080.71
813.47	6073.69
813.77	6764.15
814.07	6455.20
814.37	9614.92
814.67	6193.06
814.97	7063.74
815.27	6076.03
815.56	8454.02
815.86	10904.56
816.16	7901.65
816.46	5809.21
816.76	6129.86
817.06	10033.88
817.36	12142.70
817.66	7478.01
817.95	5916.87
818.25	8074.85
818.55	9736.63
818.85	9013.40
819.15	6562.86
819.45	12589.74
819.75	7246.30
820.04	7080.12
820.34	15372.64
820.64	9476.83
820.94	12147.38
821.24	6930.33
821.53	6911.60
821.83	6368.60
822.13	5839.64
822.43	6843.73
822.72	5685.16
823.02	6354.55
823.32	5919.21
823.62	7653.55
823.91	14228.12
824.21	5600.90
824.51	8318.26
824.81	6841.39
825.10	5612.60
825.40	9057.87
825.70	7431.20
826.00	12100.57
826.29	6445.84
826.59	7985.91
826.89	6689.25
827.18	6141.57
827.48	6258.59
827.78	5879.43
828.07	7501.42
828.37	9011.06
828.67	7871.22
828.96	7321.20
829.26	6218.80
829.56	10338.15
829.85	6413.07
830.15	8149.75
830.45	5628.99
830.74	11920.35
831.04	9064.89
831.34	9944.94
831.63	13018.06
831.93	9523.64
832.22	8858.93
832.52	7239.28
832.82	5928.58
833.11	5856.02
833.41	5966.03
833.70	6532.44
834.00	9930.89
834.29	7403.11
834.59	5514.30
834.89	8250.39
835.18	6633.08
835.48	12517.18
835.77	8805.10
836.07	8844.88
836.36	8456.36
836.66	9769.40
836.95	7108.21
837.25	6310.08
837.54	7194.81
837.84	6406.05
838.13	7456.95
838.43	6162.63
838.72	13025.08
839.02	10359.21
839.31	5994.11
839.61	10012.81
839.90	5619.63
840.20	7346.94
840.49	5776.44
840.78	7964.84
841.08	8936.17
841.37	6738.40
841.67	5767.08
841.96	8587.43
842.26	7756.54
842.55	5476.85
842.84	5870.06
843.14	9495.55
843.43	5746.02
843.73	7227.57
844.02	5610.26
844.31	6920.96
844.61	6560.52
844.90	7896.97
845.20	7379.71
845.49	5132.79
845.78	6518.39
846.08	5846.66
846.37	4938.53
846.66	8105.28
846.96	8526.57
847.25	8180.17
847.54	5467.49
847.84	8636.58
848.13	6820.32
848.42	9357.46
848.72	6150.93
849.01	8475.08
849.30	6300.72
849.59	5959.00
849.89	6193.06
850.18	11527.14
850.47	5872.40
850.76	15229.87
851.06	13888.74
851.35	8196.56
851.64	9411.29
851.93	7496.74
852.23	10265.59
852.52	6642.44
852.81	6380.30
853.10	6195.40
853.40	5233.44
853.69	5355.15
853.98	7148.00
854.27	9540.02
854.56	6441.15
854.86	8414.23
855.15	7431.20
855.44	7822.07
855.73	5296.63
856.02	6195.40
856.31	9104.68
856.61	8060.80
856.90	6595.63
857.19	5701.54
857.48	5490.90
857.77	5621.97
858.06	4959.60
858.35	5467.49
858.65	10778.17
858.94	8823.82
859.23	6825.00
859.52	8884.67
859.81	11101.16
860.10	6148.59
860.39	8762.97
860.68	7332.90
860.97	5788.14
861.26	6197.74
861.55	11482.67
861.85	7346.94
862.14	8924.46
862.43	9130.43
862.72	7473.33
863.01	5537.71
863.30	6525.41
863.59	6981.82
863.88	6841.39
864.17	7033.31
864.46	5996.45
864.75	13619.58
865.04	7353.96
865.33	5420.68
865.62	10216.44
865.91	6150.93
866.20	8491.46
866.49	6502.01
866.78	6808.62
867.07	6476.26
867.36	9547.05
867.65	9495.55
867.93	8524.23
868.22	7009.90
868.51	6647.12
868.80	7166.72
869.09	6785.21
869.38	5987.09
869.67	11796.30
869.96	11796.30
870.25	11796.30
