178.76	1750.72
179.14	1750.72
179.52	1750.72
179.90	1701.57
180.28	10415.38
180.66	6026.88
181.04	7976.55
181.42	7019.27
181.80	5982.41
182.18	10406.02
182.55	5724.95
182.93	7122.25
183.31	6848.41
183.69	7641.85
184.07	8023.36
184.45	6712.66
184.83	7030.97
185.21	6422.43
185.59	6668.19
185.97	15262.63
186.35	11550.54
186.72	6920.96
187.10	7066.08
187.48	11250.96
187.86	8779.35
188.24	6483.28
188.62	5891.13
189.00	10452.83
189.38	7719.09
189.75	7143.32
190.13	7691.00
190.51	6157.95
190.89	14576.86
191.27	20152.01
191.65	6995.86
192.03	7541.21
192.40	9937.91
192.78	7346.94
193.16	8482.10
193.54	11733.11
193.92	10317.08
194.30	6553.50
194.67	9282.56
195.05	8194.22
195.43	6991.18
195.81	6808.62
196.19	10286.65
196.56	7536.52
196.94	7094.16
197.32	11253.30
197.70	6443.49
198.08	8266.77
198.45	6724.36
198.83	7311.83
199.21	6499.67
199.59	11864.18
199.97	7992.93
200.34	5877.09
200.72	6509.03
201.10	13469.78
201.48	9537.68
201.85	6258.59
202.23	6754.79
202.61	6490.31
202.99	15349.23
203.36	6384.98
203.74	8973.61
204.12	6904.58
204.49	6326.47
204.87	8439.97
205.25	6972.46
205.63	5724.95
206.00	6291.36
206.38	7653.55
206.76	9128.09
207.14	6300.72
207.51	5692.18
207.89	10403.68
208.27	6230.51
208.64	5408.98
209.02	6630.74
209.40	6808.62
209.77	5469.83
210.15	15536.48
210.53	5851.34
210.90	11241.59
211.28	6087.73
211.66	11644.17
212.03	6305.40
212.41	5685.16
212.79	6942.03
213.16	5797.51
213.54	7452.27
213.92	7789.30
214.29	5530.69
214.67	6441.15
215.05	6766.49
215.42	8961.91
215.80	6644.78
216.17	6637.76
216.55	7581.00
216.93	5771.76
217.30	8709.13
217.68	6146.25
218.05	6523.07
218.43	6511.37
218.81	6703.29
219.18	10670.50
219.56	6642.44
219.93	6445.84
220.31	6347.53
220.69	5731.97
221.06	5973.05
221.44	7400.77
221.81	6188.38
222.19	5521.32
222.56	6026.88
222.94	6630.74
223.32	7372.69
223.69	6186.04
224.07	8552.32
224.44	12128.66
224.82	7300.13
225.19	8379.12
225.57	7555.25
225.94	6637.76
226.32	7162.04
226.69	11913.33
227.07	8451.67
227.44	6593.29
227.82	7791.64
228.19	7103.53
228.57	8552.32
228.94	11201.80
229.32	9275.54
229.69	8844.88
230.07	6871.81
230.44	6146.25
230.82	10841.36
231.19	9221.71
231.57	5720.27
231.94	5853.68
232.32	8954.89
232.69	6977.14
233.07	7426.52
233.44	8208.26
233.82	7000.54
234.19	7419.50
234.57	9860.68
234.94	6532.44
235.31	6885.86
235.69	7246.30
236.06	7653.55
236.44	8652.96
236.81	5977.73
237.19	8018.68
237.56	11527.14
237.93	6628.40
238.31	7609.08
238.68	7096.50
239.06	7822.07
239.43	8821.48
239.81	8161.45
240.18	6188.38
240.55	6457.54
240.93	12695.07
241.30	7716.75
241.67	7283.75
242.05	8657.64
242.42	9638.33
242.80	5961.34
243.17	7838.45
243.54	7744.83
243.92	9371.50
244.29	7414.82
244.66	7700.36
245.04	10118.14
245.41	15590.31
245.78	5994.11
246.16	6841.39
246.53	8968.93
246.90	7293.11
247.28	12814.43
247.65	7206.51
248.02	7260.34
248.40	9865.36
248.77	7674.62
249.14	8439.97
249.52	7096.50
249.89	8627.21
250.26	6380.30
250.64	7550.57
251.01	15124.54
251.38	5933.26
251.75	7325.88
252.13	6951.39
252.50	9100.00
252.87	13195.94
253.25	6127.52
253.62	8079.53
253.99	5977.73
254.36	9242.78
254.74	6825.00
255.11	6431.79
255.48	5750.70
255.85	13935.55
256.23	5914.53
256.60	5638.35
256.97	7023.95
257.34	8259.75
257.71	7672.28
258.09	6525.41
258.46	7810.37
258.83	11475.65
259.20	9635.99
259.58	7246.30
259.95	7323.54
260.32	9317.67
260.69	6324.13
261.06	10824.98
261.44	6396.68
261.81	13099.98
262.18	7932.08
262.55	6530.09
262.92	7660.57
263.29	6719.68
263.67	5928.58
264.04	6813.30
264.41	7222.89
264.78	6808.62
265.15	10200.05
265.52	12439.95
265.90	7850.16
266.27	6693.93
266.64	6022.20
267.01	5870.06
267.38	8425.93
267.75	6403.71
268.12	5633.67
268.50	7332.90
268.87	6597.97
269.24	6555.84
269.61	7997.61
269.98	8449.33
270.35	8250.39
270.72	6595.63
271.09	7379.71
271.46	7150.34
271.83	8234.00
272.21	9668.75
272.58	6572.22
272.95	6958.41
273.32	7911.01
273.69	7714.41
274.06	6258.59
274.43	6906.92
274.80	7693.34
275.17	8451.67
275.54	13334.03
275.91	8042.08
276.28	8018.68
276.65	8285.50
277.02	11632.46
277.39	7028.63
277.76	7080.12
278.13	9174.90
278.50	9336.40
278.87	11098.82
279.24	9984.73
279.61	9303.63
279.98	10516.03
280.35	7272.04
280.72	8365.07
281.09	7887.61
281.46	8458.70
281.83	7258.00
282.20	8870.63
282.57	7737.81
282.94	9170.22
283.31	7602.06
283.68	8788.71
284.05	6820.32
284.42	6497.33
284.79	8762.97
285.16	9565.77
285.53	8332.31
285.90	8369.76
286.27	15276.68
286.64	6738.40
287.01	7456.95
287.38	9865.36
287.75	57949.32
288.12	9619.60
288.49	17413.59
288.86	7171.40
289.23	7503.76
289.59	7480.35
289.96	7213.53
290.33	7679.30
290.70	7875.90
291.07	9675.77
291.44	9088.30
291.81	7274.38
292.18	8512.53
292.55	7960.16
292.91	13607.87
293.28	9577.47
293.65	11929.71
294.02	8868.29
294.39	6836.70
294.76	8205.92
295.13	8695.09
295.50	8138.04
295.86	8175.49
296.23	7641.85
296.60	7016.93
296.97	7831.43
297.34	8156.77
297.71	9982.38
298.07	8592.11
298.44	6502.01
298.81	8997.02
299.18	8643.60
299.55	11494.37
299.91	8107.62
300.28	8468.06
300.65	6569.88
301.02	8517.21
301.39	9100.00
301.75	14064.28
302.12	9254.48
302.49	8276.13
302.86	11417.13
303.23	8264.43
303.59	6846.07
303.96	17642.96
304.33	10567.52
304.70	15602.01
305.06	7634.83
305.43	11012.22
305.80	9132.77
306.17	9830.25
306.53	7410.14
306.90	10307.72
307.27	8124.00
307.64	11421.81
308.00	7398.43
308.37	7307.15
308.74	12772.30
309.11	9628.96
309.47	7290.77
309.84	6710.32
310.21	7901.65
310.57	8250.39
310.94	7522.48
311.31	8304.22
311.67	8500.83
312.04	6490.31
312.41	10422.41
312.77	8814.46
313.14	7211.19
313.51	7871.22
313.87	7314.17
314.24	7290.77
314.61	7213.53
314.97	7215.87
315.34	8009.31
315.71	6382.64
316.07	9727.27
316.44	6600.31
316.81	9418.32
317.17	6895.22
317.54	15587.97
317.91	7094.16
318.27	6232.85
318.64	7581.00
319.00	9240.44
319.37	6143.91
319.74	9877.06
320.10	9984.73
320.47	7274.38
320.83	11391.39
321.20	7660.57
321.57	6523.07
321.93	7110.55
322.30	7974.21
322.66	7040.33
323.03	9350.44
323.40	8444.65
323.76	7087.14
324.13	6923.30
324.49	6251.57
324.86	19056.64
325.22	7918.03
325.59	7585.68
325.95	8383.80
326.32	10017.49
326.68	9591.52
327.05	7550.57
327.42	6747.76
327.78	7073.10
328.15	9968.34
328.51	6937.35
328.88	8992.34
329.24	11435.86
329.61	7681.64
329.97	8997.02
330.34	6935.01
330.70	7662.91
331.07	11094.14
331.43	9001.70
331.80	13408.93
332.16	10541.77
332.52	6745.42
332.89	8723.18
333.25	6300.72
333.62	12561.66
333.98	7932.08
334.35	7456.95
334.71	7859.52
335.08	6377.96
335.44	12278.45
335.81	11985.88
336.17	10457.51
336.53	7597.38
336.90	6499.67
337.26	8809.78
337.63	9809.19
337.99	8067.83
338.36	6244.55
338.72	9289.59
339.08	7772.92
339.45	6310.08
339.81	9750.67
340.18	7155.02
340.54	10712.63
340.90	6775.85
341.27	7201.83
341.63	8557.00
341.99	5680.48
342.36	10642.42
342.72	6291.36
343.09	10590.92
343.45	6677.55
343.81	10686.89
344.18	6019.86
344.54	7417.16
344.90	8081.87
345.27	7763.56
345.63	7368.01
345.99	8957.23
346.36	7557.59
346.72	6298.38
347.08	6279.66
347.45	5750.70
347.81	10050.26
348.17	7819.73
348.54	6057.31
348.90	9109.36
349.26	9767.06
349.62	10616.67
349.99	5750.70
350.35	5418.34
350.71	7932.08
351.08	7459.29
351.44	5502.60
351.80	13348.08
352.16	11487.35
352.53	6406.05
352.89	8542.96
353.25	11197.12
353.61	6787.55
353.98	8872.97
354.34	10057.28
354.70	6530.09
355.06	5600.90
355.43	7417.16
355.79	6881.18
356.15	6785.21
356.51	6169.65
356.88	6335.83
357.24	7070.76
357.60	5788.14
357.96	5514.30
358.32	15080.07
358.69	5729.63
359.05	8161.45
359.41	7641.85
359.77	6120.50
360.13	6380.30
360.49	6345.19
360.86	8922.12
361.22	11171.38
361.58	7836.11
361.94	10841.36
362.30	5973.05
362.66	8573.38
363.03	5540.05
363.39	5619.63
363.75	6438.81
364.11	9930.89
364.47	6525.41
364.83	10602.63
365.19	7646.53
365.56	8968.93
365.92	5631.33
366.28	8676.37
366.64	9998.77
367.00	5696.86
367.36	5764.74
367.72	9975.36
368.08	9568.11
368.44	6691.59
368.80	8430.61
369.17	6707.98
369.53	7101.19
369.89	6237.53
370.25	6132.20
370.61	6633.08
370.97	10939.66
371.33	6815.64
371.69	12575.70
372.05	8390.82
372.41	6113.48
372.77	6712.66
373.13	7613.76
373.49	5357.49
373.85	8297.20
374.21	7520.14
374.57	6040.92
374.93	8849.57
375.29	9121.07
375.65	7552.91
376.01	7590.36
376.37	10225.80
376.73	8446.99
377.09	5933.26
377.45	9895.78
377.81	7119.91
378.17	6204.76
378.53	5526.00
378.89	8402.52
379.25	11059.03
379.61	14104.07
379.97	9385.55
380.33	6658.82
380.69	6403.71
381.05	5863.04
381.41	9174.90
381.77	7405.46
382.13	8559.34
382.49	14485.58
382.85	7520.14
383.21	8887.01
383.57	5549.41
383.93	10558.16
384.28	5460.47
384.64	6700.95
385.00	7735.47
385.36	7330.56
385.72	8889.35
386.08	6069.01
386.44	8847.22
386.80	8849.57
387.16	10736.04
387.52	9647.69
387.87	13437.02
388.23	7997.61
388.59	6438.81
388.95	5659.42
389.31	6843.73
389.67	6846.07
390.03	6490.31
390.38	6675.21
390.74	5224.08
391.10	9289.59
391.46	7637.17
391.82	6289.02
392.18	8297.20
392.54	5329.40
392.89	5951.98
393.25	8388.48
393.61	5926.24
393.97	5760.06
394.33	7932.08
394.68	6979.48
395.04	5736.65
395.40	7449.93
395.76	8980.64
396.12	7683.98
396.47	6122.84
396.83	7063.74
397.19	5879.43
397.55	5989.43
397.90	7447.58
398.26	7360.98
398.62	5851.34
398.98	5254.50
399.33	6848.41
399.69	23784.52
400.05	8437.63
400.41	6120.50
400.76	8765.31
401.12	9989.41
401.48	7779.94
401.84	6223.48
402.19	6544.14
402.55	7964.84
402.91	7318.86
403.26	5455.79
403.62	8234.00
403.98	7201.83
404.34	4966.62
404.69	7119.91
405.05	9011.06
405.41	14001.08
405.76	6050.28
406.12	6197.74
406.48	6764.15
406.83	6277.32
407.19	8383.80
407.55	8030.38
407.90	13830.23
408.26	8538.27
408.62	9198.31
408.97	7218.21
409.33	5612.60
409.68	5867.72
410.04	7810.37
410.40	6118.16
410.75	8222.30
411.11	6043.26
411.47	7536.52
411.82	6729.04
412.18	7330.56
412.53	6780.53
412.89	6230.51
413.25	6846.07
413.60	7222.89
413.96	5427.70
414.31	6387.32
414.67	7279.07
415.03	5502.60
415.38	5813.89
415.74	6511.37
416.09	6560.52
416.45	8566.36
416.80	6094.76
417.16	8470.40
417.51	6946.71
417.87	6581.59
418.23	7660.57
418.58	7983.57
418.94	5219.39
419.29	6129.86
419.65	7702.70
420.00	8826.16
420.36	7929.74
420.71	8248.05
421.07	5851.34
421.42	7054.37
421.78	9259.16
422.13	6686.91
422.49	5563.45
422.84	7239.28
423.20	5327.06
423.55	5628.99
423.91	5535.37
424.26	13596.17
424.61	8273.79
424.97	10993.50
425.32	5984.75
425.68	6677.55
426.03	7590.36
426.39	9891.10
426.74	9724.93
427.10	9228.73
427.45	6134.54
427.80	7461.63
428.16	6923.30
428.51	6876.49
428.87	7775.26
429.22	9359.80
429.58	9898.13
429.93	9998.77
430.28	6118.16
430.64	6169.65
430.99	5280.25
431.35	7473.33
431.70	6509.03
432.05	6712.66
432.41	8049.10
432.76	7782.28
433.11	7960.16
433.47	7609.08
433.82	10408.36
434.17	8056.12
434.53	7805.69
434.88	13792.78
435.24	7653.55
435.59	7335.24
435.94	5636.01
436.30	7962.50
436.65	6438.81
437.00	9334.06
437.35	15742.44
437.71	6644.78
438.06	6179.01
438.41	6113.48
438.77	7763.56
439.12	5387.91
439.47	4952.57
439.83	7669.94
440.18	5296.63
440.53	6462.22
440.88	11702.68
441.24	8512.53
441.59	5652.39
441.94	6567.54
442.30	8147.40
442.65	12018.65
443.00	6949.05
443.35	10083.03
443.71	6562.86
444.06	9401.93
444.41	7845.48
444.76	11152.65
445.11	6930.33
445.47	9795.14
445.82	8802.75
446.17	5877.09
446.52	10071.33
446.88	7197.15
447.23	5132.79
447.58	7585.68
447.93	6001.13
448.28	28489.00
448.63	10607.31
448.99	6766.49
449.34	8320.60
449.69	8695.09
450.04	6209.44
450.39	6078.37
450.74	6988.84
451.10	6712.66
451.45	7035.65
451.80	7651.21
452.15	9879.40
452.50	8201.24
452.85	9598.54
453.21	8800.41
453.56	7604.40
453.91	6588.61
454.26	7169.06
454.61	5820.91
454.96	8067.83
455.31	6579.25
455.66	6296.04
456.01	7864.20
456.36	6338.17
456.72	5949.64
457.07	7597.38
457.42	10012.81
457.77	8975.95
458.12	5774.10
458.47	7386.73
458.82	9408.95
459.17	7035.65
459.52	7129.27
459.87	11440.54
460.22	5540.05
460.57	6967.77
460.92	6207.10
461.27	7995.27
461.62	6551.16
461.97	5696.86
462.32	11737.79
462.67	10272.61
463.02	13184.24
463.38	12891.67
463.73	8655.30
464.08	12025.67
464.43	7417.16
464.78	5446.43
465.12	8021.02
465.47	8397.84
465.82	26803.82
466.17	6401.37
466.52	8421.25
466.87	6235.19
467.22	6026.88
467.57	5291.95
467.92	7676.96
468.27	10677.52
468.62	14382.59
468.97	6558.18
469.32	4875.34
469.67	14995.81
470.02	13720.22
470.37	5998.79
470.72	7400.77
471.07	5322.38
471.42	6558.18
471.76	6764.15
472.11	6609.67
472.46	8201.24
472.81	14445.79
473.16	5879.43
473.51	6005.81
473.86	5179.61
474.21	6438.81
474.56	6162.63
474.90	6181.35
475.25	9544.70
475.60	8606.15
475.95	6001.13
476.30	10731.36
476.65	9893.44
477.00	14436.42
477.34	10839.02
477.69	5628.99
478.04	9214.69
478.39	7246.30
478.74	5741.33
479.09	5327.06
479.43	6930.33
479.78	4931.51
480.13	11831.41
480.48	9921.53
480.83	7136.29
481.17	5352.81
481.52	7115.23
481.87	6324.13
482.22	11211.17
482.57	6686.91
482.91	8922.12
483.26	7707.38
483.61	6413.07
483.96	7456.95
484.30	65535.00
484.65	12182.49
485.00	5867.72
485.35	6588.61
485.69	5785.80
486.04	6483.28
486.39	7510.78
486.74	7311.83
487.08	5261.52
487.43	7918.03
487.78	5032.15
488.12	8124.00
488.47	5980.07
488.82	10422.41
489.17	5762.40
489.51	5247.48
489.86	7648.87
490.21	5224.08
490.55	7478.01
490.90	5266.21
491.25	6207.10
491.59	5446.43
491.94	12140.36
492.29	6207.10
492.63	6899.90
492.98	4730.22
493.33	7087.14
493.67	6113.48
494.02	5474.51
494.37	5479.19
494.71	8180.17
495.06	6026.88
495.40	10314.74
495.75	5940.28
496.10	10104.09
496.44	6745.42
496.79	8013.99
497.13	5673.46
497.48	13884.06
497.83	10033.88
498.17	7882.92
498.52	5877.09
498.86	8484.44
499.21	6555.84
499.56	5757.72
499.90	6499.67
500.25	5116.41
500.59	6663.51
500.94	7632.49
501.28	8446.99
501.63	9406.61
501.97	6394.34
502.32	5565.79
502.67	7557.59
503.01	5268.55
503.36	6263.27
503.70	6092.41
504.05	8182.51
504.39	8807.44
504.74	6375.62
505.08	10576.88
505.43	4826.18
505.77	5413.66
506.12	7353.96
506.46	6429.45
506.81	5720.27
507.15	5659.42
507.49	6153.27
507.84	5706.23
508.18	7428.86
508.53	7005.22
508.87	7007.56
509.22	6434.13
509.56	65535.00
509.91	18663.43
510.25	6822.66
510.60	4919.81
510.94	8610.83
511.28	4828.53
511.63	9198.31
511.97	7494.40
512.32	8879.99
512.66	5547.07
513.00	6825.00
513.35	9212.35
513.69	5626.65
514.04	8266.77
514.38	8332.31
514.72	7417.16
515.07	5680.48
515.41	5708.57
515.76	5750.70
516.10	6967.77
516.44	8596.79
516.79	6118.16
517.13	5373.87
517.47	9158.52
517.82	7056.72
518.16	6494.99
518.50	7049.69
518.85	7258.00
519.19	9982.38
519.53	12713.79
519.88	8603.81
520.22	6312.42
520.56	6916.28
520.91	5231.10
521.25	5474.51
521.59	6621.38
521.93	7679.30
522.28	6553.50
522.62	7279.07
522.96	8795.73
523.31	6359.24
523.65	7758.88
523.99	8395.50
524.33	11052.01
524.68	7957.82
525.02	5301.31
525.36	7733.13
525.70	5116.41
526.05	5841.98
526.39	5493.24
526.73	8021.02
527.07	7061.40
527.41	10260.91
527.76	5806.87
528.10	6258.59
528.44	7569.29
528.78	6560.52
529.12	8198.90
529.47	6401.37
529.81	8739.56
530.15	9020.42
530.49	8018.68
530.83	4812.14
531.18	5542.39
531.52	6506.69
531.86	5322.38
532.20	7063.74
532.54	9397.25
532.88	4800.44
533.22	6476.26
533.57	5954.32
533.91	8992.34
534.25	5345.78
534.59	10485.60
534.93	8486.78
535.27	5727.29
535.61	6342.85
535.95	10492.62
536.30	5287.27
536.64	6731.38
536.98	4550.00
537.32	6300.72
537.66	5064.92
538.00	7892.29
538.34	8039.74
538.68	7852.50
539.02	11185.42
539.36	6120.50
539.70	5287.27
540.04	6623.72
540.39	19126.86
540.73	5598.56
541.07	6801.60
541.41	7480.35
541.75	7588.02
542.09	9645.35
542.43	7641.85
542.77	6923.30
543.11	7571.63
543.45	6768.83
543.79	9121.07
544.13	6420.09
544.47	6483.28
544.81	5668.78
545.15	7997.61
545.49	6612.01
545.83	5556.43
546.17	6380.30
546.51	4741.93
546.85	5900.49
547.19	10525.39
547.53	5242.80
547.87	8524.23
548.21	11595.01
548.54	6902.24
548.88	6003.47
549.22	5746.02
549.56	5219.39
549.90	5954.32
550.24	6846.07
550.58	5708.57
550.92	9408.95
551.26	6164.97
551.60	10759.44
551.94	6232.85
552.28	6399.02
552.61	8077.19
552.95	6492.65
553.29	5994.11
553.63	7073.10
553.97	10883.49
554.31	9132.77
554.65	10143.88
554.99	9940.26
555.32	6221.14
555.66	7644.19
556.00	4765.33
556.34	6633.08
556.68	7133.95
557.02	8992.34
557.36	7143.32
557.69	6822.66
558.03	6019.86
558.37	12145.04
558.71	14216.41
559.05	10033.88
559.38	11108.18
559.72	5853.68
560.06	8545.30
560.40	8201.24
560.74	9619.60
561.07	7920.37
561.41	8709.13
561.75	7784.62
562.09	6078.37
562.42	8847.22
562.76	8035.06
563.10	7033.31
563.44	23222.80
563.77	7473.33
564.11	7992.93
564.45	9621.94
564.79	8067.83
565.12	7119.91
565.46	7393.75
565.80	7489.71
566.14	7480.35
566.47	9029.79
566.81	5678.14
567.15	7335.24
567.48	7698.02
567.82	8236.35
568.16	7503.76
568.49	5902.83
568.83	5486.22
569.17	6864.79
569.50	7564.61
569.84	10541.77
570.18	7737.81
570.51	11133.93
570.85	6935.01
571.19	6583.93
571.52	5849.00
571.86	9352.78
572.20	6317.11
572.53	10504.32
572.87	5919.21
573.21	5537.71
573.54	5455.79
573.88	7611.42
574.21	7047.35
574.55	6747.76
574.89	9769.40
575.22	9015.74
575.56	6078.37
575.89	6099.44
576.23	6558.18
576.57	7691.00
576.90	5895.81
577.24	7398.43
577.57	5659.42
577.91	7442.90
578.24	5331.74
578.58	6595.63
578.91	8058.46
579.25	5827.93
579.59	7047.35
579.92	6698.61
580.26	5561.11
580.59	7770.58
580.93	7494.40
581.26	6450.52
581.60	7920.37
581.93	8287.84
582.27	10689.23
582.60	5593.88
582.94	7393.75
583.27	5479.19
583.61	6523.07
583.94	7335.24
584.28	5317.70
584.61	6455.20
584.94	7903.99
585.28	7915.69
585.61	8599.13
585.95	8175.49
586.28	11304.79
586.62	12762.94
586.95	6956.07
587.29	11655.87
587.62	14986.45
587.95	5650.05
588.29	7398.43
588.62	8175.49
588.96	9195.96
589.29	6193.06
589.62	6052.63
589.96	6644.78
590.29	6214.12
590.63	5240.46
590.96	8519.55
591.29	8791.05
591.63	9502.58
591.96	5533.03
592.29	6464.56
592.63	6214.12
592.96	7613.76
593.30	11545.86
593.63	7641.85
593.96	5912.19
594.30	6441.15
594.63	7721.43
594.96	11456.92
595.30	6981.82
595.63	6441.15
595.96	6176.67
596.29	7691.00
596.63	6473.92
596.96	8702.11
597.29	8039.74
597.63	5195.99
597.96	9942.60
598.29	9479.17
598.63	9160.86
598.96	5893.47
599.29	6059.65
599.62	6129.86
599.96	6005.81
600.29	6675.21
600.62	5809.21
600.95	6298.38
601.29	6745.42
601.62	7470.99
601.95	6944.37
602.28	6047.94
602.61	18757.05
602.95	6960.75
603.28	11611.40
603.61	5898.15
603.94	9275.54
604.27	5879.43
604.61	8397.84
604.94	7861.86
605.27	7534.18
605.60	5664.10
605.93	6260.93
606.27	9200.65
606.60	5893.47
606.93	5430.04
607.26	10740.72
607.59	7162.04
607.92	9680.46
608.26	6235.19
608.59	6073.69
608.92	6878.83
609.25	5685.16
609.58	7524.82
609.91	8198.90
610.24	13116.36
610.57	7976.55
610.90	9481.51
611.24	5327.06
611.57	5364.51
611.90	8840.20
612.23	6949.05
612.56	8767.65
612.89	8475.08
613.22	8634.24
613.55	5376.21
613.88	9284.91
614.21	5799.85
614.54	7955.48
614.87	5989.43
615.20	4842.57
615.53	9867.70
615.87	6193.06
616.20	7166.72
616.53	9802.16
616.86	7014.59
617.19	8109.96
617.52	6169.65
617.85	6333.49
618.18	6040.92
618.51	6555.84
618.84	8428.27
619.17	6813.30
619.50	10513.69
619.83	10108.77
620.16	8334.65
620.49	6415.41
620.82	13607.87
621.14	10380.28
621.47	7541.21
621.80	9565.77
622.13	7360.98
622.46	14310.04
622.79	8383.80
623.12	5533.03
623.45	9198.31
623.78	8540.61
624.11	5781.12
624.44	7850.16
624.77	5638.35
625.10	6024.54
625.43	5600.90
625.75	7218.21
626.08	6118.16
626.41	5633.67
626.74	7021.61
627.07	6579.25
627.40	11934.39
627.73	6413.07
628.06	5944.96
628.38	4856.61
628.71	8711.47
629.04	9736.63
629.37	8423.59
629.70	7389.07
630.03	5841.98
630.36	9614.92
630.68	8821.48
631.01	6202.42
631.34	10576.88
631.67	6284.34
632.00	4983.00
632.32	8784.03
632.65	9863.02
632.98	7573.97
633.31	7052.03
633.64	9060.21
633.96	5853.68
634.29	10532.41
634.62	7239.28
634.95	7660.57
635.27	7466.31
635.60	8250.39
635.93	7674.62
636.26	7866.54
636.58	6480.94
636.91	6277.32
637.24	6069.01
637.57	7232.26
637.89	8016.33
638.22	6363.92
638.55	7222.89
638.87	7716.75
639.20	8580.40
639.53	7955.48
639.86	6193.06
640.18	5738.99
640.51	7323.54
640.84	7705.04
641.16	5570.48
641.49	7648.87
641.82	5680.48
642.14	5806.87
642.47	13591.49
642.80	6949.05
643.12	9125.75
643.45	7007.56
643.78	7173.74
644.10	6122.84
644.43	6949.05
644.75	10087.71
645.08	5350.46
645.41	8067.83
645.73	5984.75
646.06	14691.54
646.39	8894.04
646.71	6207.10
647.04	5996.45
647.36	5137.48
647.69	8489.12
648.01	7309.49
648.34	6125.18
648.67	9586.83
648.99	9975.36
649.32	6047.94
649.64	5369.19
649.97	4734.90
650.29	5380.89
650.62	14071.30
650.94	7229.91
651.27	10902.22
651.59	6829.68
651.92	6061.99
652.25	7964.84
652.57	5820.91
652.90	5827.93
653.22	7447.58
653.55	7456.95
653.87	4980.66
654.20	7353.96
654.52	10883.49
654.84	6782.87
655.17	7864.20
655.49	11044.99
655.82	6445.84
656.14	7517.80
656.47	8388.48
656.79	11410.11
657.12	6572.22
657.44	6473.92
657.77	8798.07
658.09	7346.94
658.41	6768.83
658.74	8404.86
659.06	5500.26
659.39	6693.93
659.71	6160.29
660.03	6986.50
660.36	6590.95
660.68	9652.37
661.01	12879.97
661.33	10394.32
661.65	6284.34
661.98	13544.68
662.30	10230.48
662.63	6965.43
662.95	6565.20
663.27	6181.35
663.60	5537.71
663.92	6796.92
664.24	6640.10
664.57	5774.10
664.89	6125.18
665.21	6202.42
665.54	9238.09
665.86	7145.66
666.18	7339.92
666.51	10019.83
666.83	6286.68
667.15	14590.90
667.47	9392.57
667.80	8053.78
668.12	5895.81
668.44	6974.80
668.77	8463.38
669.09	9860.68
669.41	8760.63
669.73	5270.89
670.06	6991.18
670.38	6579.25
670.70	5305.99
671.02	8023.36
671.35	6190.72
671.67	10335.81
671.99	6487.96
672.31	9816.21
672.63	7538.87
672.96	10703.27
673.28	6373.28
673.60	7206.51
673.92	7016.93
674.24	5961.34
674.57	6031.56
674.89	9554.07
675.21	6722.02
675.53	8931.48
675.85	9708.54
676.17	9856.00
676.50	5781.12
676.82	9551.73
677.14	7300.13
677.46	14101.73
677.78	5303.65
678.10	9273.20
678.42	6897.56
678.75	6174.33
679.07	5572.82
679.39	6951.39
679.71	6422.43
680.03	6319.45
680.35	6197.74
680.67	6551.16
680.99	5818.57
681.31	5254.50
681.63	7936.76
681.96	9860.68
682.28	6239.87
682.60	5860.70
682.92	8339.33
683.24	5228.76
683.56	8507.85
683.88	6122.84
684.20	6658.82
684.52	6417.75
684.84	6183.70
685.16	6375.62
685.48	8854.25
685.80	7576.31
686.12	8458.70
686.44	11515.44
686.76	6672.87
687.08	5177.26
687.40	5633.67
687.72	8851.91
688.04	6654.14
688.36	14080.66
688.68	10665.82
689.00	7719.09
689.32	6455.20
689.64	6174.33
689.96	6832.02
690.28	9635.99
690.60	9919.19
690.92	5912.19
691.24	8121.66
691.56	6581.59
691.88	6738.40
692.19	5795.17
692.51	8875.31
692.83	7672.28
693.15	8648.28
693.47	7831.43
693.79	7393.75
694.11	9350.44
694.43	7840.79
694.75	6750.10
695.06	7428.86
695.38	9881.74
695.70	7166.72
696.02	7105.87
696.34	6242.21
696.66	6314.77
696.98	5139.82
697.29	7157.36
697.61	10965.41
697.93	9661.73
698.25	13233.39
698.57	7777.60
698.89	5298.97
699.20	6616.69
699.52	10675.18
699.84	4999.38
700.16	6885.86
700.48	10061.96
700.79	5757.72
701.11	11442.88
701.43	8990.00
701.75	6127.52
702.07	6684.57
702.38	11480.33
702.70	5923.90
703.02	5802.19
703.34	8322.94
703.65	7351.62
703.97	6583.93
704.29	4746.61
704.61	5650.05
704.92	8990.00
705.24	6574.56
705.56	9266.18
705.87	9682.80
706.19	6984.16
706.51	6700.95
706.82	9748.33
707.14	5879.43
707.46	5184.29
707.78	5760.06
708.09	8252.73
708.41	9556.41
708.73	7524.82
709.04	9755.35
709.36	6406.05
709.68	7068.42
709.99	12765.28
710.31	9989.41
710.62	7197.15
710.94	6466.90
711.26	7847.82
711.57	6483.28
711.89	5544.73
712.21	14885.81
712.52	7059.06
712.84	10356.87
713.15	7499.08
713.47	8690.41
713.79	5376.21
714.10	6012.84
714.42	6743.08
714.73	10413.04
715.05	5390.25
715.36	5731.97
715.68	6008.16
715.99	6476.26
716.31	9284.91
716.63	8112.30
716.94	9135.11
717.26	18977.06
717.57	9151.49
717.89	11178.40
718.20	5982.41
718.52	9137.45
718.83	6822.66
719.15	14080.66
719.46	13675.75
719.78	7585.68
720.09	6864.79
720.41	5813.89
720.72	5563.45
721.04	5664.10
721.35	6733.72
721.67	6780.53
721.98	6569.88
722.29	6331.15
722.61	5998.79
722.92	5001.72
723.24	6579.25
723.55	7339.92
723.87	7501.42
724.18	8505.51
724.50	5638.35
724.81	6895.22
725.12	6967.77
725.44	7936.76
725.75	7325.88
726.07	10169.63
726.38	8074.85
726.69	6607.33
727.01	8557.00
727.32	8851.91
727.63	6368.60
727.95	10382.62
728.26	6328.81
728.58	8596.79
728.89	6286.68
729.20	6977.14
729.52	5643.03
729.83	13207.64
730.14	8376.78
730.46	6979.48
730.77	9607.90
731.08	8482.10
731.39	6703.29
731.71	7101.19
732.02	8917.44
732.33	7019.27
732.65	6630.74
732.96	10413.04
733.27	9193.62
733.59	13818.52
733.90	9465.13
734.21	5535.37
734.52	6551.16
734.84	16657.59
735.15	6523.07
735.46	6621.38
735.77	7346.94
736.09	6937.35
736.40	10698.59
736.71	8800.41
737.02	5465.15
737.33	6544.14
737.65	6083.05
737.96	7129.27
738.27	7468.65
738.58	13102.32
738.89	8442.31
739.21	6305.40
739.52	5088.32
739.83	8374.44
740.14	5977.73
740.45	7199.49
740.76	6310.08
741.08	5607.92
741.39	6876.49
741.70	6300.72
742.01	7646.53
742.32	9706.20
742.63	7384.39
742.94	5959.00
743.26	8236.35
743.57	8065.49
743.88	8898.72
744.19	7578.65
744.50	6745.42
744.81	12264.41
745.12	6951.39
745.43	6927.99
745.74	14867.08
746.05	11225.21
746.36	5114.07
746.67	11730.76
746.99	6640.10
747.30	8329.97
747.61	6298.38
747.92	7543.55
748.23	10005.79
748.54	6752.45
748.85	6717.34
749.16	7330.56
749.47	5781.12
749.78	6403.71
750.09	6387.32
750.40	7882.92
750.71	7426.52
751.02	8229.32
751.33	6771.17
751.64	7964.84
751.95	7023.95
752.26	8470.40
752.57	8446.99
752.88	6672.87
753.19	7133.95
753.50	10347.51
753.81	6693.93
754.11	7103.53
754.42	16360.34
754.73	7328.22
755.04	7735.47
755.35	7609.08
755.66	13284.88
755.97	5771.76
756.28	5799.85
756.59	8245.71
756.90	16739.51
757.21	8067.83
757.52	10803.91
757.82	7864.20
758.13	6244.55
758.44	9537.68
758.75	8379.12
759.06	6223.48
759.37	5717.93
759.68	7796.32
759.98	6193.06
760.29	8409.54
760.60	7625.47
760.91	5322.38
761.22	6876.49
761.53	7363.33
761.83	6083.05
762.14	7171.40
762.45	6305.40
762.76	5462.81
763.07	8088.89
763.37	15489.67
763.68	10942.00
763.99	12695.07
764.30	11389.05
764.60	6303.06
764.91	9806.84
765.22	7438.22
765.53	12847.20
765.84	7775.26
766.14	6986.50
766.45	5378.55
766.76	10785.19
767.06	11719.06
767.37	6665.85
767.68	7211.19
767.99	6754.79
768.29	6359.24
768.60	7105.87
768.91	9706.20
769.21	12688.04
769.52	10729.02
769.83	7061.40
770.13	7108.21
770.44	6712.66
770.75	8737.22
771.05	7351.62
771.36	8695.09
771.67	7421.84
771.97	6733.72
772.28	6874.15
772.59	7501.42
772.89	9160.86
773.20	6399.02
773.51	6438.81
773.81	11297.77
774.12	5839.64
774.42	7152.68
774.73	6019.86
775.04	6038.58
775.34	20943.11
775.65	8351.03
775.95	12135.68
776.26	8166.13
776.56	6588.61
776.87	8147.40
777.18	65535.00
777.48	17238.05
777.79	7473.33
778.09	10527.73
778.40	6626.06
778.70	6583.93
779.01	10530.07
779.31	7468.65
779.62	6623.72
779.92	8805.10
780.23	8535.93
780.53	5645.37
780.84	6993.52
781.14	6520.73
781.45	6333.49
781.75	9104.68
782.06	6162.63
782.36	7772.92
782.67	5982.41
782.97	6122.84
783.28	12868.27
783.58	6649.46
783.89	6331.15
784.19	8376.78
784.49	12266.75
784.80	7063.74
785.10	12617.83
785.41	5909.85
785.71	8454.02
786.02	8128.68
786.32	13664.05
786.62	9071.92
786.93	11733.11
787.23	6597.97
787.54	6832.02
787.84	12189.51
788.14	8273.79
788.45	5296.63
788.75	9610.24
789.05	5856.02
789.36	6925.65
789.66	13425.31
789.96	8945.53
790.27	7517.80
790.57	7995.27
790.87	6066.67
791.18	6246.89
791.48	6164.97
791.78	8016.33
792.09	8456.36
792.39	6270.30
792.69	9238.09
793.00	8187.19
793.30	8578.06
793.60	5619.63
793.90	5383.23
794.21	8102.93
794.51	16833.13
794.81	10637.73
795.11	7183.10
795.42	6279.66
795.72	11253.30
796.02	9139.79
796.32	8236.35
796.63	8465.72
796.93	9900.47
797.23	8812.12
797.53	7721.43
797.84	10204.74
798.14	6232.85
798.44	7957.82
798.74	8465.72
799.04	7901.65
799.34	5717.93
799.65	15573.92
799.95	7712.07
800.25	6916.28
800.55	6663.51
800.85	7765.90
801.15	6291.36
801.46	7115.23
801.76	17137.40
802.06	6492.65
802.36	9118.73
802.66	6621.38
802.96	8961.91
803.26	10279.63
803.56	12896.35
803.87	15782.23
804.17	7131.61
804.47	9481.51
804.77	10258.57
805.07	10415.38
805.37	9212.35
805.67	8711.47
805.97	6801.60
806.27	7091.82
806.57	6651.80
806.87	11208.83
807.17	7742.49
807.47	11047.33
807.77	10733.70
808.07	6604.99
808.37	11311.81
808.67	7449.93
808.98	14944.32
809.28	6932.67
809.58	15283.70
809.88	10094.73
810.18	14328.76
810.47	6972.46
810.77	7054.37
811.07	8940.85
811.37	8269.11
811.67	5982.41
811.97	5294.29
812.27	5963.68
812.57	5310.68
812.87	6382.64
813.17	6200.08
813.47	6193.06
813.77	6766.49
814.07	6466.90
814.37	9760.03
814.67	6251.57
814.97	7077.78
815.27	6122.84
815.56	8421.25
815.86	11005.20
816.16	7873.56
816.46	5741.33
816.76	6059.65
817.06	9970.68
817.36	12231.64
817.66	7571.63
817.95	5886.45
818.25	8124.00
818.55	9781.10
818.85	9146.81
819.15	6478.60
819.45	12760.60
819.75	7143.32
820.04	7185.44
820.34	15122.20
820.64	9575.13
820.94	12163.76
821.24	6930.33
821.53	6923.30
821.83	6485.62
822.13	5776.44
822.43	6766.49
822.72	5657.07
823.02	6267.95
823.32	6024.54
823.62	7819.73
823.91	14413.02
824.21	5624.31
824.51	8224.64
824.81	6731.38
825.10	5572.82
825.40	8964.25
825.70	7475.67
826.00	12063.12
826.29	6555.84
826.59	8011.65
826.89	6815.64
827.18	6230.51
827.48	6380.30
827.78	5760.06
828.07	7246.30
828.37	9032.13
828.67	7985.91
828.96	7499.08
829.26	6354.55
829.56	10455.17
829.85	6544.14
830.15	8156.77
830.45	5544.73
830.74	11936.73
831.04	8945.53
831.34	9771.74
831.63	13067.21
831.93	9486.19
832.22	9135.11
832.52	7138.63
832.82	5715.59
833.11	5954.32
833.41	6101.78
833.70	6361.58
834.00	10026.86
834.29	7555.25
834.59	5446.43
834.89	8201.24
835.18	6927.99
835.48	12379.09
835.77	8887.01
836.07	8823.82
836.36	8774.67
836.66	9930.89
836.95	7187.79
837.25	6246.89
837.54	7129.27
837.84	6494.99
838.13	7672.28
838.43	6211.78
838.72	13231.05
839.02	10363.89
839.31	6090.07
839.61	10181.33
839.90	5533.03
840.20	7360.98
840.49	5769.42
840.78	7925.05
841.08	8837.86
841.37	6574.56
841.67	5816.23
841.96	8498.49
842.26	7882.92
842.55	5605.58
842.84	5975.39
843.14	9584.49
843.43	5514.30
843.73	7201.83
844.02	5570.48
844.31	6836.70
844.61	6492.65
844.90	8035.06
845.20	7393.75
845.49	5184.29
845.78	6658.82
846.08	5696.86
846.37	4954.91
846.66	8374.44
846.96	8645.94
847.25	8011.65
847.54	5664.10
847.84	8746.58
848.13	6904.58
848.42	9376.19
848.72	6216.46
849.01	8695.09
849.30	6298.38
849.59	6071.35
849.89	6342.85
850.18	11695.66
850.47	5884.11
850.76	15400.72
851.06	13841.93
851.35	8219.96
851.64	9397.25
851.93	7452.27
852.23	10319.42
852.52	6731.38
852.81	6541.80
853.10	6277.32
853.40	5310.68
853.69	5305.99
853.98	7056.72
854.27	9320.01
854.56	6506.69
854.86	8329.97
855.15	7452.27
855.44	7733.13
855.73	5289.61
856.02	6363.92
856.31	9408.95
856.61	8049.10
856.90	6640.10
857.19	5671.12
857.48	5556.43
857.77	5746.02
858.06	4854.27
858.35	5530.69
858.65	10916.26
858.94	8814.46
859.23	6885.86
859.52	8720.84
859.81	11421.81
860.10	6349.87
860.39	8753.60
860.68	7250.98
860.97	5809.21
861.26	6097.10
861.55	11344.58
861.85	7220.55
862.14	8739.56
862.43	9160.86
862.72	7492.05
863.01	5406.64
863.30	6504.35
863.59	7138.63
863.88	6937.35
864.17	7019.27
864.46	5907.51
864.75	13884.06
865.04	7475.67
865.33	5722.61
865.62	10391.98
865.91	6298.38
866.20	8358.05
866.49	6539.46
866.78	6588.61
867.07	6476.26
867.36	9628.96
867.65	9437.04
867.93	8491.46
868.22	7269.70
868.51	6773.51
868.80	7311.83
869.09	6949.05
869.38	6022.20
869.67	11852.47
869.96	11852.47
870.25	11852.47
