178.76	1680.50
179.14	1680.50
179.52	1680.50
179.90	1626.67
180.28	11243.93
180.66	6272.64
181.04	8662.32
181.42	7407.80
181.80	6384.98
182.18	11456.92
182.55	5923.90
182.93	7309.49
183.31	7136.29
183.69	8109.96
184.07	8351.03
184.45	7096.50
184.83	7428.86
185.21	6733.72
185.59	7061.40
185.97	16849.52
186.35	12449.31
186.72	7101.19
187.10	7365.67
187.48	11836.09
187.86	9170.22
188.24	6693.93
188.62	6394.34
189.00	11272.02
189.38	8077.19
189.75	7676.96
190.13	8194.22
190.51	6485.62
190.89	15417.11
191.27	21359.73
191.65	7103.53
192.03	7936.76
192.40	10537.09
192.78	7808.03
193.16	9057.87
193.54	12573.36
193.92	11000.52
194.30	6759.47
194.67	9603.22
195.05	8542.96
195.43	7510.78
195.81	7094.16
196.19	10899.87
196.56	7859.52
196.94	7555.25
197.32	11850.13
197.70	6586.27
198.08	8802.75
198.45	6843.73
198.83	7660.57
199.21	6736.06
199.59	12727.83
199.97	8222.30
200.34	6003.47
200.72	6696.27
201.10	14207.05
201.48	10429.43
201.85	6504.35
202.23	6986.50
202.61	6747.76
202.99	16294.81
203.36	6700.95
203.74	9268.52
204.12	7398.43
204.49	6539.46
204.87	8898.72
205.25	7129.27
205.63	5951.98
206.00	6499.67
206.38	8070.17
206.76	9788.12
207.14	6633.08
207.51	5827.93
207.89	10942.00
208.27	6499.67
208.64	5500.26
209.02	6829.68
209.40	7138.63
209.77	5729.63
210.15	16690.36
210.53	5884.11
210.90	11342.24
211.28	6347.53
211.66	12271.43
212.03	6539.46
212.41	5809.21
212.79	7349.28
213.16	6083.05
213.54	7803.35
213.92	7957.82
214.29	5678.14
214.67	6785.21
215.05	6909.26
215.42	9423.00
215.80	6878.83
216.17	6731.38
216.55	7943.78
216.93	5816.23
217.30	9100.00
217.68	6567.54
218.05	6869.47
218.43	6581.59
218.81	6967.77
219.18	11672.25
219.56	6876.49
219.93	6647.12
220.31	6574.56
220.69	5961.34
221.06	6080.71
221.44	7611.42
221.81	6377.96
222.19	5741.33
222.56	6244.55
222.94	6899.90
223.32	7838.45
223.69	6499.67
224.07	9242.78
224.44	12688.04
224.82	7688.66
225.19	8545.30
225.57	7482.69
225.94	6649.46
226.32	7318.86
226.69	12388.46
227.07	8767.65
227.44	6883.52
227.82	8114.64
228.19	7096.50
228.57	8863.61
228.94	11805.66
229.32	9856.00
229.69	9118.73
230.07	6794.58
230.44	6193.06
230.82	11115.20
231.19	9511.94
231.57	5600.90
231.94	5944.96
232.32	9399.59
232.69	6846.07
233.07	7548.23
233.44	8170.81
233.82	7136.29
234.19	7585.68
234.57	10207.08
234.94	6574.56
235.31	6754.79
235.69	7225.23
236.06	7646.53
236.44	8741.90
236.81	5886.45
237.19	8149.75
237.56	11903.96
237.93	6539.46
238.31	7803.35
238.68	7068.42
239.06	7676.96
239.43	8936.17
239.81	8140.38
240.18	5954.32
240.55	6359.24
240.93	13268.50
241.30	7995.27
241.67	7260.34
242.05	8802.75
242.42	9860.68
242.80	5895.81
243.17	8044.42
243.54	7765.90
243.92	9284.91
244.29	7075.44
244.66	7555.25
245.04	10319.42
245.41	16421.20
245.78	5963.68
246.16	6815.64
246.53	8905.74
246.90	7140.97
247.28	13076.57
247.65	7052.03
248.02	7300.13
248.40	10141.54
248.77	7662.91
249.14	8571.04
249.52	6855.43
249.89	8655.30
250.26	6340.51
250.64	7639.51
251.01	15812.66
251.38	5863.04
251.75	7531.84
252.13	7042.67
252.50	9284.91
252.87	13610.22
253.25	5942.62
253.62	8037.40
253.99	5853.68
254.36	9427.68
254.74	6693.93
255.11	6258.59
255.48	5518.98
255.85	14494.94
256.23	5919.21
256.60	5483.88
256.97	7110.55
257.34	8397.84
257.71	7735.47
258.09	6462.22
258.46	7934.42
258.83	11496.71
259.20	10043.24
259.58	7201.83
259.95	7206.51
260.32	9558.75
260.69	6026.88
261.06	11131.59
261.44	6392.00
261.81	13303.60
262.18	7946.12
262.55	6492.65
262.92	7384.39
263.29	6436.47
263.67	5792.83
264.04	6834.36
264.41	6970.12
264.78	6534.78
265.15	10452.83
265.52	12732.51
265.90	7534.18
266.27	6567.54
266.64	5839.64
267.01	5533.03
267.38	8170.81
267.75	6314.77
268.12	5369.19
268.50	6988.84
268.87	6504.35
269.24	6314.77
269.61	7822.07
269.98	8393.16
270.35	8149.75
270.72	6169.65
271.09	6988.84
271.46	6712.66
271.83	7995.27
272.21	9366.82
272.58	6022.20
272.95	6361.58
273.32	7365.67
273.69	7431.20
274.06	5612.60
274.43	6274.98
274.80	7204.17
275.17	7934.42
275.54	11609.06
275.91	7461.63
276.28	7318.86
276.65	7695.68
277.02	11375.00
277.39	6200.08
277.76	6284.34
278.13	8510.19
278.50	8896.38
278.87	10736.04
279.24	9233.41
279.61	8470.40
279.98	9785.78
280.35	6396.68
280.72	7508.44
281.09	7094.16
281.46	7396.09
281.83	6129.86
282.20	8044.42
282.57	6588.61
282.94	8088.89
283.31	6583.93
283.68	7911.01
284.05	5811.55
284.42	5280.25
284.79	7772.92
285.16	8540.61
285.53	7225.23
285.90	7433.54
286.27	14850.70
286.64	5479.19
287.01	6270.30
287.38	8566.36
287.75	59391.09
288.12	8704.45
288.49	16882.28
288.86	6043.26
289.23	6176.67
289.59	6272.64
289.96	5968.37
290.33	6354.55
290.70	6576.91
291.07	8430.61
291.44	8006.97
291.81	5884.11
292.18	7335.24
292.55	6693.93
292.91	12798.05
293.28	8376.78
293.65	11117.54
294.02	7929.74
294.39	5750.70
294.76	7150.34
295.13	7307.15
295.50	7059.06
295.86	7103.53
296.23	6396.68
296.60	5795.17
296.97	6590.95
297.34	7023.95
297.71	9071.92
298.07	7398.43
298.44	5423.02
298.81	8011.65
299.18	7510.78
299.55	10773.49
299.91	7117.57
300.28	9944.94
300.65	5533.03
301.02	7618.44
301.39	8182.51
301.75	13666.39
302.12	8231.66
302.49	7094.16
302.86	10513.69
303.23	7328.22
303.59	6010.50
303.96	17238.05
304.33	9750.67
304.70	14897.51
305.06	6661.16
305.43	10300.70
305.80	8353.37
306.17	8997.02
306.53	6377.96
306.90	9432.36
307.27	7276.73
307.64	10633.05
308.00	6466.90
308.37	6527.75
308.74	12035.03
309.11	8901.06
309.47	6310.08
309.84	5547.07
310.21	7215.87
310.57	7653.55
310.94	6726.70
311.31	7356.30
311.67	7943.78
312.04	5551.75
312.41	9848.97
312.77	8219.96
313.14	6436.47
313.51	6942.03
313.87	6602.65
314.24	6494.99
314.61	6452.86
314.97	6773.51
315.34	7386.73
315.71	5586.86
316.07	9128.09
316.44	5947.30
316.81	8744.24
317.17	6377.96
317.54	15625.42
317.91	6555.84
318.27	5376.21
318.64	6869.47
319.00	8868.29
319.37	5441.75
319.74	9280.22
320.10	9518.96
320.47	6698.61
320.83	11063.71
321.20	6963.09
321.57	5998.79
321.93	6497.33
322.30	7676.96
322.66	6342.85
323.03	8795.73
323.40	8112.30
323.76	6494.99
324.13	6504.35
324.49	5448.77
324.86	18991.11
325.22	7461.63
325.59	7236.94
325.95	7948.46
326.32	9561.09
326.68	9170.22
327.05	7108.21
327.42	6059.65
327.78	6448.18
328.15	9387.89
328.51	6427.11
328.88	8695.09
329.24	11349.26
329.61	7311.83
329.97	8777.01
330.34	6473.92
330.70	7339.92
331.07	10689.23
331.43	8414.23
331.80	13575.11
332.16	10270.27
332.52	6204.76
332.89	8369.76
333.25	5518.98
333.62	12538.25
333.98	7337.58
334.35	7049.69
334.71	7375.03
335.08	5841.98
335.44	12304.20
335.81	12386.12
336.17	10483.26
336.53	7119.91
336.90	6106.46
337.26	8507.85
337.63	9565.77
337.99	7892.29
338.36	5921.56
338.72	8924.46
339.08	7639.51
339.45	5879.43
339.81	9626.62
340.18	6782.87
340.54	10413.04
340.90	6359.24
341.27	7122.25
341.63	8367.42
341.99	5434.72
342.36	10464.54
342.72	6083.05
343.09	10743.06
343.45	6328.81
343.81	10827.32
344.18	5603.24
344.54	7119.91
344.90	7939.10
345.27	7566.95
345.63	7227.57
345.99	9043.83
346.36	7489.71
346.72	6045.60
347.08	6087.73
347.45	5586.86
347.81	9991.75
348.17	7796.32
348.54	5804.53
348.90	9261.50
349.26	9867.70
349.62	10839.02
349.99	5462.81
350.35	5245.14
350.71	7726.11
351.08	7473.33
351.44	5341.10
351.80	13631.28
352.16	11920.35
352.53	5998.79
352.89	8601.47
353.25	11201.80
353.61	6644.78
353.98	8671.68
354.34	10298.36
354.70	6576.91
355.06	5261.52
355.43	7344.60
355.79	6860.11
356.15	6860.11
356.51	6164.97
356.88	6125.18
357.24	6960.75
357.60	5734.31
357.96	5387.91
358.32	15653.50
358.69	5483.88
359.05	8196.56
359.41	7616.10
359.77	6029.22
360.13	6153.27
360.49	6132.20
360.86	9048.51
361.22	11379.68
361.58	7913.35
361.94	11269.68
362.30	5858.36
362.66	8557.00
363.03	5336.42
363.39	5437.06
363.75	6272.64
364.11	10265.59
364.47	6443.49
364.83	10567.52
365.19	7639.51
365.56	9102.34
365.92	5303.65
366.28	8966.59
366.64	10083.03
367.00	5432.38
367.36	5605.58
367.72	10115.80
368.08	9385.55
368.44	6438.81
368.80	8479.76
369.17	6576.91
369.53	6909.26
369.89	6132.20
370.25	6057.31
370.61	6366.26
370.97	10920.94
371.33	6630.74
371.69	13156.15
372.05	8451.67
372.41	5905.17
372.77	6614.35
373.13	7655.89
373.49	5142.16
373.85	8257.41
374.21	7831.43
374.57	5879.43
374.93	8739.56
375.29	9383.21
375.65	7562.27
376.01	7269.70
376.37	10441.13
376.73	8725.52
377.09	5863.04
377.45	10125.16
377.81	6895.22
378.17	5951.98
378.53	5301.31
378.89	8545.30
379.25	11206.48
379.61	14576.86
379.97	9427.68
380.33	6597.97
380.69	6267.95
381.05	5806.87
381.41	9238.09
381.77	7337.58
382.13	7873.56
382.49	15016.88
382.85	7562.27
383.21	8992.34
383.57	5341.10
383.93	10590.92
384.28	5301.31
384.64	6586.27
385.00	7588.02
385.36	7494.40
385.72	9219.37
386.08	6298.38
386.44	9001.70
386.80	9156.18
387.16	11033.29
387.52	9802.16
387.87	14197.69
388.23	8056.12
388.59	6157.95
388.95	5551.75
389.31	6883.52
389.67	6787.55
390.03	6300.72
390.38	6604.99
390.74	5132.79
391.10	9724.93
391.46	7946.12
391.82	6083.05
392.18	8308.90
392.54	4992.36
392.89	5706.23
393.25	8589.77
393.61	5813.89
393.97	5589.20
394.33	7829.09
394.68	6857.77
395.04	5458.13
395.40	7309.49
395.76	9369.16
396.12	7529.50
396.47	5893.47
396.83	7131.61
397.19	5734.31
397.55	5959.00
397.90	7482.69
398.26	7335.24
398.62	5692.18
398.98	4947.89
399.33	6871.81
399.69	24985.22
400.05	8444.65
400.41	5858.36
400.76	8950.21
401.12	10366.23
401.48	7976.55
401.84	6157.95
402.19	6445.84
402.55	7805.69
402.91	7229.91
403.26	5399.62
403.62	8575.72
403.98	7227.57
404.34	4961.94
404.69	7070.76
405.05	9235.75
405.41	14448.13
405.76	6008.16
406.12	6069.01
406.48	7019.27
406.83	6230.51
407.19	8386.14
407.55	8009.31
407.90	14396.64
408.26	8458.70
408.62	9404.27
408.97	7143.32
409.33	5462.81
409.68	5856.02
410.04	7662.91
410.40	6005.81
410.75	8217.62
411.11	5907.51
411.47	7691.00
411.82	6628.40
412.18	7222.89
412.53	6806.28
412.89	6214.12
413.25	6993.52
413.60	7272.04
413.96	5350.46
414.31	6448.18
414.67	7461.63
415.03	5408.98
415.38	5785.80
415.74	6469.24
416.09	6853.09
416.45	8765.31
416.80	6052.63
417.16	8615.51
417.51	6977.14
417.87	6307.74
418.23	8081.87
418.58	8454.02
418.94	4978.32
419.29	6003.47
419.65	7709.72
420.00	8929.14
420.36	8451.67
420.71	8355.71
421.07	5689.84
421.42	7213.53
421.78	9296.61
422.13	6792.23
422.49	5453.45
422.84	7442.90
423.20	5256.84
423.55	5647.71
423.91	5584.52
424.26	14080.66
424.61	8273.79
424.97	11693.32
425.32	6059.65
425.68	6853.09
426.03	7688.66
426.39	10242.18
426.74	10047.92
427.10	9448.74
427.45	6157.95
427.80	7857.18
428.16	6906.92
428.51	6977.14
428.87	7885.26
429.22	9446.40
429.58	10558.16
429.93	10279.63
430.28	6022.20
430.64	6256.25
430.99	5329.40
431.35	7625.47
431.70	6579.25
432.05	6916.28
432.41	8320.60
432.76	7936.76
433.11	7948.46
433.47	7887.61
433.82	10841.36
434.17	8210.60
434.53	7920.37
434.88	14232.80
435.24	7878.24
435.59	7426.52
435.94	5764.74
436.30	8489.12
436.65	6331.15
437.00	9778.76
437.35	16671.64
437.71	6815.64
438.06	6469.24
438.41	6242.21
438.77	8070.17
439.12	5313.02
439.47	4978.32
439.83	7805.69
440.18	5261.52
440.53	6593.29
440.88	12475.06
441.24	8641.26
441.59	5874.74
441.94	6583.93
442.30	8367.42
442.65	12910.40
443.00	7243.96
443.35	10494.96
443.71	6757.13
444.06	9511.94
444.41	8175.49
444.76	11712.04
445.11	7126.93
445.47	10485.60
445.82	9116.39
446.17	5919.21
446.52	10619.01
446.88	7225.23
447.23	5320.04
447.58	7990.59
447.93	6054.97
448.28	30096.95
448.63	10878.81
448.99	7080.12
449.34	8589.77
449.69	9048.51
450.04	6352.21
450.39	6251.57
450.74	7169.06
451.10	7045.01
451.45	7335.24
451.80	7625.47
452.15	10289.00
452.50	8327.63
452.85	9895.78
453.21	9156.18
453.56	7962.50
453.91	6771.17
454.26	7442.90
454.61	5806.87
454.96	8278.47
455.31	6764.15
455.66	6480.94
456.01	8067.83
456.36	6457.54
456.72	5980.07
457.07	7920.37
457.42	10595.61
457.77	9329.38
458.12	5851.34
458.47	7386.73
458.82	9757.69
459.17	7265.02
459.52	7452.27
459.87	12215.26
460.22	5713.25
460.57	7178.42
460.92	6190.72
461.27	8325.29
461.62	6890.54
461.97	5825.59
462.32	12381.43
462.67	10843.70
463.02	14106.41
463.38	13680.43
463.73	9078.94
464.08	12666.98
464.43	7702.70
464.78	5837.30
465.12	8259.75
465.47	8800.41
465.82	28369.63
466.17	6436.47
466.52	8982.98
466.87	6331.15
467.22	6031.56
467.57	5268.55
467.92	7948.46
468.27	11342.24
468.62	15229.87
468.97	6864.79
469.32	5050.88
469.67	16245.66
470.02	14431.74
470.37	6291.36
470.72	7618.44
471.07	5453.45
471.42	6869.47
471.76	7129.27
472.11	6719.68
472.46	8594.45
472.81	15372.64
473.16	6174.33
473.51	6230.51
473.86	5275.57
474.21	6935.01
474.56	6480.94
474.90	6305.40
475.25	9745.99
475.60	9043.83
475.95	6267.95
476.30	11442.88
476.65	10560.50
477.00	15618.39
477.34	11485.01
477.69	5734.31
478.04	9706.20
478.39	7375.03
478.74	6012.84
479.09	6146.25
479.43	7255.66
479.78	4915.12
480.13	12587.40
480.48	10127.50
480.83	7265.02
481.17	5455.79
481.52	7440.56
481.87	6637.76
482.22	12035.03
482.57	6808.62
482.91	9394.91
483.26	8154.43
483.61	6668.19
483.96	7742.49
484.30	65535.00
484.65	12849.54
485.00	5951.98
485.35	6785.21
485.69	5905.17
486.04	6686.91
486.39	7793.98
486.74	7751.85
487.08	5387.91
487.43	8126.34
487.78	5029.81
488.12	8355.71
488.47	6321.79
488.82	10663.48
489.17	5937.94
489.51	5198.33
489.86	8229.32
490.21	5277.91
490.55	7852.50
490.90	5408.98
491.25	6668.19
491.59	5530.69
491.94	13200.62
492.29	6445.84
492.63	7297.79
492.98	4828.53
493.33	7368.01
493.67	6345.19
494.02	5533.03
494.37	5687.50
494.71	8542.96
495.06	6270.30
495.40	10532.41
495.75	6106.46
496.10	10710.29
496.44	6984.16
496.79	8561.68
497.13	5881.77
497.48	14635.37
497.83	10473.90
498.17	8339.33
498.52	6211.78
498.86	8901.06
499.21	6817.98
499.56	5968.37
499.90	6604.99
500.25	5430.04
500.59	7016.93
500.94	7871.22
501.28	8950.21
501.63	9966.00
501.97	6700.95
502.32	5832.62
502.67	7981.23
503.01	5399.62
503.36	6380.30
503.70	6380.30
504.05	8428.27
504.39	9207.67
504.74	6909.26
505.08	11019.24
505.43	4877.68
505.77	5483.88
506.12	7522.48
506.46	6696.27
506.81	6026.88
507.15	5863.04
507.49	6469.24
507.84	5860.70
508.18	7866.54
508.53	7480.35
508.87	7407.80
509.22	6555.84
509.56	65535.00
509.91	19578.58
510.25	7248.64
510.60	5001.72
510.94	9172.56
511.28	4945.55
511.63	9724.93
511.97	7913.35
512.32	9247.46
512.66	5879.43
513.00	7281.41
513.35	9563.43
513.69	5530.69
514.04	8575.72
514.38	8849.57
514.72	7756.54
515.07	6132.20
515.41	6024.54
515.76	6050.28
516.10	7211.19
516.44	9137.45
516.79	6331.15
517.13	5476.85
517.47	9551.73
517.82	7473.33
518.16	6827.34
518.50	7234.60
518.85	7632.49
519.19	10408.36
519.53	13844.27
519.88	9069.58
520.22	6764.15
520.56	7140.97
520.91	5448.77
521.25	5621.97
521.59	6895.22
521.93	8177.83
522.28	6675.21
522.62	7932.08
522.96	9404.27
523.31	6773.51
523.65	8116.98
523.99	8882.33
524.33	11676.93
524.68	8135.70
525.02	5504.94
525.36	7988.25
525.70	5224.08
526.05	6186.04
526.39	5750.70
526.73	8695.09
527.07	7398.43
527.41	10932.64
527.76	5870.06
528.10	6696.27
528.44	8112.30
528.78	7061.40
529.12	8697.43
529.47	6747.76
529.81	9434.70
530.15	9563.43
530.49	8400.18
530.83	5043.85
531.18	5598.56
531.52	6881.18
531.86	5378.55
532.20	7201.83
532.54	9919.19
532.88	4880.02
533.22	6640.10
533.57	6155.61
533.91	9401.93
534.25	5481.53
534.59	11016.90
534.93	8844.88
535.27	5930.92
535.61	6799.26
535.95	11084.78
536.30	5383.23
536.64	6956.07
536.98	4681.07
537.32	6569.88
537.66	5100.03
538.00	8348.69
538.34	8372.10
538.68	8142.72
539.02	12077.16
539.36	6319.45
539.70	5401.96
540.04	6953.73
540.39	20442.24
540.73	5919.21
541.07	7098.84
541.41	7922.71
541.75	8028.04
542.09	10326.44
542.43	8039.74
542.77	7201.83
543.11	7777.60
543.45	7119.91
543.79	9668.75
544.13	6572.22
544.47	6705.63
544.81	5921.56
545.15	8346.35
545.49	6970.12
545.83	5727.29
546.17	6546.48
546.51	4798.10
546.85	6272.64
547.19	11080.10
547.53	5425.36
547.87	8910.42
548.21	12367.39
548.54	7337.58
548.88	6249.23
549.22	6127.52
549.56	5261.52
549.90	6129.86
550.24	7073.10
550.58	5846.66
550.92	9980.04
551.26	6429.45
551.60	11417.13
551.94	6417.75
552.28	6506.69
552.61	8470.40
552.95	6548.82
553.29	6132.20
553.63	7297.79
553.97	11508.41
554.31	9516.62
554.65	10817.96
554.99	10590.92
555.32	6399.02
555.66	8386.14
556.00	4999.38
556.34	6825.00
556.68	7449.93
557.02	9413.63
557.36	7508.44
557.69	7145.66
558.03	6317.11
558.37	12924.44
558.71	15288.38
559.05	10675.18
559.38	11728.42
559.72	5799.85
560.06	8997.02
560.40	8568.70
560.74	10057.28
561.07	8145.06
561.41	9263.84
561.75	8114.64
562.09	6368.60
562.42	9083.62
562.76	8446.99
563.10	7293.11
563.44	25109.27
563.77	7712.07
564.11	8372.10
564.45	10127.50
564.79	8306.56
565.12	7225.23
565.46	7620.78
565.80	7740.15
566.14	7798.66
566.47	9678.12
566.81	5898.15
567.15	7730.79
567.48	8219.96
567.82	8461.04
568.16	7747.17
568.49	5825.59
568.83	5462.81
569.17	7037.99
569.50	7882.92
569.84	10864.77
570.18	7992.93
570.51	11580.97
570.85	6918.62
571.19	6663.51
571.52	5870.06
571.86	9563.43
572.20	6541.80
572.53	11194.78
572.87	6155.61
573.21	5792.83
573.54	5547.07
573.88	7747.17
574.21	7550.57
574.55	7213.53
574.89	6389.66
575.22	9263.84
575.56	6188.38
575.89	6225.82
576.23	6787.55
576.57	8060.80
576.90	6235.19
577.24	7557.59
577.57	5666.44
577.91	7932.08
578.24	5418.34
578.58	6949.05
578.91	8418.91
579.25	5923.90
579.59	7332.90
579.92	6904.58
580.26	5432.38
580.59	8138.04
580.93	7939.10
581.26	6555.84
581.60	8013.99
581.93	8568.70
582.27	11377.34
582.60	5731.97
582.94	7515.46
583.27	5652.39
583.61	6869.47
583.94	7632.49
584.28	5291.95
584.61	6647.12
584.94	8463.38
585.28	8173.15
585.61	9004.04
585.95	8652.96
586.28	11808.00
586.62	13334.03
586.95	7061.40
587.29	12540.59
587.62	15866.49
587.95	5628.99
588.29	7740.15
588.62	8484.44
588.96	9408.95
589.29	6478.60
589.62	6443.49
589.96	6815.64
590.29	6298.38
590.63	5259.18
590.96	8769.99
591.29	9032.13
591.63	9837.27
591.96	5612.60
592.29	6740.74
592.63	6413.07
592.96	7840.79
593.30	12086.53
593.63	7995.27
593.96	6008.16
594.30	6527.75
594.63	8046.76
594.96	12121.63
595.30	7098.84
595.63	6469.24
595.96	6148.59
596.29	7939.10
596.63	6604.99
596.96	9111.71
597.29	8428.27
597.63	5266.21
597.96	10483.26
598.29	9769.40
598.63	9570.45
598.96	6059.65
599.29	6431.79
599.62	6052.63
599.96	6286.68
600.29	6855.43
600.62	5769.42
600.95	6509.03
601.29	7087.14
601.62	7911.01
601.95	7215.87
602.28	6209.44
602.61	21235.68
602.95	7206.51
603.28	12116.95
603.61	6235.19
603.94	9593.86
604.27	5877.09
604.61	8641.26
604.94	8250.39
605.27	7805.69
605.60	5818.57
605.93	6090.07
606.27	9462.79
606.60	6026.88
606.93	5462.81
607.26	11557.57
607.59	7180.76
607.92	10368.57
608.26	6174.33
608.59	6113.48
608.92	6862.45
609.25	5689.84
609.58	7826.75
609.91	8538.27
610.24	13951.93
610.57	8390.82
610.90	9923.87
611.24	5235.78
611.57	5352.81
611.90	9074.26
612.23	6860.11
612.56	9130.43
612.89	8901.06
613.22	9020.42
613.55	5451.11
613.88	9605.56
614.21	5928.58
614.54	7948.46
614.87	5884.11
615.20	4898.74
615.53	10104.09
615.87	6209.44
616.20	7384.39
616.53	10420.06
616.86	7183.10
617.19	8184.85
617.52	6307.74
617.85	6441.15
618.18	6106.46
618.51	6817.98
618.84	8751.26
619.17	6909.26
619.50	11091.80
619.83	10642.42
620.16	8713.81
620.49	6384.98
620.82	14476.21
621.14	10817.96
621.47	7737.81
621.80	10045.58
622.13	7599.72
622.46	14944.32
622.79	8772.33
623.12	5668.78
623.45	9472.15
623.78	8678.71
624.11	5956.66
624.44	7918.03
624.77	5687.50
625.10	6076.03
625.43	5778.78
625.75	7449.93
626.08	5996.45
626.41	5832.62
626.74	7290.77
627.07	6555.84
627.40	12409.52
627.73	6520.73
628.06	6008.16
628.38	4924.49
628.71	8929.14
629.04	9942.60
629.37	8987.66
629.70	7625.47
630.03	5956.66
630.36	9942.60
630.68	9078.94
631.01	6359.24
631.34	11098.82
631.67	6471.58
632.00	4997.04
632.32	9287.25
632.65	10277.29
632.98	7751.85
633.31	7403.11
633.64	9399.59
633.96	5816.23
634.29	11239.25
634.62	7534.18
634.95	7864.20
635.27	7655.89
635.60	8676.37
635.93	8013.99
636.26	7915.69
636.58	6621.38
636.91	6413.07
637.24	6216.46
637.57	7501.42
637.89	8482.10
638.22	6406.05
638.55	7496.74
638.87	7871.22
639.20	8901.06
639.53	8461.04
639.86	6382.64
640.18	5921.56
640.51	7494.40
640.84	8149.75
641.16	5748.36
641.49	7854.84
641.82	5865.38
642.14	5804.53
642.47	14520.68
642.80	7117.57
643.12	9523.64
643.45	6899.90
643.78	7281.41
644.10	6246.89
644.43	7243.96
644.75	10347.51
645.08	5291.95
645.41	8351.03
645.73	5905.17
646.06	15751.81
646.39	9107.02
646.71	6368.60
647.04	6031.56
647.36	5139.82
647.69	8734.88
648.01	7658.23
648.34	5998.79
648.67	9996.43
648.99	10506.66
649.32	5966.03
649.64	5600.90
649.97	4863.63
650.29	5448.77
650.62	14925.60
650.94	7375.03
651.27	11255.64
651.59	7035.65
651.92	4725.54
652.25	8025.70
652.57	5753.04
652.90	6026.88
653.22	7831.43
653.55	7793.98
653.87	5137.48
654.20	7447.58
654.52	11604.38
654.84	6890.54
655.17	8491.46
655.49	11688.64
655.82	6661.16
656.14	7836.11
656.47	8648.28
656.79	11981.20
657.12	6810.96
657.44	6637.76
657.77	9083.62
658.09	7602.06
658.41	7096.50
658.74	8814.46
659.06	5600.90
659.39	6986.50
659.71	6312.42
660.03	7248.64
660.36	6810.96
660.68	10076.01
661.01	13858.31
661.33	10899.87
661.65	6340.51
661.98	14384.93
662.30	10623.69
662.63	7239.28
662.95	6729.04
663.27	6246.89
663.60	5598.56
663.92	7077.78
664.24	7019.27
664.57	5893.47
664.89	6223.48
665.21	6541.80
665.54	9720.24
665.86	7475.67
666.18	7845.48
666.51	10635.39
666.83	6661.16
667.15	15487.32
667.47	10059.62
667.80	8512.53
668.12	6097.10
668.44	7681.64
668.77	8905.74
669.09	10593.26
669.41	9088.30
669.73	5563.45
670.06	7452.27
670.38	6747.76
670.70	5448.77
671.02	8486.78
671.35	6420.09
671.67	10726.68
671.99	6923.30
672.31	10431.77
672.63	7925.05
672.96	11468.62
673.28	6455.20
673.60	7611.42
673.92	7585.68
674.24	6066.67
674.57	6176.67
674.89	10059.62
675.21	6902.24
675.53	9345.76
675.85	10375.59
676.17	10209.42
676.50	5870.06
676.82	10253.89
677.14	7562.27
677.46	15047.30
677.78	5420.68
678.10	9612.58
678.42	7183.10
678.75	6539.46
679.07	5806.87
679.39	7197.15
679.71	6619.04
680.03	6541.80
680.35	6614.35
680.67	6682.23
680.99	6010.50
681.31	5549.41
681.63	8486.78
681.96	10265.59
682.28	6600.31
682.60	6167.31
682.92	8823.82
683.24	5462.81
683.56	8669.34
683.88	6340.51
684.20	6984.16
684.52	6441.15
684.84	6478.60
685.16	6649.46
685.48	9327.03
685.80	8030.38
686.12	8788.71
686.44	12187.17
686.76	7122.25
687.08	5437.06
687.40	5944.96
687.72	9525.98
688.04	6661.16
688.36	14970.07
688.68	11412.45
689.00	8161.45
689.32	6867.13
689.64	6619.04
689.96	7098.84
690.28	10033.88
690.60	10555.82
690.92	6473.92
691.24	8779.35
691.56	6799.26
691.88	6965.43
692.19	5944.96
692.51	9483.85
692.83	8280.82
693.15	9219.37
693.47	8095.91
693.79	7660.57
694.11	9879.40
694.43	8140.38
694.75	7311.83
695.06	7489.71
695.38	10487.94
695.70	7487.37
696.02	7592.70
696.34	6682.23
696.66	6593.29
696.98	5305.99
697.29	7564.61
697.61	11541.18
697.93	10228.14
698.25	14345.14
698.57	8299.54
698.89	5483.88
699.20	6913.94
699.52	11300.11
699.84	5081.30
700.16	7176.08
700.48	10864.77
700.79	6080.71
701.11	12514.84
701.43	9708.54
701.75	6282.00
702.07	6937.35
702.38	12362.71
702.70	6286.68
703.02	6209.44
703.34	8994.68
703.65	7693.34
703.97	6839.05
704.29	5116.41
704.61	5970.71
704.92	9465.13
705.24	6909.26
705.56	9586.83
705.87	10270.27
706.19	7456.95
706.51	5352.81
706.82	10281.97
707.14	6200.08
707.46	5362.17
707.78	5973.05
708.09	8753.60
708.41	9977.70
708.73	7852.50
709.04	10462.19
709.36	6953.73
709.68	7290.77
709.99	13612.56
710.31	10710.29
710.62	7658.23
710.94	6848.41
711.26	8229.32
711.57	6883.52
711.89	5736.65
712.21	15791.59
712.52	7353.96
712.84	10918.60
713.15	8030.38
713.47	9516.62
713.79	5776.44
714.10	6380.30
714.42	7014.59
714.73	11290.74
715.05	5533.03
715.36	5909.85
715.68	6296.04
715.99	6860.11
716.31	9823.23
716.63	8821.48
716.94	9724.93
717.26	20460.96
717.57	9516.62
717.89	11644.17
718.20	6190.72
718.52	8678.71
718.83	7105.87
719.15	15555.20
719.46	14712.61
719.78	7983.57
720.09	7295.45
720.41	6106.46
720.72	5776.44
721.04	5888.79
721.35	7185.44
721.67	7061.40
721.98	6888.20
722.29	6612.01
722.61	6345.19
722.92	5069.60
723.24	7061.40
723.55	7681.64
723.87	8025.70
724.18	9067.24
724.50	5818.57
724.81	7126.93
725.12	7559.93
725.44	8582.74
725.75	7672.28
726.07	10780.51
726.38	8620.19
726.69	6848.41
727.01	8861.27
727.32	9067.24
727.63	6736.06
727.95	11290.74
728.26	6511.37
728.58	9249.80
728.89	6726.70
729.20	7316.51
729.52	5942.62
729.83	14108.75
730.14	8971.27
730.46	7452.27
730.77	10303.04
731.08	8795.73
731.39	6911.60
731.71	7379.71
732.02	9401.93
732.33	7461.63
732.65	6867.13
732.96	11236.91
733.27	9720.24
733.59	14934.96
733.90	9944.94
734.21	5944.96
734.52	6920.96
734.84	17748.28
735.15	6705.63
735.46	7028.63
735.77	7721.43
736.09	7314.17
736.40	11201.80
736.71	9397.25
737.02	5715.59
737.33	6932.67
737.65	7037.99
737.96	7466.31
738.27	8051.44
738.58	13888.74
738.89	9151.49
739.21	6581.59
739.52	5434.72
739.83	8943.19
740.14	6422.43
740.45	7653.55
740.76	6724.36
741.08	5785.80
741.39	7229.91
741.70	6757.13
742.01	7911.01
742.32	10511.35
742.63	7960.16
742.94	6190.72
743.26	8800.41
743.57	8531.25
743.88	9657.05
744.19	8006.97
744.50	7089.48
744.81	12950.18
745.12	7225.23
745.43	7414.82
745.74	15964.79
746.05	11658.21
746.36	5310.68
746.67	12624.85
746.99	6995.86
747.30	8652.96
747.61	6752.45
747.92	7969.52
748.23	10340.49
748.54	7150.34
748.85	7229.91
749.16	7740.15
749.47	6054.97
749.78	6665.85
750.09	6689.25
750.40	8269.11
750.71	7943.78
751.02	8688.07
751.33	7304.81
751.64	8552.32
751.95	7431.20
752.26	8847.22
752.57	8821.48
752.88	6860.11
753.19	7452.27
753.50	10939.66
753.81	7220.55
754.11	7585.68
754.42	17736.58
754.73	7754.19
755.04	8215.28
755.35	8114.64
755.66	14279.61
755.97	6066.67
756.28	6003.47
756.59	8987.66
756.90	17778.71
757.21	8526.57
757.52	11700.34
757.82	8376.78
758.13	6668.19
758.44	10235.16
758.75	8917.44
759.06	6553.50
759.37	6052.63
759.68	8250.39
759.98	6686.91
760.29	8917.44
760.60	8021.02
760.91	5589.20
761.22	7229.91
761.53	7754.19
761.83	6193.06
762.14	7882.92
762.45	6640.10
762.76	5755.38
763.07	8620.19
763.37	16664.61
763.68	11779.92
763.99	13600.85
764.30	12166.10
764.60	6689.25
764.91	10267.93
765.22	7824.41
765.53	13912.14
765.84	8201.24
766.14	7241.62
766.45	5668.78
766.76	11580.97
767.06	12313.56
767.37	7206.51
767.68	7695.68
767.99	7026.29
768.29	6597.97
768.60	7534.18
768.91	10523.05
769.21	13596.17
769.52	11403.09
769.83	7541.21
770.13	7676.96
770.44	7122.25
770.75	9261.50
771.05	7665.25
771.36	9282.56
771.67	7903.99
771.97	7002.88
772.28	7206.51
772.59	8037.40
772.89	9848.97
773.20	6672.87
773.51	6743.08
773.81	12446.97
774.12	6094.76
774.42	7566.95
774.73	6258.59
775.04	6312.42
775.34	22689.15
775.65	8826.16
775.95	13263.82
776.26	8552.32
776.56	6906.92
776.87	8762.97
777.18	65535.00
777.48	18036.17
777.79	7943.78
778.09	11356.28
778.40	6883.52
778.70	7101.19
779.01	11215.85
779.31	7822.07
779.62	7126.93
779.92	9411.29
780.23	8805.10
780.53	5783.46
780.84	7316.51
781.14	6808.62
781.45	6621.38
781.75	9652.37
782.06	6427.11
782.36	8351.03
782.67	6186.04
782.97	6480.94
783.28	13614.90
783.58	6951.39
783.89	6855.43
784.19	8894.04
784.49	13095.30
784.80	7300.13
785.10	13476.80
785.41	6274.98
785.71	9083.62
786.02	8580.40
786.32	14413.02
786.62	9568.11
786.93	12182.49
787.23	6916.28
787.54	7166.72
787.84	13027.42
788.14	8788.71
788.45	5530.69
788.75	6839.05
789.05	5879.43
789.36	7485.03
789.66	14291.31
789.96	9530.66
790.27	7854.84
790.57	7698.02
790.87	6450.52
791.18	6534.78
791.48	6410.73
791.78	8582.74
792.09	8947.87
792.39	6476.26
792.69	9870.04
793.00	8786.37
793.30	9277.88
793.60	6099.44
793.90	5542.39
794.21	8835.52
794.51	17549.34
794.81	11180.74
795.11	7630.15
795.42	6696.27
795.72	11716.72
796.02	9624.28
796.32	8774.67
796.63	8971.27
796.93	10342.83
797.23	9376.19
797.53	8269.11
797.84	10796.89
798.14	6691.59
798.44	8524.23
798.74	8861.27
799.04	8446.99
799.34	6167.31
799.65	16552.27
799.95	8252.73
800.25	7148.00
800.55	6944.37
800.85	8187.19
801.15	6406.05
801.46	7480.35
801.76	18476.19
802.06	6895.22
802.36	9610.24
802.66	6977.14
802.96	9523.64
803.26	11108.18
803.56	13738.94
803.87	17156.13
804.17	7595.04
804.47	10052.60
804.77	10888.17
805.07	11117.54
805.37	9937.91
805.67	9387.89
805.97	7321.20
806.27	7403.11
806.57	7148.00
806.87	12049.08
807.17	8224.64
807.47	11676.93
807.77	11389.05
808.07	6885.86
808.37	11929.71
808.67	7925.05
808.98	15932.03
809.28	7157.36
809.58	16585.04
809.88	10909.24
810.18	15030.92
810.47	7344.60
810.77	7569.29
811.07	9652.37
811.37	8667.00
811.67	6239.87
811.97	5570.48
812.27	6277.32
812.57	5568.13
812.87	6862.45
813.17	6562.86
813.47	6499.67
813.77	6984.16
814.07	6801.60
814.37	10352.19
814.67	6518.39
814.97	7407.80
815.27	6583.93
815.56	9062.55
815.86	11529.48
816.16	8184.85
816.46	6083.05
816.76	6649.46
817.06	10806.25
817.36	12549.95
817.66	7843.14
817.95	6263.27
818.25	8549.98
818.55	10310.06
818.85	9736.63
819.15	6834.36
819.45	13614.90
819.75	7712.07
820.04	7599.72
820.34	16395.45
820.64	10267.93
820.94	13226.37
821.24	7293.11
821.53	7157.36
821.83	6775.85
822.13	6338.17
822.43	7269.70
822.72	5750.70
823.02	6614.35
823.32	6267.95
823.62	8315.92
823.91	15438.17
824.21	5830.27
824.51	8594.45
824.81	7241.62
825.10	5811.55
825.40	9383.21
825.70	7976.55
826.00	12903.37
826.29	6923.30
826.59	8318.26
826.89	7239.28
827.18	6499.67
827.48	6658.82
827.78	6160.29
828.07	7770.58
828.37	9645.35
828.67	8503.17
828.96	7791.64
829.26	6504.35
829.56	10998.18
829.85	6724.36
830.15	8578.06
830.45	5942.62
830.74	12854.22
831.04	9783.44
831.34	10258.57
831.63	13933.21
831.93	10092.39
832.22	9556.41
832.52	7618.44
832.82	6090.07
833.11	5998.79
833.41	6387.32
833.70	6857.77
834.00	10658.80
834.29	7826.75
834.59	5767.08
834.89	8475.08
835.18	7208.85
835.48	13434.68
835.77	9556.41
836.07	9490.87
836.36	9177.24
836.66	10661.14
836.95	7595.04
837.25	6647.12
837.54	7564.61
837.84	6827.34
838.13	8107.62
838.43	6527.75
838.72	14129.81
839.02	11044.99
839.31	6429.45
839.61	11012.22
839.90	5895.81
840.20	7801.01
840.49	6019.86
840.78	8491.46
841.08	9378.53
841.37	7157.36
841.67	5984.75
841.96	8943.19
842.26	8077.19
842.55	5912.19
842.84	6272.64
843.14	10244.52
843.43	5923.90
843.73	7592.70
844.02	5949.64
844.31	7286.09
844.61	6902.24
844.90	8566.36
845.20	7903.99
845.49	5453.45
845.78	7206.51
846.08	6153.27
846.37	5132.79
846.66	8723.18
846.96	9259.16
847.25	8814.46
847.54	5933.26
847.84	9284.91
848.13	7386.73
848.42	10061.96
848.72	6516.05
849.01	9132.77
849.30	6581.59
849.59	6363.92
849.89	6422.43
850.18	13015.72
850.47	6249.23
850.76	16587.38
851.06	15091.77
851.35	8657.64
851.64	9851.31
851.93	7981.23
852.23	10920.94
852.52	6930.33
852.81	6895.22
853.10	6415.41
853.40	5589.20
853.69	5575.16
853.98	7342.26
854.27	10059.62
854.56	6607.33
854.86	9036.81
855.15	7803.35
855.44	8198.90
855.73	5584.52
856.02	6651.80
856.31	9968.34
856.61	8341.67
856.90	6853.09
857.19	5968.37
857.48	5729.63
857.77	5907.51
858.06	5221.74
858.35	5755.38
858.65	11618.42
858.94	9448.74
859.23	7173.74
859.52	9366.82
859.81	12451.65
860.10	6593.29
860.39	9420.66
860.68	7674.62
860.97	6132.20
861.26	6443.49
861.55	12154.40
861.85	7707.38
862.14	9329.38
862.43	9963.66
862.72	7857.18
863.01	5792.83
863.30	6916.28
863.59	7442.90
863.88	7276.73
864.17	7314.17
864.46	6122.84
864.75	14918.57
865.04	7763.56
865.33	5989.43
865.62	11232.23
865.91	6635.42
866.20	9034.47
866.49	6949.05
866.78	7204.17
867.07	6848.41
867.36	10382.62
867.65	10235.16
867.93	9116.39
868.22	7630.15
868.51	7344.60
868.80	7660.57
869.09	7173.74
869.38	6338.17
869.67	12908.05
869.96	12908.05
870.25	12908.05
