178.76	1706.25
179.14	1706.25
179.52	1706.25
179.90	1703.91
180.28	10705.61
180.66	6200.08
181.04	8372.10
181.42	7384.39
181.80	6387.32
182.18	10967.75
182.55	5806.87
182.93	7534.18
183.31	7119.91
183.69	7927.39
184.07	8252.73
184.45	6916.28
184.83	7400.77
185.21	6520.73
185.59	6726.70
185.97	16350.98
186.35	12016.31
186.72	7101.19
187.10	7199.49
187.48	11716.72
187.86	9057.87
188.24	6665.85
188.62	6221.14
189.00	10881.15
189.38	7817.39
189.75	7461.63
190.13	7903.99
190.51	6333.49
190.89	14939.64
191.27	20837.79
191.65	6883.52
192.03	7815.05
192.40	10326.44
192.78	7630.15
193.16	8837.86
193.54	12135.68
193.92	10925.62
194.30	6658.82
194.67	9467.47
195.05	8381.46
195.43	7346.94
195.81	7042.67
196.19	10881.15
196.56	7894.63
196.94	7351.62
197.32	11529.48
197.70	6527.75
198.08	8526.57
198.45	6677.55
198.83	7506.10
199.21	6773.51
199.59	12271.43
199.97	8149.75
200.34	5909.85
200.72	6614.35
201.10	13996.40
201.48	9928.55
201.85	6394.34
202.23	6939.69
202.61	6899.90
202.99	15768.19
203.36	6562.86
203.74	9050.85
204.12	7136.29
204.49	6490.31
204.87	8769.99
205.25	7052.03
205.63	5771.76
206.00	6424.77
206.38	7833.77
206.76	9619.60
207.14	6532.44
207.51	5944.96
207.89	10792.21
208.27	6338.17
208.64	5425.36
209.02	6693.93
209.40	7056.72
209.77	5743.67
210.15	15164.33
210.53	5991.77
210.90	11213.51
211.28	6179.01
211.66	12161.42
212.03	6633.08
212.41	5760.06
212.79	7162.04
213.16	5966.03
213.54	7669.94
213.92	7850.16
214.29	5605.58
214.67	6532.44
215.05	6864.79
215.42	9397.25
215.80	6876.49
216.17	6665.85
216.55	7765.90
216.93	5839.64
217.30	9011.06
217.68	6324.13
218.05	6705.63
218.43	6576.91
218.81	6736.06
219.18	10860.09
219.56	6764.15
219.93	6658.82
220.31	6347.53
220.69	5954.32
221.06	6190.72
221.44	7475.67
221.81	6284.34
222.19	5680.48
222.56	5970.71
222.94	6869.47
223.32	7662.91
223.69	6312.42
224.07	8987.66
224.44	12592.08
224.82	7630.15
225.19	8585.08
225.57	7543.55
225.94	6677.55
226.32	7365.67
226.69	12294.83
227.07	8446.99
227.44	6703.29
227.82	7903.99
228.19	7119.91
228.57	8521.89
228.94	11597.35
229.32	9664.07
229.69	8779.35
230.07	6731.38
230.44	6111.14
230.82	10888.17
231.19	9331.72
231.57	5523.66
231.94	5811.55
232.32	9123.41
232.69	7084.80
233.07	7583.34
233.44	8194.22
233.82	6876.49
234.19	7377.37
234.57	10003.45
234.94	6401.37
235.31	6686.91
235.69	7101.19
236.06	7529.50
236.44	8505.51
236.81	5860.70
237.19	7861.86
237.56	11641.82
237.93	6476.26
238.31	7578.65
238.68	6953.73
239.06	7466.31
239.43	8683.39
239.81	8102.93
240.18	5949.64
240.55	6282.00
240.93	12896.35
241.30	7709.72
241.67	7288.43
242.05	8500.83
242.42	9355.12
242.80	5968.37
243.17	7873.56
243.54	7742.49
243.92	9224.05
244.29	7178.42
244.66	7672.28
245.04	10024.51
245.41	15997.56
245.78	5844.32
246.16	6904.58
246.53	8753.60
246.90	7133.95
247.28	13050.83
247.65	6986.50
248.02	7218.21
248.40	9888.76
248.77	7496.74
249.14	8437.63
249.52	6920.96
249.89	8489.12
250.26	6279.66
250.64	7466.31
251.01	15346.89
251.38	5778.78
251.75	7368.01
252.13	6726.70
252.50	8898.72
252.87	13394.89
253.25	5914.53
253.62	7894.63
253.99	5790.49
254.36	9465.13
254.74	6530.09
255.11	6066.67
255.48	5483.88
255.85	14361.53
256.23	5741.33
256.60	5458.13
256.97	6841.39
257.34	8116.98
257.71	7548.23
258.09	6612.01
258.46	7712.07
258.83	11229.89
259.20	9678.12
259.58	7047.35
259.95	7449.93
260.32	9348.10
260.69	6043.26
261.06	10733.70
261.44	6141.57
261.81	12999.34
262.18	7826.75
262.55	6511.37
262.92	7232.26
263.29	6476.26
263.67	5715.59
264.04	6766.49
264.41	6918.62
264.78	6520.73
265.15	10106.43
265.52	12311.22
265.90	7339.92
266.27	6307.74
266.64	5696.86
267.01	5275.57
267.38	7880.58
267.75	6228.17
268.12	5298.97
268.50	7030.97
268.87	6338.17
269.24	6122.84
269.61	7758.88
269.98	8353.37
270.35	7852.50
270.72	6186.04
271.09	6920.96
271.46	6464.56
271.83	7885.26
272.21	9221.71
272.58	5930.92
272.95	6359.24
273.32	7321.20
273.69	7342.26
274.06	5540.05
274.43	6272.64
274.80	7056.72
275.17	7777.60
275.54	11910.99
275.91	7166.72
276.28	7309.49
276.65	7410.14
277.02	11037.97
277.39	6200.08
277.76	6239.87
278.13	8351.03
278.50	8777.01
278.87	10347.51
279.24	8971.27
279.61	8210.60
279.98	9781.10
280.35	6291.36
280.72	7529.50
281.09	7033.31
281.46	7295.45
281.83	6090.07
282.20	7749.51
282.57	6443.49
282.94	8049.10
283.31	6518.39
283.68	7658.23
284.05	5607.92
284.42	5282.59
284.79	7485.03
285.16	8386.14
285.53	7047.35
285.90	7098.84
286.27	14485.58
286.64	5434.72
287.01	6267.95
287.38	8454.02
287.75	58585.95
288.12	8601.47
288.49	16608.44
288.86	5954.32
289.23	6036.24
289.59	6122.84
289.96	5930.92
290.33	6298.38
290.70	6499.67
291.07	8397.84
291.44	7674.62
291.81	5935.60
292.18	7335.24
292.55	6612.01
292.91	12645.91
293.28	8149.75
293.65	10651.78
294.02	7765.90
294.39	5586.86
294.76	6974.80
295.13	7138.63
295.50	6956.07
295.86	6956.07
296.23	6356.90
296.60	5778.78
296.97	6342.85
297.34	6930.33
297.71	8858.93
298.07	7243.96
298.44	5423.02
298.81	7770.58
299.18	7365.67
299.55	10459.85
299.91	7002.88
300.28	7290.77
300.65	5362.17
301.02	7419.50
301.39	8044.42
301.75	13142.11
302.12	8107.62
302.49	7049.69
302.86	10443.47
303.23	7332.90
303.59	5865.38
303.96	16966.54
304.33	9528.32
304.70	14839.00
305.06	6401.37
305.43	9961.32
305.80	8231.66
306.17	9006.38
306.53	6359.24
306.90	9287.25
307.27	7164.38
307.64	10384.96
308.00	6424.77
308.37	6312.42
308.74	12074.82
309.11	8826.16
309.47	6279.66
309.84	5507.28
310.21	7075.44
310.57	7377.37
310.94	6553.50
311.31	7068.42
311.67	7702.70
312.04	5472.17
312.41	9715.56
312.77	8170.81
313.14	6270.30
313.51	6913.94
313.87	6403.71
314.24	6249.23
314.61	6150.93
314.97	6628.40
315.34	7246.30
315.71	5582.18
316.07	8997.02
316.44	5891.13
316.81	8554.66
317.17	6101.78
317.54	15276.68
317.91	6326.47
318.27	5310.68
318.64	6782.87
319.00	8753.60
319.37	5462.81
319.74	9320.01
320.10	9359.80
320.47	6511.37
320.83	10731.36
321.20	6946.71
321.57	5963.68
321.93	6352.21
322.30	7452.27
322.66	6204.76
323.03	8793.39
323.40	7805.69
323.76	6394.34
324.13	6312.42
324.49	5495.58
324.86	18562.79
325.22	7391.41
325.59	7009.90
325.95	7641.85
326.32	9378.53
326.68	8959.57
327.05	6848.41
327.42	5921.56
327.78	6359.24
328.15	9320.01
328.51	6284.34
328.88	8468.06
329.24	11173.72
329.61	7159.70
329.97	8636.58
330.34	6415.41
330.70	7241.62
331.07	10555.82
331.43	8636.58
331.80	13224.03
332.16	10141.54
332.52	6033.90
332.89	8028.04
333.25	5547.07
333.62	12250.36
333.98	7019.27
334.35	6881.18
334.71	7288.43
335.08	5753.04
335.44	12020.99
335.81	11852.47
336.17	10047.92
336.53	7157.36
336.90	6071.35
337.26	8353.37
337.63	9350.44
337.99	7651.21
338.36	5874.74
338.72	8865.95
339.08	7276.73
339.45	5930.92
339.81	9514.28
340.18	6679.89
340.54	10235.16
340.90	6190.72
341.27	6782.87
341.63	8184.85
341.99	5327.06
342.36	10427.09
342.72	5919.21
343.09	10363.89
343.45	6284.34
343.81	10520.71
344.18	5528.35
344.54	7009.90
344.90	7702.70
345.27	7267.36
345.63	6909.26
345.99	8674.03
346.36	7250.98
346.72	5977.73
347.08	5966.03
347.45	5554.09
347.81	9914.51
348.17	7578.65
348.54	5687.50
348.90	8933.82
349.26	9598.54
349.62	10656.46
349.99	5401.96
350.35	5224.08
350.71	7660.57
351.08	6995.86
351.44	5146.84
351.80	13142.11
352.16	11475.65
352.53	6054.97
352.89	8287.84
353.25	10883.49
353.61	6614.35
353.98	8725.52
354.34	10087.71
354.70	6345.19
355.06	5172.58
355.43	7157.36
355.79	6719.68
356.15	6595.63
356.51	5809.21
356.88	5973.05
357.24	6764.15
357.60	5387.91
357.96	5130.45
358.32	15250.93
358.69	5488.56
359.05	7948.46
359.41	7494.40
359.77	5689.84
360.13	6054.97
360.49	6143.91
360.86	8751.26
361.22	11056.69
361.58	7761.22
361.94	11019.24
362.30	5919.21
362.66	8351.03
363.03	5203.01
363.39	5160.88
363.75	6115.82
364.11	9991.75
364.47	6256.25
364.83	10574.54
365.19	7576.31
365.56	8905.74
365.92	5320.04
366.28	8489.12
366.64	9722.59
367.00	5376.21
367.36	5371.53
367.72	9874.72
368.08	9376.19
368.44	6258.59
368.80	8147.40
369.17	6483.28
369.53	6722.02
369.89	5959.00
370.25	5916.87
370.61	5994.11
370.97	10846.04
371.33	6415.41
371.69	12582.72
372.05	8367.42
372.41	5760.06
372.77	6520.73
373.13	7529.50
373.49	5057.90
373.85	7934.42
374.21	7337.58
374.57	5771.76
374.93	8521.89
375.29	8971.27
375.65	7414.82
376.01	7129.27
376.37	10139.20
376.73	8339.33
377.09	5666.44
377.45	9799.82
377.81	6876.49
378.17	6036.24
378.53	5186.63
378.89	8446.99
379.25	10925.62
379.61	14024.49
379.97	9334.06
380.33	6443.49
380.69	6111.14
381.05	5755.38
381.41	9214.69
381.77	7089.48
382.13	8564.02
382.49	14927.94
382.85	7382.05
383.21	8704.45
383.57	5390.25
383.93	10574.54
384.28	5158.54
384.64	6520.73
385.00	7597.38
385.36	7344.60
385.72	9006.38
386.08	5867.72
386.44	8814.46
386.80	8870.63
387.16	12372.07
387.52	9401.93
387.87	13668.73
388.23	7976.55
388.59	6024.54
388.95	5500.26
389.31	6574.56
389.67	6691.59
390.03	6293.70
390.38	6483.28
390.74	5191.31
391.10	9439.38
391.46	7517.80
391.82	6003.47
392.18	8215.28
392.54	4952.57
392.89	5657.07
393.25	8301.88
393.61	5689.84
393.97	5654.73
394.33	7847.82
394.68	7028.63
395.04	5411.32
395.40	7344.60
395.76	9294.27
396.12	7440.56
396.47	5818.57
396.83	6972.46
397.19	5598.56
397.55	5738.99
397.90	7288.43
398.26	7194.81
398.62	5636.01
398.98	4898.74
399.33	6644.78
399.69	24140.29
400.05	8112.30
400.41	5919.21
400.76	8634.24
401.12	10008.13
401.48	7784.62
401.84	5935.60
402.19	6270.30
402.55	7520.14
402.91	7126.93
403.26	5387.91
403.62	8297.20
403.98	7082.46
404.34	4814.48
404.69	6949.05
405.05	9207.67
405.41	13862.99
405.76	6085.39
406.12	5905.17
406.48	6761.81
406.83	6024.54
407.19	8191.88
407.55	7683.98
407.90	14160.24
408.26	8573.38
408.62	9085.96
408.97	7009.90
409.33	5500.26
409.68	5832.62
410.04	7466.31
410.40	6024.54
410.75	8070.17
411.11	5916.87
411.47	7389.07
411.82	6539.46
412.18	7082.46
412.53	6602.65
412.89	6181.35
413.25	6803.94
413.60	7162.04
413.96	5093.01
414.31	6448.18
414.67	7262.68
415.03	5284.93
415.38	5680.48
415.74	6331.15
416.09	6586.27
416.45	8379.12
416.80	6047.94
417.16	8397.84
417.51	6691.59
417.87	6469.24
418.23	7847.82
418.58	8063.15
418.94	4968.96
419.29	6061.99
419.65	7449.93
420.00	8769.99
420.36	8287.84
420.71	8093.57
421.07	5589.20
421.42	7068.42
421.78	9174.90
422.13	6743.08
422.49	5537.71
422.84	7262.68
423.20	5207.69
423.55	5586.86
423.91	5451.11
424.26	13851.29
424.61	8266.77
424.97	11213.51
425.32	6005.81
425.68	6565.20
426.03	7658.23
426.39	10024.51
426.74	9872.38
427.10	9376.19
427.45	6054.97
427.80	7688.66
428.16	6998.20
428.51	6834.36
428.87	7588.02
429.22	9408.95
429.58	10230.48
429.93	10054.94
430.28	5951.98
430.64	6136.88
430.99	5198.33
431.35	7396.09
431.70	6523.07
432.05	6726.70
432.41	8168.47
432.76	7871.22
433.11	7950.80
433.47	7723.77
433.82	10471.56
434.17	8191.88
434.53	9029.79
434.88	14246.84
435.24	7688.66
435.59	7297.79
435.94	5572.82
436.30	8196.56
436.65	6333.49
437.00	9378.53
437.35	16219.91
437.71	6569.88
438.06	6146.25
438.41	6272.64
438.77	7929.74
439.12	5256.84
439.47	4765.33
439.83	7644.19
440.18	5231.10
440.53	6509.03
440.88	12203.55
441.24	8582.74
441.59	5701.54
441.94	6600.31
442.30	8170.81
442.65	12601.44
443.00	6918.62
443.35	10366.23
443.71	6822.66
444.06	9591.52
444.41	7903.99
444.76	11241.59
445.11	7126.93
445.47	10298.36
445.82	9100.00
446.17	5830.27
446.52	10171.97
446.88	7155.02
447.23	5170.24
447.58	7889.95
447.93	5907.51
448.28	30033.75
448.63	10750.08
448.99	6958.41
449.34	8585.08
449.69	8882.33
450.04	6153.27
450.39	6190.72
450.74	6967.77
451.10	6832.02
451.45	6998.20
451.80	7712.07
452.15	10113.45
452.50	8231.66
452.85	9947.28
453.21	8903.40
453.56	7803.35
453.91	6626.06
454.26	7262.68
454.61	5832.62
454.96	8329.97
455.31	6768.83
455.66	6272.64
456.01	7864.20
456.36	6279.66
456.72	6001.13
457.07	7735.47
457.42	10314.74
457.77	9205.33
458.12	5898.15
458.47	7356.30
458.82	9640.67
459.17	7073.10
459.52	7243.96
459.87	11831.41
460.22	5528.35
460.57	7077.78
460.92	6169.65
461.27	8121.66
461.62	6525.41
461.97	5865.38
462.32	12046.74
462.67	10628.37
463.02	13542.34
463.38	13118.70
463.73	8898.72
464.08	12203.55
464.43	7548.23
464.78	5561.11
465.12	8184.85
465.47	8557.00
465.82	28507.72
466.17	6574.56
466.52	8704.45
466.87	6335.83
467.22	5947.30
467.57	5226.42
467.92	7782.28
468.27	10817.96
468.62	14899.85
468.97	6808.62
469.32	4842.57
469.67	15379.66
470.02	14155.56
470.37	6197.74
470.72	7473.33
471.07	5343.44
471.42	6604.99
471.76	6761.81
472.11	6630.74
472.46	8376.78
472.81	14871.76
473.16	5954.32
473.51	5966.03
473.86	5217.05
474.21	6436.47
474.56	6333.49
474.90	6321.79
475.25	9575.13
475.60	8863.61
475.95	5949.64
476.30	11192.44
476.65	10178.99
477.00	14974.75
477.34	11253.30
477.69	5682.82
478.04	9334.06
478.39	7300.13
478.74	5837.30
479.09	6139.23
479.43	7014.59
479.78	4940.87
480.13	12395.48
480.48	10265.59
480.83	7414.82
481.17	5455.79
481.52	7166.72
481.87	6654.14
482.22	10724.33
482.57	6509.03
482.91	9034.47
483.26	7976.55
483.61	6408.39
483.96	7442.90
484.30	65535.00
484.65	12847.20
485.00	6036.24
485.35	6815.64
485.69	5792.83
486.04	6483.28
486.39	7637.17
486.74	7606.74
487.08	5277.91
487.43	7854.84
487.78	5069.60
488.12	8196.56
488.47	6071.35
488.82	10574.54
489.17	5760.06
489.51	5172.58
489.86	7686.32
490.21	5275.57
490.55	7644.19
490.90	5352.81
491.25	6314.77
491.59	5582.18
491.94	12746.56
492.29	6277.32
492.63	7054.37
492.98	4741.93
493.33	7328.22
493.67	6282.00
494.02	5472.17
494.37	5542.39
494.71	8294.86
495.06	6127.52
495.40	10469.22
495.75	6001.13
496.10	10501.98
496.44	6817.98
496.79	8374.44
497.13	5834.96
497.48	14312.38
497.83	10321.76
498.17	8231.66
498.52	6127.52
498.86	8634.24
499.21	6689.25
499.56	5991.77
499.90	6649.46
500.25	5238.12
500.59	6892.88
500.94	7723.77
501.28	8779.35
501.63	9495.55
501.97	6576.91
502.32	5891.13
502.67	7903.99
503.01	5289.61
503.36	6256.25
503.70	6253.91
504.05	8278.47
504.39	9135.11
504.74	6635.42
505.08	10895.19
505.43	4636.60
505.77	5600.90
506.12	7433.54
506.46	6558.18
506.81	5856.02
507.15	5689.84
507.49	6406.05
507.84	5666.44
508.18	7630.15
508.53	7124.59
508.87	7096.50
509.22	6518.39
509.56	65535.00
509.91	19133.88
510.25	7052.03
510.60	4931.51
510.94	8971.27
511.28	4858.95
511.63	9184.26
511.97	7618.44
512.32	8861.27
512.66	5736.65
513.00	6972.46
513.35	9369.16
513.69	5734.31
514.04	8393.16
514.38	8823.82
514.72	7456.95
515.07	5659.42
515.41	5743.67
515.76	5977.73
516.10	7751.85
516.44	9034.47
516.79	6197.74
517.13	5462.81
517.47	9301.29
517.82	7360.98
518.16	6771.17
518.50	7281.41
518.85	7377.37
519.19	10125.16
519.53	13582.13
519.88	8723.18
520.22	6558.18
520.56	7023.95
520.91	5411.32
521.25	5542.39
521.59	6740.74
521.93	7789.30
522.28	6499.67
522.62	7360.98
522.96	8971.27
523.31	6621.38
523.65	7964.84
523.99	8479.76
524.33	11616.08
524.68	8180.17
525.02	5446.43
525.36	7695.68
525.70	5247.48
526.05	6047.94
526.39	5533.03
526.73	8411.89
527.07	7136.29
527.41	10855.40
527.76	5994.11
528.10	6616.69
528.44	7831.43
528.78	6813.30
529.12	8622.53
529.47	6565.20
529.81	9118.73
530.15	9277.88
530.49	8276.13
530.83	5123.43
531.18	5633.67
531.52	6672.87
531.86	5334.08
532.20	7136.29
532.54	9710.88
532.88	4891.72
533.22	6712.66
533.57	7269.70
533.91	9280.22
534.25	5451.11
534.59	10710.29
534.93	8582.74
535.27	5715.59
535.61	6569.88
535.95	10909.24
536.30	8741.90
536.64	6979.48
536.98	4638.94
537.32	6483.28
537.66	4992.36
538.00	8079.53
538.34	8322.94
538.68	8159.11
539.02	11566.93
539.36	6157.95
539.70	5287.27
540.04	12159.08
540.39	19885.19
540.73	5654.73
541.07	6988.84
541.41	7644.19
541.75	7826.75
542.09	10211.76
542.43	7861.86
542.77	6932.67
543.11	7513.12
543.45	7028.63
543.79	9343.42
544.13	6263.27
544.47	6586.27
544.81	5748.36
545.15	8065.49
545.49	6757.13
545.83	5802.19
546.17	6502.01
546.51	4819.16
546.85	6155.61
547.19	10953.71
547.53	5345.78
547.87	8374.44
548.21	11754.17
548.54	7115.23
548.88	5961.34
549.22	5919.21
549.56	5317.70
549.90	5982.41
550.24	6869.47
550.58	5832.62
550.92	9514.28
551.26	6354.55
551.60	10988.82
551.94	6347.53
552.28	6462.22
552.61	8320.60
552.95	6525.41
553.29	5959.00
553.63	7192.47
553.97	11330.53
554.31	9268.52
554.65	10342.83
554.99	10097.07
555.32	6274.98
555.66	8095.91
556.00	4786.40
556.34	6525.41
556.68	7363.33
557.02	9149.15
557.36	7241.62
557.69	6869.47
558.03	6171.99
558.37	12526.55
558.71	14626.01
559.05	10349.85
559.38	11384.37
559.72	5792.83
560.06	8540.61
560.40	8325.29
560.74	9806.84
561.07	7889.95
561.41	8847.22
561.75	7805.69
562.09	6092.41
562.42	8945.53
562.76	8145.06
563.10	7136.29
563.44	24355.61
563.77	7798.66
564.11	8163.79
564.45	9804.50
564.79	8133.36
565.12	7162.04
565.46	7566.95
565.80	7665.25
566.14	7683.98
566.47	9385.55
566.81	5657.07
567.15	7515.46
567.48	7943.78
567.82	8472.74
568.16	7190.13
568.49	6017.52
568.83	5364.51
569.17	6927.99
569.50	7688.66
569.84	10857.75
570.18	7934.42
570.51	11176.06
570.85	6827.34
571.19	6499.67
571.52	5963.68
571.86	9423.00
572.20	6483.28
572.53	10806.25
572.87	5928.58
573.21	5713.25
573.54	5490.90
573.88	7550.57
574.21	7375.03
574.55	6911.60
574.89	9738.97
575.22	9137.45
575.56	6164.97
575.89	6141.57
576.23	6555.84
576.57	7913.35
576.90	6017.52
577.24	7410.14
577.57	5605.58
577.91	7702.70
578.24	5240.46
578.58	6913.94
578.91	8168.47
579.25	5893.47
579.59	7129.27
579.92	6731.38
580.26	5387.91
580.59	7981.23
580.93	7747.17
581.26	6352.21
581.60	7843.14
581.93	8477.42
582.27	11211.17
582.60	5678.14
582.94	7410.14
583.27	5589.20
583.61	6675.21
583.94	7456.95
584.28	5303.65
584.61	6389.66
584.94	8226.98
585.28	8035.06
585.61	8884.67
585.95	8341.67
586.28	11468.62
586.62	13284.88
586.95	6911.60
587.29	12374.41
587.62	15365.62
587.95	5610.26
588.29	7506.10
588.62	8334.65
588.96	9287.25
589.29	6200.08
589.62	6181.35
589.96	6722.02
590.29	6246.89
590.63	5212.37
590.96	8638.92
591.29	8961.91
591.63	9650.03
591.96	5708.57
592.29	6600.31
592.63	6267.95
592.96	7627.81
593.30	11548.20
593.63	7705.04
593.96	5816.23
594.30	6469.24
594.63	7887.61
594.96	12648.26
595.30	7080.12
595.63	6377.96
595.96	5994.11
596.29	7845.48
596.63	6560.52
596.96	8709.13
597.29	8091.23
597.63	5104.71
597.96	10071.33
598.29	9713.22
598.63	9373.85
598.96	6022.20
599.29	6246.89
599.62	6113.48
599.96	6150.93
600.29	6733.72
600.62	5755.38
600.95	6420.09
601.29	6766.49
601.62	7683.98
601.95	6832.02
602.28	6141.57
602.61	19744.76
602.95	7260.34
603.28	11955.46
603.61	5935.60
603.94	9387.89
604.27	5750.70
604.61	8547.64
604.94	7908.67
605.27	7627.81
605.60	5575.16
605.93	6200.08
606.27	9060.21
606.60	6848.41
606.93	5467.49
607.26	11300.11
607.59	7108.21
607.92	9825.57
608.26	6520.73
608.59	6129.86
608.92	6593.29
609.25	5544.73
609.58	7588.02
609.91	8308.90
610.24	13397.23
610.57	8025.70
610.90	9664.07
611.24	5195.99
611.57	5093.01
611.90	8868.29
612.23	6995.86
612.56	9050.85
612.89	8432.95
613.22	8685.73
613.55	5263.86
613.88	9458.10
614.21	5813.89
614.54	7728.45
614.87	5949.64
615.20	4847.25
615.53	10099.41
615.87	6111.14
616.20	7269.70
616.53	10115.80
616.86	6918.62
617.19	8121.66
617.52	6113.48
617.85	6202.42
618.18	5884.11
618.51	6565.20
618.84	8388.48
619.17	6799.26
619.50	10719.65
619.83	10377.94
620.16	8395.50
620.49	6176.67
620.82	14040.87
621.14	10679.86
621.47	7616.10
621.80	9703.86
622.13	7279.07
622.46	14628.35
622.79	8519.55
623.12	5542.39
623.45	9212.35
623.78	8482.10
624.11	5902.83
624.44	7735.47
624.77	5905.17
625.10	6120.50
625.43	5666.44
625.75	7265.02
626.08	5998.79
626.41	5753.04
626.74	7115.23
627.07	6420.09
627.40	12084.19
627.73	6539.46
628.06	6010.50
628.38	4786.40
628.71	8772.33
629.04	9989.41
629.37	8688.07
629.70	7463.97
630.03	5858.36
630.36	9715.56
630.68	8919.78
631.01	6284.34
631.34	10904.56
631.67	6300.72
632.00	4873.00
632.32	8968.93
632.65	9944.94
632.98	7719.09
633.31	7061.40
633.64	9067.24
633.96	5816.23
634.29	10871.79
634.62	7339.92
634.95	7637.17
635.27	7475.67
635.60	8404.86
635.93	7824.41
636.26	7847.82
636.58	6347.53
636.91	6244.55
637.24	6052.63
637.57	7213.53
637.89	8245.71
638.22	6326.47
638.55	7295.45
638.87	7691.00
639.20	8758.28
639.53	8439.97
639.86	6272.64
640.18	5741.33
640.51	7396.09
640.84	7915.69
641.16	5575.16
641.49	7501.42
641.82	5727.29
642.14	5774.10
642.47	13916.83
642.80	6942.03
643.12	9476.83
643.45	6801.60
643.78	7250.98
644.10	6071.35
644.43	7073.10
644.75	10071.33
645.08	5210.03
645.41	8210.60
645.73	5743.67
646.06	15316.47
646.39	9100.00
646.71	6239.87
647.04	6410.73
647.36	5013.43
647.69	8601.47
648.01	7243.96
648.34	6108.80
648.67	9970.68
648.99	10260.91
649.32	6066.67
649.64	5359.83
649.97	4671.71
650.29	5352.81
650.62	14719.63
650.94	7314.17
651.27	11136.27
651.59	6902.24
651.92	5907.51
652.25	7978.89
652.57	5830.27
652.90	5907.51
653.22	7674.62
653.55	7576.31
653.87	4964.28
654.20	7513.12
654.52	11016.90
654.84	6806.28
655.17	8297.20
655.49	11377.34
655.82	6548.82
656.14	7700.36
656.47	11101.16
656.79	11578.63
657.12	6565.20
657.44	6380.30
657.77	8964.25
658.09	7583.34
658.41	7012.24
658.74	8587.43
659.06	5458.13
659.39	6895.22
659.71	6345.19
660.03	6892.88
660.36	6672.87
660.68	10061.96
661.01	13322.33
661.33	10579.22
661.65	6270.30
661.98	13809.16
662.30	13532.98
662.63	7403.11
662.95	6757.13
663.27	6052.63
663.60	5502.60
663.92	6946.71
664.24	6848.41
664.57	5767.08
664.89	6094.76
665.21	6328.81
665.54	9425.34
665.86	7391.41
666.18	7604.40
666.51	10483.26
666.83	6579.25
667.15	15269.66
667.47	9717.90
667.80	8241.03
668.12	5991.77
668.44	7428.86
668.77	8596.79
669.09	10338.15
669.41	9041.49
669.73	5441.75
670.06	7091.82
670.38	6696.27
670.70	5423.02
671.02	8346.35
671.35	6359.24
671.67	10630.71
671.99	6724.36
672.31	10005.79
672.63	7775.26
672.96	11157.33
673.28	6384.98
673.60	7492.05
673.92	7358.64
674.24	5851.34
674.57	6071.35
674.89	9846.63
675.21	6789.89
675.53	8919.78
675.85	10104.09
676.17	9942.60
676.50	5916.87
676.82	9898.13
677.14	7494.40
677.46	14649.41
677.78	5329.40
678.10	9504.92
678.42	6967.77
678.75	6239.87
679.07	5762.40
679.39	7197.15
679.71	6396.68
680.03	6345.19
680.35	6436.47
680.67	6661.16
680.99	6155.61
681.31	5394.93
681.63	8028.04
681.96	10171.97
682.28	6413.07
682.60	5926.24
682.92	8657.64
683.24	5467.49
683.56	8636.58
683.88	6228.17
684.20	6860.11
684.52	6370.94
684.84	6265.61
685.16	6679.89
685.48	8938.51
685.80	7906.33
686.12	9263.84
686.44	11878.22
686.76	6970.12
687.08	5439.40
687.40	5823.25
687.72	9123.41
688.04	6188.38
688.36	14506.64
688.68	10946.69
689.00	8231.66
689.32	6628.40
689.64	6485.62
689.96	6890.54
690.28	9841.95
690.60	10314.74
690.92	6064.33
691.24	8561.68
691.56	6677.55
691.88	6977.14
692.19	5926.24
692.51	9502.58
692.83	8131.02
693.15	8999.36
693.47	8147.40
693.79	7379.71
694.11	9715.56
694.43	7691.00
694.75	6977.14
695.06	7595.04
695.38	9996.43
695.70	7335.24
696.02	7489.71
696.34	6476.26
696.66	6560.52
696.98	5224.08
697.29	6918.62
697.61	11274.36
697.93	9582.15
698.25	14066.62
698.57	8170.81
698.89	5502.60
699.20	6785.21
699.52	11169.04
699.84	5228.76
700.16	7077.78
700.48	10551.14
700.79	5781.12
701.11	11747.15
701.43	9217.03
701.75	6312.42
702.07	6860.11
702.38	11908.65
702.70	6221.14
703.02	6019.86
703.34	8727.86
703.65	7499.08
703.97	6883.52
704.29	5294.29
704.61	5895.81
704.92	9219.37
705.24	6766.49
705.56	9434.70
705.87	9970.68
706.19	7143.32
706.51	5341.10
706.82	10036.22
707.14	6127.52
707.46	5263.86
707.78	5909.85
708.09	8336.99
708.41	9781.10
708.73	7662.91
709.04	10160.27
709.36	6729.04
709.68	7110.55
709.99	13055.51
710.31	10289.00
710.62	7356.30
710.94	6722.02
711.26	8159.11
711.57	6614.35
711.89	5699.20
712.21	15241.57
712.52	7407.80
712.84	10630.71
713.15	7681.64
713.47	9324.69
713.79	5535.37
714.10	6251.57
714.42	6895.22
714.73	11000.52
715.05	5469.83
715.36	5830.27
715.68	7644.19
715.99	6745.42
716.31	9710.88
716.63	8465.72
716.94	9713.22
717.26	20095.84
717.57	9343.42
717.89	11597.35
718.20	6111.14
718.52	9652.37
718.83	7045.01
719.15	14546.43
719.46	14094.71
719.78	7882.92
720.09	7150.34
720.41	6010.50
720.72	5696.86
721.04	5738.99
721.35	6972.46
721.67	6853.09
721.98	6691.59
722.29	6600.31
722.61	6232.85
722.92	5163.22
723.24	6925.65
723.55	7606.74
723.87	7819.73
724.18	9020.42
724.50	5757.72
724.81	7030.97
725.12	7152.68
725.44	8418.91
725.75	7470.99
726.07	10590.92
726.38	8264.43
726.69	6616.69
727.01	8699.77
727.32	9144.47
727.63	6607.33
727.95	10995.84
728.26	6296.04
728.58	9060.21
728.89	6633.08
729.20	7194.81
729.52	5949.64
729.83	13752.99
730.14	8505.51
730.46	7208.85
730.77	9863.02
731.08	8566.36
731.39	6878.83
731.71	7330.56
732.02	9266.18
732.33	7339.92
732.65	6761.81
732.96	10916.26
733.27	9378.53
733.59	14834.32
733.90	9832.59
734.21	5600.90
734.52	6752.45
734.84	17231.02
735.15	6590.95
735.46	6930.33
735.77	7520.14
736.09	7248.64
736.40	11169.04
736.71	9097.66
737.02	5685.16
737.33	6654.14
737.65	6176.67
737.96	7515.46
738.27	7915.69
738.58	13488.51
738.89	8758.28
739.21	6417.75
739.52	5270.89
739.83	8711.47
740.14	6174.33
740.45	7363.33
740.76	6506.69
741.08	5717.93
741.39	7307.15
741.70	6614.35
742.01	7798.66
742.32	10207.08
742.63	7606.74
742.94	6047.94
743.26	8594.45
743.57	8320.60
743.88	9195.96
744.19	7943.78
744.50	7005.22
744.81	12683.36
745.12	7143.32
745.43	7183.10
745.74	15456.90
746.05	11639.48
746.36	5200.67
746.67	12238.66
746.99	6817.98
747.30	8564.02
747.61	6597.97
747.92	7826.75
748.23	10244.52
748.54	6888.20
748.85	6942.03
749.16	7531.84
749.47	6097.10
749.78	6602.65
750.09	6853.09
750.40	8116.98
750.71	7864.20
751.02	8545.30
751.33	7019.27
751.64	8301.88
751.95	7290.77
752.26	8671.68
752.57	8870.63
752.88	6778.19
753.19	7353.96
753.50	10616.67
753.81	7005.22
754.11	7330.56
754.42	17205.28
754.73	7648.87
755.04	8105.28
755.35	7791.64
755.66	13975.34
755.97	5856.02
756.28	6026.88
756.59	8748.92
756.90	17336.35
757.21	8163.79
757.52	11318.83
757.82	8205.92
758.13	6445.84
758.44	10078.35
758.75	8868.29
759.06	6476.26
759.37	6057.31
759.68	8009.31
759.98	6558.18
760.29	8704.45
760.60	7817.39
760.91	5427.70
761.22	7148.00
761.53	7611.42
761.83	6399.02
762.14	7581.00
762.45	6633.08
762.76	5823.25
763.07	8376.78
763.37	16299.49
763.68	11365.64
763.99	13214.66
764.30	11915.67
764.60	6459.88
764.91	10033.88
765.22	7786.96
765.53	13383.18
765.84	8107.62
766.14	6991.18
766.45	5547.07
766.76	11215.85
767.06	12109.93
767.37	6925.65
767.68	7480.35
767.99	6881.18
768.29	6527.75
768.60	7293.11
768.91	10289.00
769.21	13310.63
769.52	11157.33
769.83	7155.02
770.13	7581.00
770.44	6855.43
770.75	9240.44
771.05	7485.03
771.36	9130.43
771.67	7686.32
771.97	7014.59
772.28	7103.53
772.59	7943.78
772.89	9589.17
773.20	6490.31
773.51	6602.65
773.81	11955.46
774.12	6010.50
774.42	7417.16
774.73	6120.50
775.04	6279.66
775.34	21572.72
775.65	8540.61
775.95	12851.88
776.26	8402.52
776.56	6693.93
776.87	8512.53
777.18	65535.00
777.48	17872.33
777.79	7901.65
778.09	11040.31
778.40	6808.62
778.70	6876.49
779.01	10998.18
779.31	7702.70
779.62	6892.88
779.92	9041.49
780.23	8908.08
780.53	5748.36
780.84	7246.30
781.14	6555.84
781.45	6670.53
781.75	9554.07
782.06	6462.22
782.36	8180.17
782.67	6125.18
782.97	6417.75
783.28	13359.78
783.58	6850.75
783.89	6675.21
784.19	8634.24
784.49	12779.32
784.80	7243.96
785.10	12966.57
785.41	6157.95
785.71	8723.18
786.02	8292.52
786.32	14272.59
786.62	9430.02
786.93	11964.82
787.23	6815.64
787.54	7054.37
787.84	12699.75
788.14	8695.09
788.45	8947.87
788.75	9898.13
789.05	6076.03
789.36	7138.63
789.66	14160.24
789.96	9404.27
790.27	7431.20
790.57	7524.82
790.87	6188.38
791.18	6455.20
791.48	6464.56
791.78	8322.94
792.09	8982.98
792.39	6368.60
792.69	9685.14
793.00	8603.81
793.30	9125.75
793.60	5949.64
793.90	5511.96
794.21	8505.51
794.51	17111.66
794.81	11136.27
795.11	7667.60
795.42	6670.53
795.72	11510.75
796.02	9399.59
796.32	8468.06
796.63	8798.07
796.93	10195.37
797.23	9165.54
797.53	8124.00
797.84	10476.24
798.14	6366.26
798.44	8372.10
798.74	8643.60
799.04	8299.54
799.34	5811.55
799.65	16016.29
799.95	7918.03
800.25	7089.48
800.55	6895.22
800.85	8070.17
801.15	6394.34
801.46	7293.11
801.76	17860.63
802.06	6825.00
802.36	8409.54
802.66	6668.19
802.96	9411.29
803.26	10925.62
803.56	13315.31
803.87	16343.96
804.17	7360.98
804.47	9841.95
804.77	10628.37
805.07	10923.28
805.37	9680.46
805.67	9069.58
805.97	7019.27
806.27	7421.84
806.57	6806.28
806.87	11878.22
807.17	8116.98
807.47	11417.13
807.77	11178.40
808.07	6860.11
808.37	11688.64
808.67	7801.01
808.98	15728.40
809.28	7037.99
809.58	15990.54
809.88	10485.60
810.18	14906.87
810.47	7290.77
810.77	7452.27
811.07	9261.50
811.37	8554.66
811.67	6354.55
811.97	5523.66
812.27	6223.48
812.57	5469.83
812.87	6558.18
813.17	6342.85
813.47	6303.06
813.77	6810.96
814.07	6672.87
814.37	9966.00
814.67	6399.02
814.97	7482.69
815.27	6310.08
815.56	8683.39
815.86	11356.28
816.16	7920.37
816.46	5881.77
816.76	6654.14
817.06	10396.66
817.36	12734.85
817.66	7566.95
817.95	6181.35
818.25	8430.61
818.55	9886.42
818.85	9224.05
819.15	6785.21
819.45	13245.09
819.75	7555.25
820.04	7445.24
820.34	15946.07
820.64	9914.51
820.94	12634.21
821.24	7023.95
821.53	7487.37
821.83	6700.95
822.13	6059.65
822.43	7105.87
822.72	5628.99
823.02	6548.82
823.32	6043.26
823.62	7974.21
823.91	15094.11
824.21	5811.55
824.51	8468.06
824.81	6998.20
825.10	5682.82
825.40	9355.12
825.70	7808.03
826.00	12540.59
826.29	6853.09
826.59	8208.26
826.89	6916.28
827.18	6443.49
827.48	6455.20
827.78	6022.20
828.07	7588.02
828.37	9483.85
828.67	8212.94
828.96	7812.71
829.26	6523.07
829.56	10696.25
829.85	6663.51
830.15	8339.33
830.45	5753.04
830.74	12198.87
831.04	9474.49
831.34	10134.52
831.63	13561.06
831.93	9844.29
832.22	9415.98
832.52	7674.62
832.82	5973.05
833.11	6005.81
833.41	6244.55
833.70	6693.93
834.00	10448.15
834.29	7758.88
834.59	5753.04
834.89	8432.95
835.18	7042.67
835.48	13109.34
835.77	9123.41
836.07	9320.01
836.36	9165.54
836.66	10150.90
836.95	7360.98
837.25	6502.01
837.54	8851.91
837.84	6808.62
838.13	8086.55
838.43	6494.99
838.72	13706.18
839.02	10691.57
839.31	6232.85
839.61	10551.14
839.90	5650.05
840.20	7707.38
840.49	5951.98
840.78	8439.97
841.08	9116.39
841.37	6857.77
841.67	5895.81
841.96	8945.53
842.26	7948.46
842.55	5790.49
842.84	6263.27
843.14	10040.90
843.43	5818.57
843.73	7440.56
844.02	5846.66
844.31	7248.64
844.61	6787.55
844.90	8379.12
845.20	7892.29
845.49	5416.00
845.78	6799.26
846.08	5891.13
846.37	5071.94
846.66	8498.49
846.96	8889.35
847.25	8446.99
847.54	5746.02
847.84	8856.59
848.13	7190.13
848.42	9905.15
848.72	6373.28
849.01	8828.50
849.30	6597.97
849.59	6204.76
849.89	6415.41
850.18	12259.73
850.47	5947.30
850.76	18288.95
851.06	14590.90
851.35	8498.49
851.64	9596.20
851.93	7777.60
852.23	10691.57
852.52	7021.61
852.81	6712.66
853.10	7449.93
853.40	5444.09
853.69	5493.24
853.98	7351.62
854.27	9753.01
854.56	6750.10
854.86	8730.20
855.15	7878.24
855.44	8044.42
855.73	5472.17
856.02	6546.48
856.31	9034.47
856.61	8304.22
856.90	6672.87
857.19	5902.83
857.48	5694.52
857.77	5923.90
858.06	5081.30
858.35	5720.27
858.65	11295.43
858.94	9439.38
859.23	7110.55
859.52	9207.67
859.81	11812.68
860.10	6277.32
860.39	9060.21
860.68	7620.78
860.97	6033.90
861.26	6324.13
861.55	12142.70
861.85	7676.96
862.14	9214.69
862.43	9535.34
862.72	8070.17
863.01	5708.57
863.30	6700.95
863.59	7318.86
863.88	7143.32
864.17	7286.09
864.46	6263.27
864.75	14127.47
865.04	7742.49
865.33	5802.19
865.62	10548.79
865.91	6480.94
866.20	8704.45
866.49	6780.53
866.78	6937.35
867.07	6642.44
867.36	9982.38
867.65	11693.32
867.93	9102.34
868.22	7459.29
868.51	7007.56
868.80	7646.53
869.09	7005.22
869.38	6270.30
869.67	12442.29
869.96	12442.29
870.25	12442.29
