178.76	1729.66
179.14	1729.66
179.52	1729.66
179.90	1682.85
180.28	10633.05
180.66	6057.31
181.04	8308.90
181.42	7485.03
181.80	6155.61
182.18	10841.36
182.55	5956.66
182.93	7162.04
183.31	7110.55
183.69	7817.39
184.07	8175.49
184.45	6822.66
184.83	7206.51
185.21	6502.01
185.59	6663.51
185.97	16390.77
186.35	11955.46
186.72	7068.42
187.10	7180.76
187.48	11557.57
187.86	8870.63
188.24	6649.46
188.62	6228.17
189.00	11063.71
189.38	7854.84
189.75	7386.73
190.13	7889.95
190.51	6270.30
190.89	14899.85
191.27	20753.53
191.65	6906.92
192.03	7845.48
192.40	10157.92
192.78	7630.15
193.16	8739.56
193.54	12203.55
193.92	10899.87
194.30	6789.89
194.67	9490.87
195.05	8262.09
195.43	7372.69
195.81	6944.37
196.19	10548.79
196.56	7564.61
196.94	7213.53
197.32	11393.73
197.70	6534.78
198.08	8725.52
198.45	6789.89
198.83	7428.86
199.21	6897.56
199.59	12191.85
199.97	7960.16
200.34	5736.65
200.72	6707.98
201.10	13991.72
201.48	10061.96
201.85	6335.83
202.23	6750.10
202.61	6558.18
202.99	15822.02
203.36	6558.18
203.74	8814.46
204.12	6836.70
204.49	6338.17
204.87	8582.74
205.25	7208.85
205.63	5715.59
206.00	6331.15
206.38	7824.41
206.76	9465.13
207.14	6579.25
207.51	5874.74
207.89	10918.60
208.27	6333.49
208.64	5460.47
209.02	6642.44
209.40	6998.20
209.77	5675.80
210.15	14998.15
210.53	5867.72
210.90	11206.48
211.28	6155.61
211.66	11896.94
212.03	6518.39
212.41	5870.06
212.79	7187.79
213.16	5982.41
213.54	7499.08
213.92	7880.58
214.29	5614.95
214.67	6548.82
215.05	6710.32
215.42	9116.39
215.80	6572.22
216.17	6675.21
216.55	7826.75
216.93	5762.40
217.30	8898.72
217.68	6340.51
218.05	6640.10
218.43	6382.64
218.81	6853.09
219.18	10925.62
219.56	6691.59
219.93	6434.13
220.31	6534.78
220.69	5820.91
221.06	6069.01
221.44	7733.13
221.81	6087.73
222.19	5760.06
222.56	6043.26
222.94	6729.04
223.32	7482.69
223.69	6181.35
224.07	8835.52
224.44	12456.33
224.82	7588.02
225.19	8442.31
225.57	7468.65
225.94	6684.57
226.32	7316.51
226.69	12161.42
227.07	8594.45
227.44	6693.93
227.82	7847.82
228.19	7115.23
228.57	8699.77
228.94	11386.71
229.32	9411.29
229.69	8699.77
230.07	6682.23
230.44	6237.53
230.82	10670.50
231.19	9266.18
231.57	5610.26
231.94	5827.93
232.32	8821.48
232.69	6867.13
233.07	7456.95
233.44	8081.87
233.82	6853.09
234.19	7468.65
234.57	9886.42
234.94	6399.02
235.31	6715.00
235.69	7403.11
236.06	7386.73
236.44	8578.06
236.81	5804.53
237.19	7829.09
237.56	11693.32
237.93	6443.49
238.31	7609.08
238.68	6836.70
239.06	7421.84
239.43	8830.84
239.81	8044.42
240.18	5935.60
240.55	6204.76
240.93	12924.44
241.30	7735.47
241.67	7080.12
242.05	8601.47
242.42	9643.01
242.80	5785.80
243.17	7768.24
243.54	7777.60
243.92	9114.05
244.29	7019.27
244.66	7445.24
245.04	10031.54
245.41	16027.99
245.78	5879.43
246.16	6581.59
246.53	8760.63
246.90	6974.80
247.28	12833.16
247.65	6991.18
248.02	7052.03
248.40	9778.76
248.77	7478.01
249.14	8168.47
249.52	6815.64
249.89	8264.43
250.26	6300.72
250.64	7424.18
251.01	15110.50
251.38	5694.52
251.75	7250.98
252.13	6597.97
252.50	8933.82
252.87	13310.63
253.25	5881.77
253.62	7691.00
253.99	5729.63
254.36	9453.42
254.74	6633.08
255.11	6125.18
255.48	5556.43
255.85	13914.48
256.23	5673.46
256.60	5355.15
256.97	6771.17
257.34	8121.66
257.71	7581.00
258.09	6293.70
258.46	7599.72
258.83	11302.45
259.20	9610.24
259.58	7002.88
259.95	7000.54
260.32	9329.38
260.69	5956.66
261.06	10560.50
261.44	6139.23
261.81	12858.90
262.18	7588.02
262.55	6270.30
262.92	7295.45
263.29	6600.31
263.67	5682.82
264.04	6661.16
264.41	6722.02
264.78	6448.18
265.15	10057.28
265.52	12224.62
265.90	7353.96
266.27	6349.87
266.64	5738.99
267.01	5474.51
267.38	7775.26
267.75	6174.33
268.12	5296.63
268.50	6939.69
268.87	6253.91
269.24	6183.70
269.61	7658.23
269.98	8140.38
270.35	8077.19
270.72	6097.10
271.09	6801.60
271.46	6672.87
271.83	7906.33
272.21	9273.20
272.58	6059.65
272.95	6473.92
273.32	7288.43
273.69	7129.27
274.06	5589.20
274.43	6143.91
274.80	7091.82
275.17	7648.87
275.54	11379.68
275.91	7215.87
276.28	7248.64
276.65	7569.29
277.02	11044.99
277.39	6366.26
277.76	6150.93
278.13	8264.43
278.50	8594.45
278.87	10354.53
279.24	8990.00
279.61	8259.75
279.98	9647.69
280.35	6368.60
280.72	7562.27
281.09	6911.60
281.46	7473.33
281.83	6155.61
282.20	7880.58
282.57	6530.09
282.94	7960.16
283.31	6574.56
283.68	7784.62
284.05	5682.82
284.42	5195.99
284.79	7698.02
285.16	8503.17
285.53	7218.21
285.90	7169.06
286.27	14494.94
286.64	5610.26
287.01	6218.80
287.38	8376.78
287.75	58644.46
288.12	8432.95
288.49	16245.66
288.86	6064.33
289.23	6155.61
289.59	6190.72
289.96	5982.41
290.33	6326.47
290.70	6633.08
291.07	8327.63
291.44	7796.32
291.81	6078.37
292.18	7227.57
292.55	6516.05
292.91	12437.61
293.28	8341.67
293.65	10843.70
294.02	7758.88
294.39	5694.52
294.76	7030.97
295.13	7178.42
295.50	7103.53
295.86	7030.97
296.23	6541.80
296.60	5867.72
296.97	6464.56
297.34	6909.26
297.71	8943.19
298.07	7148.00
298.44	5383.23
298.81	8074.85
299.18	7375.03
299.55	10366.23
299.91	6998.20
300.28	7375.03
300.65	5490.90
301.02	7569.29
301.39	8231.66
301.75	13434.68
302.12	8238.69
302.49	6815.64
302.86	10410.70
303.23	7342.26
303.59	6129.86
303.96	16947.82
304.33	9617.26
304.70	14710.27
305.06	6626.06
305.43	10134.52
305.80	8133.36
306.17	8943.19
306.53	6415.41
306.90	9507.26
307.27	7274.38
307.64	10401.34
308.00	6490.31
308.37	6452.86
308.74	11857.15
309.11	8765.31
309.47	6251.57
309.84	5483.88
310.21	6860.11
310.57	7339.92
310.94	6649.46
311.31	7199.49
311.67	7812.71
312.04	5579.84
312.41	9617.26
312.77	8058.46
313.14	6242.21
313.51	6839.05
313.87	6523.07
314.24	6326.47
314.61	6267.95
314.97	6637.76
315.34	7311.83
315.71	5607.92
316.07	9076.60
316.44	5748.36
316.81	8648.28
317.17	6274.98
317.54	15070.71
317.91	6366.26
318.27	5493.24
318.64	6717.34
319.00	8732.54
319.37	5518.98
319.74	9284.91
320.10	9390.23
320.47	6675.21
320.83	10532.41
321.20	6810.96
321.57	6071.35
321.93	6527.75
322.30	7332.90
322.66	6228.17
323.03	8505.51
323.40	7859.52
323.76	6392.00
324.13	6401.37
324.49	5469.83
324.86	18663.43
325.22	7288.43
325.59	6970.12
325.95	7784.62
326.32	9415.98
326.68	9053.19
327.05	6970.12
327.42	6057.31
327.78	6413.07
328.15	9160.86
328.51	6438.81
328.88	8533.59
329.24	10839.02
329.61	7262.68
329.97	8444.65
330.34	6389.66
330.70	7129.27
331.07	10537.09
331.43	8468.06
331.80	12917.42
332.16	9989.41
332.52	6090.07
332.89	8126.34
333.25	5476.85
333.62	12362.71
333.98	6771.17
334.35	6806.28
334.71	7281.41
335.08	5797.51
335.44	11754.17
335.81	11873.54
336.17	9982.38
336.53	7045.01
336.90	5895.81
337.26	8416.57
337.63	9430.02
337.99	7534.18
338.36	5944.96
338.72	8781.69
339.08	7524.82
339.45	5816.23
339.81	9334.06
340.18	6738.40
340.54	10272.61
340.90	6380.30
341.27	6836.70
341.63	8025.70
341.99	5317.70
342.36	10422.41
342.72	5776.44
343.09	10207.08
343.45	6260.93
343.81	10436.45
344.18	5516.64
344.54	6799.26
344.90	7655.89
345.27	7368.01
345.63	6970.12
345.99	8830.84
346.36	7089.48
346.72	5757.72
347.08	5994.11
347.45	5401.96
347.81	9907.49
348.17	7520.14
348.54	5666.44
348.90	8854.25
349.26	9603.22
349.62	10441.13
349.99	5352.81
350.35	5123.43
350.71	7686.32
351.08	7124.59
351.44	5165.56
351.80	13270.84
352.16	11424.15
352.53	5923.90
352.89	8362.73
353.25	10729.02
353.61	6511.37
353.98	8592.11
354.34	10064.30
354.70	6448.18
355.06	5301.31
355.43	7199.49
355.79	6712.66
356.15	6583.93
356.51	5832.62
356.88	6073.69
357.24	6644.78
357.60	5507.28
357.96	5226.42
358.32	15042.62
358.69	5373.87
359.05	7925.05
359.41	7337.58
359.77	5811.55
360.13	6169.65
360.49	6059.65
360.86	8730.20
361.22	10925.62
361.58	7620.78
361.94	10960.73
362.30	5788.14
362.66	8341.67
363.03	5296.63
363.39	5291.95
363.75	6155.61
364.11	9813.87
364.47	6153.27
364.83	10415.38
365.19	7384.39
365.56	8734.88
365.92	5427.70
366.28	8690.41
366.64	9736.63
367.00	5444.09
367.36	5404.30
367.72	9797.48
368.08	9153.84
368.44	6345.19
368.80	8145.06
369.17	6415.41
369.53	6600.31
369.89	5954.32
370.25	5832.62
370.61	6237.53
370.97	10590.92
371.33	6331.15
371.69	12505.48
372.05	8133.36
372.41	5619.63
372.77	6415.41
373.13	7403.11
373.49	5121.09
373.85	7939.10
374.21	7365.67
374.57	5760.06
374.93	8603.81
375.29	8915.10
375.65	7290.77
376.01	7115.23
376.37	9977.70
376.73	8404.86
377.09	5689.84
377.45	9544.70
377.81	6733.72
378.17	5888.79
378.53	5055.56
378.89	8294.86
379.25	10878.81
379.61	13844.27
379.97	9135.11
380.33	6499.67
380.69	6204.76
381.05	5750.70
381.41	8894.04
381.77	7199.49
382.13	8512.53
382.49	14436.42
382.85	7342.26
383.21	8648.28
383.57	5277.91
383.93	10356.87
384.28	5053.22
384.64	6396.68
385.00	7410.14
385.36	7208.85
385.72	9004.04
386.08	5837.30
386.44	8807.44
386.80	8650.62
387.16	10619.01
387.52	9497.89
387.87	13664.05
388.23	7957.82
388.59	6181.35
388.95	5521.32
389.31	6693.93
389.67	6726.70
390.03	6143.91
390.38	6415.41
390.74	5027.47
391.10	9256.82
391.46	7456.95
391.82	5928.58
392.18	8334.65
392.54	4903.42
392.89	5650.05
393.25	8234.00
393.61	5661.76
393.97	5441.75
394.33	7775.26
394.68	6848.41
395.04	5575.16
395.40	7255.66
395.76	9013.40
396.12	7246.30
396.47	5687.50
396.83	6937.35
397.19	5535.37
397.55	5631.33
397.90	7262.68
398.26	7293.11
398.62	5586.86
398.98	4894.06
399.33	6679.89
399.69	24631.80
400.05	8245.71
400.41	5682.82
400.76	8748.92
401.12	9975.36
401.48	7632.49
401.84	6015.18
402.19	6303.06
402.55	7583.34
402.91	7148.00
403.26	5352.81
403.62	8219.96
403.98	6981.82
404.34	4772.35
404.69	6867.13
405.05	8922.12
405.41	13858.31
405.76	5865.38
406.12	5823.25
406.48	6712.66
406.83	6087.73
407.19	8320.60
407.55	7812.71
407.90	14148.54
408.26	8517.21
408.62	9107.02
408.97	7012.24
409.33	5401.96
409.68	5750.70
410.04	7541.21
410.40	5879.43
410.75	7903.99
411.11	5764.74
411.47	7370.35
411.82	6600.31
412.18	7155.02
412.53	6654.14
412.89	6127.52
413.25	6597.97
413.60	7117.57
413.96	5142.16
414.31	6375.62
414.67	7288.43
415.03	5284.93
415.38	5717.93
415.74	6368.60
416.09	6574.56
416.45	8482.10
416.80	5860.70
417.16	8355.71
417.51	6757.13
417.87	6260.93
418.23	7548.23
418.58	7847.82
418.94	4896.40
419.29	5954.32
419.65	7733.13
420.00	8723.18
420.36	8198.90
420.71	8133.36
421.07	5502.60
421.42	7075.44
421.78	8973.61
422.13	6623.72
422.49	5350.46
422.84	7335.24
423.20	5238.12
423.55	5434.72
423.91	5406.64
424.26	13692.13
424.61	8060.80
424.97	11248.61
425.32	5856.02
425.68	6558.18
426.03	7494.40
426.39	10071.33
426.74	9769.40
427.10	9221.71
427.45	6019.86
427.80	7644.19
428.16	6810.96
428.51	6689.25
428.87	7585.68
429.22	9261.50
429.58	9980.04
429.93	10036.22
430.28	5907.51
430.64	6031.56
430.99	5170.24
431.35	7529.50
431.70	6546.48
432.05	6733.72
432.41	8114.64
432.76	7669.94
433.11	7829.09
433.47	7524.82
433.82	10338.15
434.17	7892.29
434.53	7613.76
434.88	14040.87
435.24	7606.74
435.59	7239.28
435.94	5521.32
436.30	8105.28
436.65	6436.47
437.00	9366.82
437.35	16006.92
437.71	6600.31
438.06	6188.38
438.41	6263.27
438.77	7864.20
439.12	5261.52
439.47	4720.86
439.83	7632.49
440.18	5165.56
440.53	6424.77
440.88	12163.76
441.24	8418.91
441.59	5544.73
441.94	6422.43
442.30	8105.28
442.65	12655.28
443.00	6981.82
443.35	10019.83
443.71	6349.87
444.06	9249.80
444.41	7878.24
444.76	11159.67
445.11	7014.59
445.47	10090.05
445.82	8854.25
446.17	5837.30
446.52	10160.27
446.88	7117.57
447.23	5252.16
447.58	7686.32
447.93	6015.18
448.28	28912.64
448.63	10600.29
448.99	6850.75
449.34	8278.47
449.69	8856.59
450.04	6167.31
450.39	6129.86
450.74	6988.84
451.10	6738.40
451.45	7066.08
451.80	7634.83
452.15	9966.00
452.50	8145.06
452.85	9858.34
453.21	8791.05
453.56	7747.17
453.91	6642.44
454.26	7365.67
454.61	5717.93
454.96	8170.81
455.31	6600.31
455.66	6230.51
456.01	7957.82
456.36	6207.10
456.72	5898.15
457.07	7632.49
457.42	9970.68
457.77	9083.62
458.12	5792.83
458.47	7234.60
458.82	9476.83
459.17	6958.41
459.52	7248.64
459.87	11627.78
460.22	5603.24
460.57	7009.90
460.92	6017.52
461.27	8161.45
461.62	6438.81
461.97	5884.11
462.32	11974.18
462.67	10635.39
463.02	13532.98
463.38	13228.71
463.73	8758.28
464.08	12154.40
464.43	7459.29
464.78	5729.63
465.12	8053.78
465.47	8547.64
465.82	27063.61
466.17	6455.20
466.52	8512.53
466.87	6307.74
467.22	5933.26
467.57	5224.08
467.92	7550.57
468.27	10810.93
468.62	14628.35
468.97	6712.66
469.32	4851.93
469.67	15438.17
470.02	13832.57
470.37	5959.00
470.72	7463.97
471.07	5291.95
471.42	6672.87
471.76	6810.96
472.11	6567.54
472.46	8339.33
472.81	15037.94
473.16	5949.64
473.51	5968.37
473.86	5228.76
474.21	6600.31
474.56	6228.17
474.90	6169.65
475.25	9633.64
475.60	8725.52
475.95	5966.03
476.30	11101.16
476.65	10108.77
477.00	15005.17
477.34	11101.16
477.69	5530.69
478.04	9226.39
478.39	7068.42
478.74	5809.21
479.09	5167.90
479.43	6979.48
479.78	4844.91
480.13	12294.83
480.48	9919.19
480.83	7052.03
481.17	5327.06
481.52	7185.44
481.87	6448.18
482.22	11772.89
482.57	6438.81
482.91	9083.62
483.26	7676.96
483.61	6403.71
483.96	7428.86
484.30	65535.00
484.65	12748.90
485.00	5722.61
485.35	6621.38
485.69	5879.43
486.04	6370.94
486.39	7648.87
486.74	7590.36
487.08	5315.36
487.43	7838.45
487.78	4933.85
488.12	8194.22
488.47	6015.18
488.82	10326.44
489.17	5825.59
489.51	5062.58
489.86	8030.38
490.21	5093.01
490.55	7721.43
490.90	5371.53
491.25	6445.84
491.59	5537.71
491.94	12664.64
492.29	6296.04
492.63	6942.03
492.98	4770.01
493.33	7288.43
493.67	6146.25
494.02	5448.77
494.37	5603.24
494.71	8079.53
495.06	6066.67
495.40	10246.87
495.75	5895.81
496.10	10265.59
496.44	6855.43
496.79	8194.22
497.13	5841.98
497.48	13991.72
497.83	10129.84
498.17	8025.70
498.52	5394.93
498.86	8470.40
499.21	6609.67
499.56	5806.87
499.90	6462.22
500.25	5357.49
500.59	6890.54
500.94	7660.57
501.28	8681.05
501.63	9387.89
501.97	6452.86
502.32	5652.39
502.67	7838.45
503.01	5217.05
503.36	6174.33
503.70	6176.67
504.05	8215.28
504.39	9097.66
504.74	6513.71
505.08	10640.08
505.43	4840.23
505.77	5504.94
506.12	7325.88
506.46	6567.54
506.81	5898.15
507.15	5694.52
507.49	6410.73
507.84	5776.44
508.18	7648.87
508.53	7229.91
508.87	7070.76
509.22	6567.54
509.56	65535.00
509.91	19161.97
510.25	7019.27
510.60	4908.10
510.94	8809.78
511.28	4762.99
511.63	9188.94
511.97	7658.23
512.32	8896.38
512.66	5713.25
513.00	7045.01
513.35	9291.93
513.69	5741.33
514.04	8414.23
514.38	8634.24
514.72	7466.31
515.07	5589.20
515.41	5675.80
515.76	5954.32
516.10	7094.16
516.44	8725.52
516.79	6204.76
517.13	5291.95
517.47	8975.95
517.82	7293.11
518.16	6677.55
518.50	7213.53
518.85	7454.61
519.19	10181.33
519.53	13408.93
519.88	8929.14
520.22	6427.11
520.56	6850.75
520.91	5125.77
521.25	5516.64
521.59	6768.83
521.93	7765.90
522.28	6539.46
522.62	7410.14
522.96	8971.27
523.31	6635.42
523.65	7859.52
523.99	8510.19
524.33	11173.72
524.68	7955.48
525.02	5322.38
525.36	7737.81
525.70	5207.69
526.05	5870.06
526.39	5504.94
526.73	8393.16
527.07	7101.19
527.41	10417.72
527.76	5788.14
528.10	6457.54
528.44	7911.01
528.78	6717.34
529.12	8599.13
529.47	6471.58
529.81	9207.67
530.15	9266.18
530.49	8205.92
530.83	4943.21
531.18	5516.64
531.52	6581.59
531.86	5401.96
532.20	6918.62
532.54	9537.68
532.88	4870.65
533.22	6335.83
533.57	6026.88
533.91	9341.08
534.25	5425.36
534.59	10754.76
534.93	8533.59
535.27	5659.42
535.61	6450.52
535.95	10649.44
536.30	5341.10
536.64	6665.85
536.98	4587.45
537.32	6480.94
537.66	4933.85
538.00	7971.86
538.34	8114.64
538.68	8067.83
539.02	11503.73
539.36	6059.65
539.70	5327.06
540.04	6876.49
540.39	19585.60
540.73	5818.57
541.07	6892.88
541.41	7581.00
541.75	7573.97
542.09	9832.59
542.43	7789.30
542.77	6920.96
543.11	7475.67
543.45	6836.70
543.79	9392.57
544.13	6443.49
544.47	6457.54
544.81	5668.78
545.15	8184.85
545.49	6644.78
545.83	5652.39
546.17	6417.75
546.51	4699.80
546.85	6008.16
547.19	11014.56
547.53	5242.80
547.87	8360.39
548.21	11831.41
548.54	7101.19
548.88	5902.83
549.22	5849.00
549.56	5142.16
549.90	6015.18
550.24	6871.81
550.58	5724.95
550.92	9661.73
551.26	6218.80
551.60	10949.03
551.94	6373.28
552.28	6314.77
552.61	8287.84
552.95	6415.41
553.29	5973.05
553.63	7166.72
553.97	11145.63
554.31	9102.34
554.65	10384.96
554.99	10235.16
555.32	6211.78
555.66	8004.63
556.00	4819.16
556.34	6457.54
556.68	7304.81
557.02	9011.06
557.36	7342.26
557.69	7073.10
558.03	6099.44
558.37	12514.84
558.71	14492.60
559.05	10207.08
559.38	11323.51
559.72	5874.74
560.06	8777.01
560.40	8226.98
560.74	9593.86
561.07	8084.21
561.41	9011.06
561.75	7630.15
562.09	6155.61
562.42	8870.63
562.76	8318.26
563.10	7208.85
563.44	24395.40
563.77	7630.15
564.11	8173.15
564.45	9633.64
564.79	8011.65
565.12	7101.19
565.46	7566.95
565.80	7637.17
566.14	7543.55
566.47	9198.31
566.81	5710.91
567.15	7309.49
567.48	7756.54
567.82	8285.50
568.16	7583.34
568.49	5834.96
568.83	5327.06
569.17	6820.32
569.50	7698.02
569.84	10590.92
570.18	7889.95
570.51	11138.61
570.85	6871.81
571.19	6363.92
571.52	5731.97
571.86	9469.81
572.20	6427.11
572.53	10810.93
572.87	5935.60
573.21	5544.73
573.54	5373.87
573.88	7597.38
574.21	7250.98
574.55	6874.15
574.89	6274.98
575.22	8961.91
575.56	5977.73
575.89	5996.45
576.23	6658.82
576.57	7843.14
576.90	6106.46
577.24	7452.27
577.57	5458.13
577.91	7534.18
578.24	5167.90
578.58	6761.81
578.91	8105.28
579.25	5923.90
579.59	7077.78
579.92	6803.94
580.26	5390.25
580.59	7822.07
580.93	7709.72
581.26	6298.38
581.60	7943.78
581.93	8304.22
582.27	10883.49
582.60	5631.33
582.94	7485.03
583.27	5678.14
583.61	6583.93
583.94	7293.11
584.28	5266.21
584.61	6450.52
584.94	7999.95
585.28	8049.10
585.61	8812.12
585.95	8173.15
586.28	11470.97
586.62	12915.08
586.95	7040.33
587.29	11995.25
587.62	15384.34
587.95	5708.57
588.29	7499.08
588.62	8390.82
588.96	9308.31
589.29	6260.93
589.62	6291.36
589.96	6630.74
590.29	6129.86
590.63	5263.86
590.96	8645.94
591.29	9032.13
591.63	9420.66
591.96	5561.11
592.29	6551.16
592.63	6057.31
592.96	7508.44
593.30	11541.18
593.63	7618.44
593.96	5715.59
594.30	6331.15
594.63	7847.82
594.96	11604.38
595.30	6913.94
595.63	6282.00
595.96	5937.94
596.29	7702.70
596.63	6520.73
596.96	8706.79
597.29	7997.61
597.63	5114.07
597.96	10054.94
598.29	9535.34
598.63	9261.50
598.96	5947.30
599.29	6167.31
599.62	5966.03
599.96	6207.10
600.29	6827.34
600.62	5713.25
600.95	6146.25
601.29	6841.39
601.62	7627.81
601.95	7084.80
602.28	6069.01
602.61	19262.61
602.95	7227.57
603.28	11838.43
603.61	5860.70
603.94	9331.72
604.27	5776.44
604.61	8292.52
604.94	7981.23
605.27	7501.42
605.60	5668.78
605.93	5994.11
606.27	9025.11
606.60	5879.43
606.93	5320.04
607.26	10991.16
607.59	6897.56
607.92	9776.42
608.26	6008.16
608.59	6026.88
608.92	6747.76
609.25	5626.65
609.58	7496.74
609.91	8276.13
610.24	13523.62
610.57	7925.05
610.90	9490.87
611.24	5163.22
611.57	5259.18
611.90	8992.34
612.23	6862.45
612.56	8884.67
612.89	8547.64
613.22	8795.73
613.55	5111.73
613.88	9275.54
614.21	5657.07
614.54	7801.01
614.87	5902.83
615.20	4833.21
615.53	9834.93
615.87	6022.20
616.20	7122.25
616.53	10040.90
616.86	7033.31
617.19	7953.14
617.52	6176.67
617.85	6356.90
618.18	5996.45
618.51	6480.94
618.84	8463.38
619.17	6506.69
619.50	10567.52
619.83	10059.62
620.16	8329.97
620.49	6382.64
620.82	14073.64
621.14	10649.44
621.47	6502.01
621.80	9671.09
622.13	7358.64
622.46	14373.23
622.79	8374.44
623.12	5565.79
623.45	9228.73
623.78	8531.25
624.11	5722.61
624.44	7564.61
624.77	5523.66
625.10	5991.77
625.43	5535.37
625.75	7159.70
626.08	6153.27
626.41	5746.02
626.74	6935.01
627.07	6513.71
627.40	12016.31
627.73	6368.60
628.06	5968.37
628.38	4690.43
628.71	8706.79
629.04	9858.34
629.37	8676.37
629.70	7260.34
630.03	5802.19
630.36	9696.84
630.68	8769.99
631.01	6296.04
631.34	10714.97
631.67	6249.23
632.00	5036.83
632.32	8950.21
632.65	9942.60
632.98	7634.83
633.31	7096.50
633.64	9200.65
633.96	5844.32
634.29	10782.85
634.62	7293.11
634.95	7609.08
635.27	7330.56
635.60	8180.17
635.93	7836.11
636.26	7796.32
636.58	6352.21
636.91	6167.31
637.24	5902.83
637.57	7286.09
637.89	8219.96
638.22	6282.00
638.55	7218.21
638.87	7676.96
639.20	8769.99
639.53	8021.02
639.86	6186.04
640.18	5736.65
640.51	7398.43
640.84	7784.62
641.16	5547.07
641.49	7756.54
641.82	5593.88
642.14	5858.36
642.47	13879.38
642.80	6848.41
643.12	9226.39
643.45	6942.03
643.78	7377.37
644.10	6183.70
644.43	7059.06
644.75	10012.81
645.08	5341.10
645.41	8049.10
645.73	5767.08
646.06	14897.51
646.39	8870.63
646.71	6267.95
647.04	6005.81
647.36	5301.31
647.69	8517.21
648.01	7396.09
648.34	6076.03
648.67	9628.96
648.99	10338.15
649.32	5982.41
649.64	5394.93
649.97	4720.86
650.29	5439.40
650.62	14382.59
650.94	7169.06
651.27	10956.05
651.59	6860.11
651.92	5643.03
652.25	7819.73
652.57	5753.04
652.90	5830.27
653.22	7531.84
653.55	7695.68
653.87	5137.48
654.20	7222.89
654.52	10958.39
654.84	6834.36
655.17	8086.55
655.49	10906.90
655.82	6338.17
656.14	7611.42
656.47	8437.63
656.79	11557.57
657.12	6621.38
657.44	6415.41
657.77	8699.77
658.09	7365.67
658.41	6871.81
658.74	8320.60
659.06	5413.66
659.39	6836.70
659.71	6244.55
660.03	7042.67
660.36	6567.54
660.68	10015.15
661.01	13221.69
661.33	10366.23
661.65	6054.97
661.98	13626.60
662.30	10504.32
662.63	7159.70
662.95	6480.94
663.27	5996.45
663.60	5551.75
663.92	6878.83
664.24	6703.29
664.57	5675.80
664.89	6033.90
665.21	6260.93
665.54	9418.32
665.86	7290.77
666.18	7552.91
666.51	10260.91
666.83	6408.39
667.15	14934.96
667.47	9638.33
667.80	8336.99
668.12	5956.66
668.44	7335.24
668.77	8681.05
669.09	10312.40
669.41	8809.78
669.73	5291.95
670.06	7166.72
670.38	6832.02
670.70	5210.03
671.02	8161.45
671.35	6494.99
671.67	10382.62
671.99	6750.10
672.31	10200.05
672.63	7714.41
672.96	11103.50
673.28	6509.03
673.60	7248.64
673.92	7265.02
674.24	5914.53
674.57	5998.79
674.89	9579.81
675.21	6715.00
675.53	9121.07
675.85	10031.54
676.17	10097.07
676.50	5811.55
676.82	9879.40
677.14	7510.78
677.46	14347.48
677.78	5387.91
678.10	9380.87
678.42	6986.50
678.75	6410.73
679.07	5621.97
679.39	7162.04
679.71	6471.58
680.03	6387.32
680.35	6408.39
680.67	6675.21
680.99	5937.94
681.31	5437.06
681.63	8170.81
681.96	10279.63
682.28	6354.55
682.60	5764.74
682.92	8439.97
683.24	5294.29
683.56	8601.47
683.88	6183.70
684.20	6717.34
684.52	6459.88
684.84	6399.02
685.16	6572.22
685.48	9076.60
685.80	7808.03
686.12	8526.57
686.44	11730.76
686.76	7000.54
687.08	5303.65
687.40	5783.46
687.72	9287.25
688.04	6686.91
688.36	14483.24
688.68	11014.56
689.00	8060.80
689.32	6555.84
689.64	6462.22
689.96	6991.18
690.28	9493.21
690.60	10132.18
690.92	6218.80
691.24	8353.37
691.56	6614.35
691.88	6902.24
692.19	5895.81
692.51	9191.28
692.83	7964.84
693.15	8936.17
693.47	8114.64
693.79	7410.14
694.11	9568.11
694.43	8037.40
694.75	7035.65
695.06	7241.62
695.38	10134.52
695.70	7281.41
696.02	7368.01
696.34	6562.86
696.66	6455.20
696.98	5060.24
697.29	7274.38
697.61	11208.83
697.93	9809.19
698.25	13593.83
698.57	7915.69
698.89	5357.49
699.20	6747.76
699.52	11150.31
699.84	4997.04
700.16	6909.26
700.48	10553.48
700.79	5888.79
701.11	11981.20
701.43	9408.95
701.75	6097.10
702.07	6644.78
702.38	11686.29
702.70	5973.05
703.02	5998.79
703.34	8695.09
703.65	7405.46
703.97	6813.30
704.29	4936.19
704.61	6005.81
704.92	9165.54
705.24	6593.29
705.56	9404.27
705.87	9996.43
706.19	7016.93
706.51	6878.83
706.82	9902.81
707.14	5977.73
707.46	5233.44
707.78	5809.21
708.09	8355.71
708.41	9755.35
708.73	7564.61
709.04	10207.08
709.36	6675.21
709.68	7115.23
709.99	13146.79
710.31	10118.14
710.62	7258.00
710.94	6509.03
711.26	7936.76
711.57	6569.88
711.89	5818.57
712.21	15356.25
712.52	7370.35
712.84	10602.63
713.15	7672.28
713.47	9137.45
713.79	5675.80
714.10	6256.25
714.42	6773.51
714.73	10747.74
715.05	5460.47
715.36	5750.70
715.68	6054.97
715.99	6689.25
716.31	9617.26
716.63	8549.98
716.94	9514.28
717.26	19814.98
717.57	9202.99
717.89	11470.97
718.20	6097.10
718.52	9434.70
718.83	6979.48
719.15	14836.66
719.46	14265.57
719.78	7847.82
720.09	6979.48
720.41	5851.34
720.72	5706.23
721.04	5743.67
721.35	6832.02
721.67	6815.64
721.98	6668.19
722.29	6445.84
722.61	6221.14
722.92	5088.32
723.24	6789.89
723.55	7515.46
723.87	7803.35
724.18	8851.91
724.50	5626.65
724.81	6986.50
725.12	7232.26
725.44	8458.70
725.75	7372.69
726.07	10492.62
726.38	8381.46
726.69	6651.80
727.01	8706.79
727.32	8674.03
727.63	6483.28
727.95	10665.82
728.26	6370.94
728.58	8891.70
728.89	6520.73
729.20	7115.23
729.52	5708.57
729.83	13664.05
730.14	8439.97
730.46	7068.42
730.77	9879.40
731.08	8552.32
731.39	6764.15
731.71	7260.34
732.02	9121.07
732.33	7094.16
732.65	6558.18
732.96	10869.45
733.27	9132.77
733.59	14317.06
733.90	9647.69
734.21	5687.50
734.52	6780.53
734.84	16861.22
735.15	6555.84
735.46	6722.02
735.77	7494.40
736.09	7243.96
736.40	10965.41
736.71	9046.17
737.02	5446.43
737.33	6698.61
737.65	6661.16
737.96	7370.35
738.27	7815.05
738.58	13532.98
738.89	8589.77
739.21	6347.53
739.52	5170.24
739.83	8650.62
740.14	6113.48
740.45	7325.88
740.76	6401.37
741.08	5685.16
741.39	6902.24
741.70	6504.35
742.01	7691.00
742.32	9942.60
742.63	7702.70
742.94	6120.50
743.26	8585.08
743.57	8205.92
743.88	9439.38
744.19	7775.26
744.50	6895.22
744.81	12599.10
745.12	7040.33
745.43	7164.38
745.74	15499.03
746.05	12746.56
746.36	5303.65
746.67	12355.69
746.99	6939.69
747.30	8486.78
747.61	6623.72
747.92	7808.03
748.23	10087.71
748.54	6817.98
748.85	6867.13
749.16	7536.52
749.47	5806.87
749.78	6516.05
750.09	6415.41
750.40	8032.72
750.71	7609.08
751.02	8367.42
751.33	7126.93
751.64	8030.38
751.95	7056.72
752.26	8533.59
752.57	8865.95
752.88	6747.76
753.19	7353.96
753.50	10588.58
753.81	6885.86
754.11	7267.36
754.42	16917.39
754.73	7527.16
755.04	8035.06
755.35	7943.78
755.66	13900.44
755.97	5877.09
756.28	5937.94
756.59	8667.00
756.90	17207.62
757.21	8191.88
757.52	11370.32
757.82	8208.26
758.13	6394.34
758.44	9785.78
758.75	8652.96
759.06	6445.84
759.37	5884.11
759.68	8166.13
759.98	6490.31
760.29	8737.22
760.60	7705.04
760.91	5406.64
761.22	7042.67
761.53	7627.81
761.83	6321.79
762.14	7468.65
762.45	6473.92
762.76	5661.76
763.07	8430.61
763.37	16198.85
763.68	11229.89
763.99	13144.45
764.30	11805.66
764.60	6548.82
764.91	10150.90
765.22	7634.83
765.53	13479.15
765.84	7955.48
766.14	7016.93
766.45	5516.64
766.76	11332.87
767.06	11585.65
767.37	6675.21
767.68	7307.15
767.99	6817.98
768.29	6520.73
768.60	7307.15
768.91	10127.50
769.21	13256.79
769.52	10960.73
769.83	7208.85
770.13	7344.60
770.44	6937.35
770.75	9247.46
771.05	7583.34
771.36	8990.00
771.67	7480.35
771.97	6729.04
772.28	6993.52
772.59	7665.25
772.89	9458.10
773.20	6438.81
773.51	6525.41
773.81	11742.47
774.12	5973.05
774.42	7323.54
774.73	6146.25
775.04	6279.66
775.34	21553.99
775.65	8348.69
775.95	12683.36
776.26	8266.77
776.56	6717.34
776.87	8517.21
777.18	65535.00
777.48	17586.79
777.79	7777.60
778.09	10747.74
778.40	6932.67
778.70	6885.86
779.01	10729.02
779.31	7597.38
779.62	6579.25
779.92	9076.60
780.23	8842.54
780.53	5628.99
780.84	7232.26
781.14	6656.48
781.45	6389.66
781.75	9469.81
782.06	6349.87
782.36	8257.41
782.67	6069.01
782.97	6160.29
783.28	13238.07
783.58	6780.53
783.89	6597.97
784.19	8540.61
784.49	12650.60
784.80	7225.23
785.10	13118.70
785.41	6019.86
785.71	8690.41
786.02	8344.01
786.32	14052.58
786.62	9219.37
786.93	12098.23
787.23	6644.78
787.54	6977.14
787.84	12533.57
788.14	8617.85
788.45	5507.28
788.75	6394.34
789.05	5895.81
789.36	7269.70
789.66	14090.02
789.96	9364.48
790.27	7445.24
790.57	7372.69
790.87	6216.46
791.18	6452.86
791.48	6134.54
791.78	8175.49
792.09	8762.97
792.39	6457.54
792.69	9626.62
793.00	8512.53
793.30	8919.78
793.60	5872.40
793.90	5490.90
794.21	8320.60
794.51	17121.02
794.81	10729.02
795.11	7548.23
795.42	6502.01
795.72	11403.09
796.02	9029.79
796.32	8606.15
796.63	8685.73
796.93	10068.98
797.23	9210.01
797.53	7779.94
797.84	10590.92
798.14	6296.04
798.44	8191.88
798.74	8631.90
799.04	8217.62
799.34	5966.03
799.65	16046.71
799.95	7894.63
800.25	6986.50
800.55	6651.80
800.85	7950.80
801.15	6457.54
801.46	7206.51
801.76	17823.18
802.06	6590.95
802.36	9102.34
802.66	6679.89
802.96	9085.96
803.26	10817.96
803.56	13090.62
803.87	16521.84
804.17	7213.53
804.47	9675.77
804.77	10588.58
805.07	10703.27
805.37	9689.82
805.67	9062.55
805.97	7077.78
806.27	7463.97
806.57	6822.66
806.87	11639.48
807.17	7880.58
807.47	11433.52
807.77	10923.28
808.07	6750.10
808.37	11625.44
808.67	7784.62
808.98	15370.30
809.28	7021.61
809.58	15866.49
809.88	10518.37
810.18	14665.80
810.47	7283.75
810.77	7407.80
811.07	9404.27
811.37	8524.23
811.67	6314.77
811.97	5446.43
812.27	6134.54
812.57	5280.25
812.87	6553.50
813.17	6183.70
813.47	6132.20
813.77	6785.21
814.07	6541.80
814.37	9977.70
814.67	6361.58
814.97	7309.49
815.27	6347.53
815.56	8580.40
815.86	11398.41
816.16	7901.65
816.46	5898.15
816.76	6392.00
817.06	10274.95
817.36	12128.66
817.66	7641.85
817.95	6167.31
818.25	8234.00
818.55	10045.58
818.85	9310.65
819.15	6822.66
819.45	13261.48
819.75	7541.21
820.04	7323.54
820.34	15779.89
820.64	9848.97
820.94	12606.13
821.24	6946.71
821.53	7033.31
821.83	6595.63
822.13	5909.85
822.43	7068.42
822.72	5600.90
823.02	6513.71
823.32	6169.65
823.62	8067.83
823.91	14892.83
824.21	5774.10
824.51	8491.46
824.81	7042.67
825.10	5767.08
825.40	9193.62
825.70	7695.68
826.00	12496.12
826.29	6743.08
826.59	8161.45
826.89	7089.48
827.18	6373.28
827.48	6202.42
827.78	6017.52
828.07	7564.61
828.37	9261.50
828.67	8079.53
828.96	7592.70
829.26	6399.02
829.56	10633.05
829.85	6574.56
830.15	8404.86
830.45	5769.42
830.74	12072.48
831.04	9544.70
831.34	9940.26
831.63	13345.73
831.93	9776.42
832.22	9390.23
832.52	7625.47
832.82	5926.24
833.11	6061.99
833.41	6204.76
833.70	6729.04
834.00	10345.17
834.29	7702.70
834.59	5631.33
834.89	8449.33
835.18	6895.22
835.48	12435.27
835.77	8973.61
836.07	9170.22
836.36	9053.19
836.66	10036.22
836.95	7300.13
837.25	6352.21
837.54	7433.54
837.84	6579.25
838.13	7810.37
838.43	6286.68
838.72	13654.69
839.02	10721.99
839.31	6384.98
839.61	10651.78
839.90	5607.92
840.20	7569.29
840.49	5942.62
840.78	8381.46
841.08	9053.19
841.37	6757.13
841.67	5888.79
841.96	8870.63
842.26	8081.87
842.55	5694.52
842.84	6169.65
843.14	10071.33
843.43	5729.63
843.73	7459.29
844.02	5657.07
844.31	7164.38
844.61	6726.70
844.90	8208.26
845.20	7705.04
845.49	5348.12
845.78	6897.56
846.08	5860.70
846.37	4915.12
846.66	8451.67
846.96	8952.55
847.25	8238.69
847.54	5586.86
847.84	8971.27
848.13	7096.50
848.42	9865.36
848.72	6270.30
849.01	9100.00
849.30	6466.90
849.59	6176.67
849.89	6319.45
850.18	12212.92
850.47	6120.50
850.76	16168.42
851.06	14267.91
851.35	8535.93
851.64	9568.11
851.93	7606.74
852.23	10581.56
852.52	6986.50
852.81	6731.38
853.10	6303.06
853.40	5401.96
853.69	5563.45
853.98	7332.90
854.27	9682.80
854.56	6724.36
854.86	8596.79
855.15	7740.15
855.44	8156.77
855.73	5404.30
856.02	6527.75
856.31	9673.43
856.61	8219.96
856.90	6743.08
857.19	5816.23
857.48	5586.86
857.77	5909.85
858.06	4983.00
858.35	5605.58
858.65	11129.25
858.94	9212.35
859.23	7075.44
859.52	10113.45
859.81	11515.44
860.10	6366.26
860.39	9167.88
860.68	7517.80
860.97	5984.75
861.26	6256.25
861.55	11887.58
861.85	7538.87
862.14	9083.62
862.43	9678.12
862.72	7829.09
863.01	5579.84
863.30	6724.36
863.59	7239.28
863.88	7026.29
864.17	7211.19
864.46	6153.27
864.75	14410.68
865.04	7524.82
865.33	5813.89
865.62	10834.34
865.91	6551.16
866.20	8915.10
866.49	6726.70
866.78	6864.79
867.07	6640.10
867.36	9961.32
867.65	9870.04
867.93	8898.72
868.22	7332.90
868.51	7108.21
868.80	7782.28
869.09	6930.33
869.38	6019.86
869.67	12318.24
869.96	12318.24
870.25	12318.24
