178.76	1722.63
179.14	1722.63
179.52	1722.63
179.90	1746.04
180.28	10300.70
180.66	5975.39
181.04	8049.10
181.42	7145.66
181.80	6244.55
182.18	10815.62
182.55	5750.70
182.93	7119.91
183.31	6920.96
183.69	7698.02
184.07	8091.23
184.45	6761.81
184.83	7288.43
185.21	6420.09
185.59	6630.74
185.97	15716.70
186.35	11545.86
186.72	6871.81
187.10	7012.24
187.48	11288.40
187.86	8725.52
188.24	6569.88
188.62	6265.61
189.00	10647.10
189.38	7779.94
189.75	7192.47
190.13	7620.78
190.51	6251.57
190.89	14345.14
191.27	20191.80
191.65	6902.24
192.03	7632.49
192.40	10059.62
192.78	7435.88
193.16	8674.03
193.54	11840.77
193.92	10459.85
194.30	6525.41
194.67	9284.91
195.05	8210.60
195.43	7176.08
195.81	6916.28
196.19	10403.68
196.56	7466.31
196.94	7187.79
197.32	11243.93
197.70	6427.11
198.08	8428.27
198.45	6637.76
198.83	7410.14
199.21	6612.01
199.59	11913.33
199.97	7786.96
200.34	5797.51
200.72	6450.52
201.10	13717.88
201.48	9788.12
201.85	6347.53
202.23	6677.55
202.61	6363.92
202.99	15215.82
203.36	6403.71
203.74	8788.71
204.12	6920.96
204.49	6328.81
204.87	8587.43
205.25	6930.33
205.63	5710.91
206.00	6396.68
206.38	7740.15
206.76	9430.02
207.14	6340.51
207.51	5778.78
207.89	10604.97
208.27	6291.36
208.64	5291.95
209.02	6457.54
209.40	6878.83
209.77	5603.24
210.15	15056.67
210.53	5731.97
210.90	11253.30
211.28	6150.93
211.66	11786.94
212.03	6396.68
212.41	5816.23
212.79	7070.76
213.16	5895.81
213.54	7660.57
213.92	7726.11
214.29	5441.75
214.67	6326.47
215.05	6731.38
215.42	9261.50
215.80	6691.59
216.17	6597.97
216.55	7733.13
216.93	5806.87
217.30	8615.51
217.68	6211.78
218.05	6576.91
218.43	6579.25
218.81	6579.25
219.18	10736.04
219.56	6759.47
219.93	6422.43
220.31	6272.64
220.69	5767.08
221.06	6122.84
221.44	7478.01
221.81	6265.61
222.19	5760.06
222.56	6092.41
222.94	6747.76
223.32	7480.35
223.69	6256.25
224.07	8718.50
224.44	12241.00
224.82	7583.34
225.19	8180.17
225.57	7421.84
225.94	6700.95
226.32	7447.58
226.69	11981.20
227.07	8425.93
227.44	6740.74
227.82	7681.64
228.19	6904.58
228.57	8599.13
228.94	11527.14
229.32	9551.73
229.69	8917.44
230.07	6946.71
230.44	6253.91
230.82	10881.15
231.19	9462.79
231.57	5720.27
231.94	5970.71
232.32	9107.02
232.69	6906.92
233.07	7480.35
233.44	8311.24
233.82	6984.16
234.19	7662.91
234.57	10092.39
234.94	6649.46
235.31	6820.32
235.69	7337.58
236.06	7630.15
236.44	8741.90
236.81	6223.48
237.19	7896.97
237.56	11660.55
237.93	6593.29
238.31	7873.56
238.68	7143.32
239.06	7831.43
239.43	9076.60
239.81	8278.47
240.18	6176.67
240.55	6480.94
240.93	12718.47
241.30	7953.14
241.67	7510.78
242.05	8945.53
242.42	9659.39
242.80	6155.61
243.17	7920.37
243.54	8072.51
243.92	9348.10
244.29	7236.94
244.66	7779.94
245.04	10328.78
245.41	16006.92
245.78	6244.55
246.16	6991.18
246.53	8910.42
246.90	7449.93
247.28	12915.08
247.65	7412.48
248.02	7452.27
248.40	10017.49
248.77	7765.90
249.14	8561.68
249.52	7180.76
249.89	8662.32
250.26	6724.36
250.64	7667.60
251.01	15405.41
251.38	6045.60
251.75	7515.46
252.13	6902.24
252.50	9327.03
252.87	13397.23
253.25	6164.97
253.62	8290.18
253.99	6059.65
254.36	9556.41
254.74	6799.26
255.11	6473.92
255.48	5907.51
255.85	13980.02
256.23	6090.07
256.60	5708.57
256.97	7199.49
257.34	8592.11
257.71	7810.37
258.09	6633.08
258.46	7971.86
258.83	11358.62
259.20	9863.02
259.58	7337.58
259.95	7325.88
260.32	9535.34
260.69	6251.57
261.06	11014.56
261.44	6567.54
261.81	13429.99
262.18	8126.34
262.55	6562.86
262.92	7531.84
263.29	6820.32
263.67	6118.16
264.04	6874.15
264.41	7332.90
264.78	6801.60
265.15	10457.51
265.52	12564.00
265.90	7777.60
266.27	6832.02
266.64	6132.20
267.01	5994.11
267.38	8428.27
267.75	6806.28
268.12	5781.12
268.50	7623.12
268.87	6752.45
269.24	6789.89
269.61	8119.32
269.98	8772.33
270.35	8442.31
270.72	6775.85
271.09	7538.87
271.46	7262.68
271.83	8573.38
272.21	9760.03
272.58	6792.23
272.95	7117.57
273.32	8042.08
273.69	8051.44
274.06	6544.14
274.43	7119.91
274.80	8044.42
275.17	9013.40
275.54	18572.15
275.91	8446.99
276.28	8608.49
276.65	8662.32
277.02	12039.72
277.39	7372.69
277.76	7323.54
278.13	9511.94
278.50	9809.19
278.87	11597.35
279.24	10289.00
279.61	9626.62
279.98	11021.58
280.35	7784.62
280.72	8950.21
281.09	8404.86
281.46	8741.90
281.83	7786.96
282.20	9212.35
282.57	7946.12
282.94	9474.49
283.31	7981.23
283.68	9100.00
284.05	7314.17
284.42	6937.35
284.79	9107.02
285.16	10167.29
285.53	8868.29
285.90	8961.91
286.27	15974.16
286.64	7105.87
287.01	7918.03
287.38	9944.94
287.75	58436.16
288.12	10080.69
288.49	17935.53
288.86	7602.06
289.23	7955.48
289.59	7985.91
289.96	7662.91
290.33	8196.56
290.70	8325.29
291.07	10059.62
291.44	9584.49
291.81	7634.83
292.18	9231.07
292.55	8367.42
292.91	14029.17
293.28	10026.86
293.65	12507.82
294.02	9556.41
294.39	7386.73
294.76	8772.33
295.13	8938.51
295.50	8652.96
295.86	8767.65
296.23	8175.49
296.60	7646.53
296.97	8131.02
297.34	8662.32
297.71	10471.56
298.07	8798.07
298.44	6881.18
298.81	9558.75
299.18	8961.91
299.55	12095.89
299.91	8608.49
300.28	8826.16
300.65	6827.34
301.02	9046.17
301.39	9598.54
301.75	14853.04
302.12	9689.82
302.49	8503.17
302.86	11976.52
303.23	8877.65
303.59	7489.71
303.96	18253.84
304.33	11082.44
304.70	15838.41
305.06	7997.61
305.43	11639.48
305.80	9708.54
306.17	10204.74
306.53	7817.39
306.90	10782.85
307.27	8573.38
307.64	11705.02
308.00	7815.05
308.37	7843.14
308.74	13247.43
309.11	10097.07
309.47	7581.00
309.84	6988.84
310.21	8388.48
310.57	8568.70
310.94	7990.59
311.31	8622.53
311.67	9025.11
312.04	6766.49
312.41	10820.30
312.77	9282.56
313.14	7496.74
313.51	8067.83
313.87	7616.10
314.24	7723.77
314.61	7405.46
314.97	7784.62
315.34	8168.47
315.71	6834.36
316.07	10141.54
316.44	6911.60
316.81	9708.54
317.17	7414.82
317.54	16105.23
317.91	7393.75
318.27	6401.37
318.64	7908.67
319.00	9738.97
319.37	6490.31
319.74	10092.39
320.10	10317.08
320.47	7578.65
320.83	11709.70
321.20	7988.25
321.57	6780.53
321.93	7314.17
322.30	8290.18
322.66	7194.81
323.03	9533.00
323.40	8798.07
323.76	7323.54
324.13	7307.15
324.49	6492.65
324.86	19063.66
325.22	8351.03
325.59	8044.42
325.95	8683.39
326.32	10143.88
326.68	9687.48
327.05	7861.86
327.42	6925.65
327.78	7129.27
328.15	10148.56
328.51	7110.55
328.88	9366.82
329.24	11721.40
329.61	7953.14
329.97	9247.46
330.34	7101.19
330.70	8149.75
331.07	11545.86
331.43	9390.23
331.80	13851.29
332.16	10892.85
332.52	6871.81
332.89	8933.82
333.25	6251.57
333.62	12905.71
333.98	7925.05
334.35	7590.36
334.71	7992.93
335.08	6647.12
335.44	12461.01
335.81	12442.29
336.17	10555.82
336.53	7836.11
336.90	6537.12
337.26	9083.62
337.63	10057.28
337.99	8369.76
338.36	6672.87
338.72	9486.19
339.08	7946.12
339.45	6429.45
339.81	9982.38
340.18	7438.22
340.54	10871.79
340.90	7035.65
341.27	7611.42
341.63	8769.99
341.99	5865.38
342.36	10834.34
342.72	6375.62
343.09	10745.40
343.45	7007.56
343.81	10911.58
344.18	6232.85
344.54	7463.97
344.90	8360.39
345.27	7840.79
345.63	7639.51
345.99	9090.64
346.36	7824.41
346.72	6452.86
347.08	6595.63
347.45	6106.46
347.81	10150.90
348.17	8182.51
348.54	6214.12
348.90	9451.08
349.26	10108.77
349.62	11035.63
349.99	5788.14
350.35	5757.72
350.71	8168.47
351.08	7405.46
351.44	5762.40
351.80	13572.77
352.16	11798.64
352.53	6595.63
352.89	8713.81
353.25	11637.14
353.61	7002.88
353.98	8999.36
354.34	10307.72
354.70	6927.99
355.06	5830.27
355.43	7515.46
355.79	7108.21
356.15	6963.09
356.51	6335.83
356.88	6548.82
357.24	6998.20
357.60	5806.87
357.96	5837.30
358.32	15489.67
358.69	5823.25
359.05	8238.69
359.41	7796.32
359.77	6188.38
360.13	6544.14
360.49	6415.41
360.86	9205.33
361.22	11159.67
361.58	8021.02
361.94	11101.16
362.30	6115.82
362.66	8559.34
363.03	5671.12
363.39	5706.23
363.75	6553.50
364.11	10197.71
364.47	6555.84
364.83	10799.23
365.19	7789.30
365.56	9050.85
365.92	5844.32
366.28	8933.82
366.64	10120.48
367.00	5895.81
367.36	5851.34
367.72	10300.70
368.08	9729.61
368.44	6897.56
368.80	8566.36
369.17	6817.98
369.53	7140.97
369.89	6494.99
370.25	6487.96
370.61	6504.35
370.97	10918.60
371.33	6820.32
371.69	12854.22
372.05	8648.28
372.41	6127.52
372.77	6991.18
373.13	7957.82
373.49	5493.24
373.85	8336.99
374.21	7882.92
374.57	6267.95
374.93	8741.90
375.29	9427.68
375.65	7864.20
376.01	7506.10
376.37	10377.94
376.73	8856.59
377.09	6303.06
377.45	10066.64
377.81	7307.15
378.17	6356.90
378.53	5619.63
378.89	8713.81
379.25	11250.96
379.61	14478.55
379.97	9650.03
380.33	6743.08
380.69	6520.73
381.05	6146.25
381.41	9277.88
381.77	7592.70
382.13	8849.57
382.49	15016.88
382.85	7892.29
383.21	9149.15
383.57	5923.90
383.93	10684.55
384.28	5568.13
384.64	6864.79
385.00	7730.79
385.36	7466.31
385.72	9116.39
386.08	6282.00
386.44	9139.79
386.80	9202.99
387.16	10930.30
387.52	9722.59
387.87	13502.55
388.23	8170.81
388.59	6593.29
388.95	5879.43
389.31	7002.88
389.67	6935.01
390.03	6558.18
390.38	6761.81
390.74	5291.95
391.10	9626.62
391.46	7859.52
391.82	6375.62
392.18	8676.37
392.54	5380.89
392.89	6064.33
393.25	8875.31
393.61	6120.50
393.97	6080.71
394.33	8168.47
394.68	7073.10
395.04	5998.79
395.40	7569.29
395.76	9418.32
396.12	7639.51
396.47	6230.51
396.83	7321.20
397.19	5977.73
397.55	6242.21
397.90	7534.18
398.26	7611.42
398.62	6026.88
398.98	5331.74
399.33	7063.74
399.69	24350.93
400.05	8545.30
400.41	6197.74
400.76	8767.65
401.12	10190.69
401.48	8044.42
401.84	6431.79
402.19	6719.68
402.55	8145.06
402.91	7293.11
403.26	5722.61
403.62	8554.66
403.98	7382.05
404.34	5170.24
404.69	7267.36
405.05	9247.46
405.41	14061.94
405.76	6164.97
406.12	6279.66
406.48	6958.41
406.83	6469.24
407.19	8554.66
407.55	8159.11
407.90	14174.28
408.26	8723.18
408.62	9181.92
408.97	7274.38
409.33	5870.06
409.68	6008.16
410.04	8023.36
410.40	6300.72
410.75	8400.18
411.11	6204.76
411.47	7625.47
411.82	6794.58
412.18	7576.31
412.53	6691.59
412.89	6450.52
413.25	7133.95
413.60	7456.95
413.96	5572.82
414.31	6581.59
414.67	7440.56
415.03	5600.90
415.38	5856.02
415.74	6677.55
416.09	6677.55
416.45	8622.53
416.80	6162.63
417.16	8674.03
417.51	6920.96
417.87	6780.53
418.23	8156.77
418.58	8236.35
418.94	5181.95
419.29	6410.73
419.65	8021.02
420.00	8994.68
420.36	8360.39
420.71	8393.16
421.07	5926.24
421.42	7265.02
421.78	9334.06
422.13	6939.69
422.49	5664.10
422.84	7632.49
423.20	5371.53
423.55	5746.02
423.91	5628.99
424.26	13722.56
424.61	8362.73
424.97	11351.60
425.32	6141.57
425.68	6827.34
426.03	7747.17
426.39	10015.15
426.74	9947.28
427.10	9322.35
427.45	6209.44
427.80	7845.48
428.16	6998.20
428.51	6937.35
428.87	7756.54
429.22	9710.88
429.58	10239.84
429.93	10148.56
430.28	6237.53
430.64	6216.46
430.99	5399.62
431.35	7569.29
431.70	6574.56
432.05	6799.26
432.41	8161.45
432.76	7915.69
433.11	8018.68
433.47	7763.56
433.82	10684.55
434.17	8196.56
434.53	7878.24
434.88	13827.88
435.24	7749.51
435.59	7384.39
435.94	5776.44
436.30	8116.98
436.65	6448.18
437.00	9600.88
437.35	15892.24
437.71	6757.13
438.06	6359.24
438.41	6455.20
438.77	7925.05
439.12	5472.17
439.47	4961.94
439.83	7899.31
440.18	5401.96
440.53	6604.99
440.88	12109.93
441.24	8526.57
441.59	5818.57
441.94	6527.75
442.30	8149.75
442.65	12423.56
443.00	7021.61
443.35	10373.25
443.71	6583.93
444.06	9376.19
444.41	8081.87
444.76	11410.11
445.11	7000.54
445.47	10141.54
445.82	8973.61
446.17	6040.92
446.52	10176.65
446.88	7241.62
447.23	5231.10
447.58	7789.30
447.93	6139.23
448.28	28617.73
448.63	10766.46
448.99	6736.06
449.34	8362.73
449.69	8645.94
450.04	6291.36
450.39	6195.40
450.74	6993.52
451.10	6878.83
451.45	7227.57
451.80	7590.36
452.15	10026.86
452.50	8236.35
452.85	9886.42
453.21	8868.29
453.56	7742.49
453.91	6803.94
454.26	7433.54
454.61	5788.14
454.96	8021.02
455.31	6649.46
455.66	6338.17
456.01	7969.52
456.36	6471.58
456.72	6122.84
457.07	7693.34
457.42	10052.60
457.77	9135.11
458.12	5764.74
458.47	7215.87
458.82	9488.53
459.17	7035.65
459.52	7176.08
459.87	11632.46
460.22	5640.69
460.57	7185.44
460.92	6216.46
461.27	8140.38
461.62	6548.82
461.97	5907.51
462.32	12049.08
462.67	10441.13
463.02	13284.88
463.38	13050.83
463.73	8891.70
464.08	11761.19
464.43	7473.33
464.78	5661.76
465.12	8011.65
465.47	8496.14
465.82	27021.48
466.17	6377.96
466.52	8491.46
466.87	6366.26
467.22	5888.79
467.57	5338.76
467.92	7538.87
468.27	10721.99
468.62	14593.24
468.97	6583.93
469.32	4973.64
469.67	15187.74
470.02	13722.56
470.37	6005.81
470.72	7492.05
471.07	5282.59
471.42	6616.69
471.76	6731.38
472.11	6609.67
472.46	8475.08
472.81	14602.60
473.16	5912.19
473.51	6008.16
473.86	5259.18
474.21	6523.07
474.56	6310.08
474.90	6150.93
475.25	9474.49
475.60	8706.79
475.95	5973.05
476.30	10839.02
476.65	10104.09
477.00	14728.99
477.34	11007.54
477.69	5586.86
478.04	8964.25
478.39	7117.57
478.74	5895.81
479.09	5233.44
479.43	7068.42
479.78	5046.20
480.13	12121.63
480.48	9947.28
480.83	7084.80
481.17	5408.98
481.52	7052.03
481.87	6431.79
482.22	11557.57
482.57	6567.54
482.91	8926.80
483.26	7810.37
483.61	6480.94
483.96	7391.41
484.30	65535.00
484.65	6750.10
485.00	5675.80
485.35	6747.76
485.69	5846.66
486.04	6476.26
486.39	7445.24
486.74	7627.81
487.08	5336.42
487.43	7803.35
487.78	5013.43
488.12	8030.38
488.47	5949.64
488.82	10160.27
489.17	5762.40
489.51	5116.41
489.86	7864.20
490.21	5004.07
490.55	7590.36
490.90	5341.10
491.25	6267.95
491.59	5423.02
491.94	12451.65
492.29	6338.17
492.63	7110.55
492.98	4788.74
493.33	7328.22
493.67	6073.69
494.02	5502.60
494.37	5448.77
494.71	8159.11
495.06	6174.33
495.40	10270.27
495.75	5930.92
496.10	10066.64
496.44	6736.06
496.79	8201.24
497.13	5778.78
497.48	13790.44
497.83	9944.94
498.17	8004.63
498.52	6176.67
498.86	8269.11
499.21	6644.78
499.56	5877.09
499.90	6401.37
500.25	5238.12
500.59	6944.37
500.94	7662.91
501.28	8538.27
501.63	9418.32
501.97	6445.84
502.32	5757.72
502.67	7573.97
503.01	5170.24
503.36	6106.46
503.70	6202.42
504.05	8105.28
504.39	8798.07
504.74	6630.74
505.08	10473.90
505.43	4793.42
505.77	5392.59
506.12	7148.00
506.46	6377.96
506.81	5631.33
507.15	5610.26
507.49	6204.76
507.84	5636.01
508.18	7510.78
508.53	7236.94
508.87	6972.46
509.22	6324.13
509.56	65535.00
509.91	18511.30
510.25	6920.96
510.60	5069.60
510.94	8791.05
511.28	4865.97
511.63	9060.21
511.97	7683.98
512.32	8674.03
512.66	5703.89
513.00	6773.51
513.35	9259.16
513.69	5673.46
514.04	8145.06
514.38	8526.57
514.72	7438.22
515.07	5755.38
515.41	5614.95
515.76	5760.06
516.10	6848.41
516.44	8767.65
516.79	6071.35
517.13	5448.77
517.47	9022.77
517.82	7344.60
518.16	6651.80
518.50	7040.33
518.85	7243.96
519.19	9839.61
519.53	13186.58
519.88	8669.34
520.22	6410.73
520.56	6965.43
520.91	5287.27
521.25	5476.85
521.59	6523.07
521.93	7550.57
522.28	6560.52
522.62	7456.95
522.96	8961.91
523.31	6417.75
523.65	7911.01
523.99	8463.38
524.33	11248.61
524.68	8077.19
525.02	5270.89
525.36	7669.94
525.70	5062.58
526.05	5930.92
526.39	5504.94
526.73	8236.35
527.07	7019.27
527.41	10274.95
527.76	5743.67
528.10	6186.04
528.44	7606.74
528.78	6642.44
529.12	8205.92
529.47	6413.07
529.81	9029.79
530.15	8968.93
530.49	7784.62
530.83	5093.01
531.18	5455.79
531.52	6637.76
531.86	5282.59
532.20	6979.48
532.54	9289.59
532.88	4816.82
533.22	6518.39
533.57	6017.52
533.91	9193.62
534.25	5301.31
534.59	10513.69
534.93	8507.85
535.27	5785.80
535.61	6527.75
535.95	10403.68
536.30	5320.04
536.64	6796.92
536.98	4716.18
537.32	6200.08
537.66	4987.68
538.00	8002.29
538.34	8021.02
538.68	8112.30
539.02	11279.04
539.36	6094.76
539.70	5308.34
540.04	6684.57
540.39	19356.23
540.73	5631.33
541.07	7037.99
541.41	7506.10
541.75	7557.59
542.09	9797.48
542.43	7588.02
542.77	6871.81
543.11	7302.47
543.45	6710.32
543.79	9034.47
544.13	6300.72
544.47	6335.83
544.81	5647.71
545.15	8112.30
545.49	6733.72
545.83	5717.93
546.17	6375.62
546.51	4870.65
546.85	6108.80
547.19	10567.52
547.53	5181.95
547.87	8507.85
548.21	11550.54
548.54	7063.74
548.88	6038.58
549.22	5874.74
549.56	5214.71
549.90	6010.50
550.24	6853.09
550.58	5727.29
550.92	9474.49
551.26	6153.27
551.60	10619.01
551.94	6340.51
552.28	6431.79
552.61	8152.09
552.95	6429.45
553.29	6026.88
553.63	7122.25
553.97	11143.29
554.31	9165.54
554.65	10087.71
554.99	10003.45
555.32	6347.53
555.66	7782.28
556.00	4786.40
556.34	6604.99
556.68	7190.13
557.02	8966.59
557.36	7295.45
557.69	6878.83
558.03	6071.35
558.37	12519.53
558.71	14492.60
559.05	10033.88
559.38	11037.97
559.72	5542.39
560.06	8713.81
560.40	8273.79
560.74	9563.43
561.07	7829.09
561.41	8741.90
561.75	7737.81
562.09	6150.93
562.42	8833.18
562.76	8231.66
563.10	7119.91
563.44	23634.73
563.77	7571.63
564.11	8060.80
564.45	9453.42
564.79	8168.47
565.12	7157.36
565.46	7330.56
565.80	7651.21
566.14	7616.10
566.47	9193.62
566.81	5879.43
567.15	7426.52
567.48	7913.35
567.82	8336.99
568.16	7646.53
568.49	5877.09
568.83	5394.93
569.17	6995.86
569.50	7836.11
569.84	10429.43
570.18	7719.09
570.51	11138.61
570.85	6846.07
571.19	6597.97
571.52	5951.98
571.86	9343.42
572.20	6572.22
572.53	10642.42
572.87	6005.81
573.21	5856.02
573.54	5563.45
573.88	7463.97
574.21	7311.83
574.55	7007.56
574.89	9839.61
575.22	9004.04
575.56	6214.12
575.89	6157.95
576.23	6417.75
576.57	7871.22
576.90	5949.64
577.24	7405.46
577.57	5490.90
577.91	7588.02
578.24	5448.77
578.58	6974.80
578.91	8287.84
579.25	5879.43
579.59	7222.89
579.92	6902.24
580.26	5530.69
580.59	7974.21
580.93	7534.18
581.26	6558.18
581.60	7946.12
581.93	8458.70
582.27	11075.42
582.60	5818.57
582.94	7620.78
583.27	5518.98
583.61	6572.22
583.94	7557.59
584.28	5364.51
584.61	6551.16
584.94	8351.03
585.28	8006.97
585.61	8933.82
585.95	8535.93
586.28	11304.79
586.62	12987.63
586.95	7037.99
587.29	11920.35
587.62	15049.64
587.95	5804.53
588.29	7609.08
588.62	8388.48
588.96	9298.95
589.29	6553.50
589.62	6363.92
589.96	6693.93
590.29	6410.73
590.63	5437.06
590.96	8723.18
591.29	8753.60
591.63	9565.77
591.96	5781.12
592.29	6619.04
592.63	6216.46
592.96	7796.32
593.30	11651.19
593.63	7812.71
593.96	6069.01
594.30	6509.03
594.63	7803.35
594.96	11557.57
595.30	7119.91
595.63	6607.33
595.96	6242.21
596.29	7826.75
596.63	6614.35
596.96	8851.91
597.29	8257.41
597.63	5275.57
597.96	10132.18
598.29	9657.05
598.63	9404.27
598.96	6087.73
599.29	6487.96
599.62	6228.17
599.96	6352.21
600.29	6778.19
600.62	5970.71
600.95	6420.09
601.29	6991.18
601.62	7765.90
601.95	7145.66
602.28	6342.85
602.61	20760.55
602.95	7302.47
603.28	12011.63
603.61	6120.50
603.94	9549.39
604.27	5954.32
604.61	8652.96
604.94	8175.49
605.27	7447.58
605.60	5839.64
605.93	6331.15
606.27	9111.71
606.60	6054.97
606.93	5556.43
607.26	11136.27
607.59	7164.38
607.92	10108.77
608.26	6225.82
608.59	6239.87
608.92	6862.45
609.25	5858.36
609.58	7826.75
609.91	8390.82
610.24	13284.88
610.57	8180.17
610.90	9680.46
611.24	5348.12
611.57	5394.93
611.90	8863.61
612.23	6956.07
612.56	9032.13
612.89	8844.88
613.22	8802.75
613.55	5387.91
613.88	9570.45
614.21	6033.90
614.54	7906.33
614.87	6073.69
615.20	4971.30
615.53	9940.26
615.87	6296.04
616.20	7288.43
616.53	10200.05
616.86	7094.16
617.19	8032.72
617.52	6324.13
617.85	6417.75
618.18	6066.67
618.51	6684.57
618.84	8451.67
619.17	6801.60
619.50	10541.77
619.83	10202.40
620.16	8512.53
620.49	6310.08
620.82	13968.32
621.14	10661.14
621.47	6801.60
621.80	9729.61
622.13	7496.74
622.46	14415.36
622.79	8669.34
623.12	5645.37
623.45	9256.82
623.78	8613.17
624.11	5776.44
624.44	7702.70
624.77	5825.59
625.10	6188.38
625.43	5834.96
625.75	7496.74
626.08	6179.01
626.41	6036.24
626.74	7145.66
627.07	6462.22
627.40	12109.93
627.73	6368.60
628.06	6061.99
628.38	4987.68
628.71	8601.47
629.04	9914.51
629.37	8690.41
629.70	7480.35
630.03	6057.31
630.36	9647.69
630.68	8999.36
631.01	6452.86
631.34	10731.36
631.67	6462.22
632.00	5121.09
632.32	9205.33
632.65	9996.43
632.98	7524.82
633.31	7239.28
633.64	9181.92
633.96	5998.79
634.29	10869.45
634.62	7386.73
634.95	7744.83
635.27	7569.29
635.60	8659.98
635.93	7992.93
636.26	7843.14
636.58	6523.07
636.91	6370.94
637.24	6209.44
637.57	7353.96
637.89	8454.02
638.22	6469.24
638.55	7466.31
638.87	7698.02
639.20	8772.33
639.53	8100.59
639.86	6345.19
640.18	5790.49
640.51	7370.35
640.84	7969.52
641.16	5685.16
641.49	7751.85
641.82	5827.93
642.14	5998.79
642.47	13853.63
642.80	7070.76
643.12	9266.18
643.45	7049.69
643.78	7419.50
644.10	6197.74
644.43	7056.72
644.75	10008.13
645.08	5287.27
645.41	8266.77
645.73	5900.49
646.06	14876.44
646.39	9102.34
646.71	6314.77
647.04	6036.24
647.36	5334.08
647.69	8643.60
648.01	7243.96
648.34	6239.87
648.67	9699.18
648.99	10349.85
649.32	6111.14
649.64	5518.98
649.97	4873.00
650.29	5357.49
650.62	14310.04
650.94	7363.33
651.27	11005.20
651.59	7073.10
651.92	4912.78
652.25	8018.68
652.57	5884.11
652.90	5898.15
653.22	7559.93
653.55	7789.30
653.87	5078.96
654.20	7307.15
654.52	10801.57
654.84	6885.86
655.17	7922.71
655.49	10963.07
655.82	6516.05
656.14	7714.41
656.47	8491.46
656.79	11466.28
657.12	6546.48
657.44	6410.73
657.77	8793.39
658.09	7435.88
658.41	6885.86
658.74	8531.25
659.06	5664.10
659.39	6930.33
659.71	6303.06
660.03	7007.56
660.36	6555.84
660.68	9874.72
661.01	13217.01
661.33	10422.41
661.65	6080.71
661.98	13736.60
662.30	10555.82
662.63	7250.98
662.95	6654.14
663.27	6197.74
663.60	5544.73
663.92	6876.49
664.24	6796.92
664.57	5799.85
664.89	6139.23
665.21	6293.70
665.54	9474.49
665.86	7351.62
666.18	7761.22
666.51	10003.45
666.83	6565.20
667.15	14724.31
667.47	9635.99
667.80	8283.16
668.12	6179.01
668.44	7342.26
668.77	8781.69
669.09	10239.84
669.41	8777.01
669.73	5385.57
670.06	6963.09
670.38	6579.25
670.70	5481.53
671.02	8154.43
671.35	6527.75
671.67	10387.30
671.99	6609.67
672.31	9951.96
672.63	7702.70
672.96	10979.45
673.28	6403.71
673.60	7243.96
673.92	7211.19
674.24	5940.28
674.57	6043.26
674.89	9528.32
675.21	6642.44
675.53	8999.36
675.85	9919.19
676.17	9956.64
676.50	5902.83
676.82	9736.63
677.14	7360.98
677.46	14389.61
677.78	5481.53
678.10	9385.55
678.42	6766.49
678.75	6368.60
679.07	5703.89
679.39	7068.42
679.71	6478.60
680.03	6483.28
680.35	6181.35
680.67	6518.39
680.99	5980.07
681.31	5362.17
681.63	8032.72
681.96	10164.95
682.28	6321.79
682.60	5799.85
682.92	8304.22
683.24	5291.95
683.56	8533.59
683.88	6176.67
684.20	6707.98
684.52	6494.99
684.84	6270.30
685.16	6548.82
685.48	8823.82
685.80	7700.36
686.12	8449.33
686.44	11847.79
686.76	6871.81
687.08	5406.64
687.40	5813.89
687.72	8922.12
688.04	6516.05
688.36	14125.13
688.68	10700.93
689.00	7847.82
689.32	6532.44
689.64	6354.55
689.96	6773.51
690.28	9598.54
690.60	10076.01
690.92	6024.54
691.24	8374.44
691.56	6590.95
691.88	6836.70
692.19	5788.14
692.51	9006.38
692.83	7920.37
693.15	8887.01
693.47	7847.82
693.79	7356.30
694.11	9458.10
694.43	7843.14
694.75	6883.52
695.06	7159.70
695.38	10031.54
695.70	7482.69
696.02	7358.64
696.34	6340.51
696.66	6511.37
696.98	5153.86
697.29	7356.30
697.61	11082.44
697.93	9645.35
698.25	13411.27
698.57	7789.30
698.89	5378.55
699.20	6736.06
699.52	10796.89
699.84	5008.75
700.16	6761.81
700.48	10401.34
700.79	5865.38
701.11	11442.88
701.43	9022.77
701.75	6129.86
702.07	6710.32
702.38	11665.23
702.70	6087.73
703.02	6043.26
703.34	8477.42
703.65	7456.95
703.97	6626.06
704.29	4922.15
704.61	5664.10
704.92	8926.80
705.24	6647.12
705.56	9291.93
705.87	9750.67
706.19	7042.67
706.51	6806.28
706.82	9753.01
707.14	5949.64
707.46	5177.26
707.78	5942.62
708.09	8287.84
708.41	9572.79
708.73	7433.54
709.04	9968.34
709.36	6576.91
709.68	6944.37
709.99	12994.65
710.31	9893.44
710.62	7138.63
710.94	6562.86
711.26	7967.18
711.57	6560.52
711.89	5617.29
712.21	14693.88
712.52	6981.82
712.84	10272.61
713.15	7480.35
713.47	8854.25
713.79	5533.03
714.10	6249.23
714.42	6621.38
714.73	10525.39
715.05	5406.64
715.36	5717.93
715.68	5884.11
715.99	6597.97
716.31	9214.69
716.63	8524.23
716.94	9235.75
717.26	19548.15
717.57	9184.26
717.89	11227.55
718.20	5912.19
718.52	9324.69
718.83	6958.41
719.15	14480.89
719.46	13802.14
719.78	7555.25
720.09	7037.99
720.41	5975.39
720.72	5467.49
721.04	5652.39
721.35	6785.21
721.67	6881.18
721.98	6555.84
722.29	6363.92
722.61	6090.07
722.92	5036.83
723.24	6635.42
723.55	7304.81
723.87	7573.97
724.18	8725.52
724.50	5549.41
724.81	6998.20
725.12	7178.42
725.44	8222.30
725.75	7314.17
726.07	10420.06
726.38	8042.08
726.69	6619.04
727.01	8540.61
727.32	8971.27
727.63	6340.51
727.95	10525.39
728.26	6326.47
728.58	8999.36
728.89	6523.07
729.20	7070.76
729.52	5933.26
729.83	13116.36
730.14	8634.24
730.46	7035.65
730.77	9710.88
731.08	8449.33
731.39	6691.59
731.71	7112.89
732.02	8917.44
732.33	7019.27
732.65	6661.16
732.96	10640.08
733.27	9090.64
733.59	14277.27
733.90	9418.32
734.21	5682.82
734.52	6778.19
734.84	16938.46
735.15	6410.73
735.46	6724.36
735.77	7309.49
736.09	6953.73
736.40	10773.49
736.71	8964.25
737.02	5338.76
737.33	6703.29
737.65	6094.76
737.96	7269.70
738.27	7592.70
738.58	13132.75
738.89	8484.44
739.21	6181.35
739.52	5083.64
739.83	8512.53
740.14	6108.80
740.45	7253.32
740.76	6504.35
741.08	5526.00
741.39	6977.14
741.70	6328.81
742.01	7644.19
742.32	9774.08
742.63	7581.00
742.94	6040.92
743.26	8386.14
743.57	8219.96
743.88	9097.66
744.19	7728.45
744.50	6794.58
744.81	12278.45
745.12	7089.48
745.43	7119.91
745.74	15077.73
746.05	11440.54
746.36	5050.88
746.67	12079.50
746.99	6670.53
747.30	8290.18
747.61	6448.18
747.92	7578.65
748.23	10090.05
748.54	6801.60
748.85	6876.49
749.16	7396.09
749.47	5856.02
749.78	6455.20
750.09	6174.33
750.40	7934.42
750.71	7646.53
751.02	8388.48
751.33	6960.75
751.64	8070.17
751.95	7045.01
752.26	8519.55
752.57	8531.25
752.88	6665.85
753.19	7183.10
753.50	10246.87
753.81	6850.75
754.11	7323.54
754.42	16568.65
754.73	7389.07
755.04	7742.49
755.35	7667.60
755.66	13652.34
755.97	5706.23
756.28	5909.85
756.59	8446.99
756.90	16858.88
757.21	8072.51
757.52	11066.05
757.82	8067.83
758.13	6340.51
758.44	9685.14
758.75	8423.59
759.06	6363.92
759.37	5935.60
759.68	8002.29
759.98	6478.60
760.29	8514.87
760.60	7681.64
760.91	5563.45
761.22	6965.43
761.53	7356.30
761.83	6085.39
762.14	7297.79
762.45	6349.87
762.76	5502.60
763.07	8266.77
763.37	15665.21
763.68	10878.81
763.99	12940.82
764.30	11346.92
764.60	6321.79
764.91	9907.49
765.22	7515.46
765.53	13334.03
765.84	7609.08
766.14	6888.20
766.45	5460.47
766.76	10883.49
767.06	11372.66
767.37	6834.36
767.68	7190.13
767.99	6822.66
768.29	6347.53
768.60	7180.76
768.91	9902.81
769.21	12861.24
769.52	10827.32
769.83	7084.80
770.13	7314.17
770.44	6707.98
770.75	8744.24
771.05	7227.57
771.36	8781.69
771.67	7548.23
771.97	6679.89
772.28	6977.14
772.59	7590.36
772.89	9420.66
773.20	6359.24
773.51	6319.45
773.81	11517.78
774.12	5888.79
774.42	7215.87
774.73	5984.75
775.04	6087.73
775.34	21020.35
775.65	8353.37
775.95	12456.33
776.26	8114.64
776.56	6527.75
776.87	8236.35
777.18	57682.50
777.48	12212.92
777.79	7508.44
778.09	10923.28
778.40	6637.76
778.70	6682.23
779.01	10597.95
779.31	7459.29
779.62	6633.08
779.92	8896.38
780.23	8552.32
780.53	5694.52
780.84	7059.06
781.14	6483.28
781.45	6396.68
781.75	9277.88
782.06	6317.11
782.36	7903.99
782.67	5940.28
782.97	6363.92
783.28	13128.06
783.58	6815.64
783.89	6579.25
784.19	8524.23
784.49	12596.76
784.80	7159.70
785.10	12823.80
785.41	6099.44
785.71	8449.33
786.02	8205.92
786.32	13781.07
786.62	9034.47
786.93	11618.42
787.23	6679.89
787.54	6778.19
787.84	12219.94
788.14	8372.10
788.45	5357.49
788.75	8276.13
789.05	5834.96
789.36	7084.80
789.66	13586.81
789.96	9018.08
790.27	7309.49
790.57	7885.26
790.87	6061.99
791.18	6363.92
791.48	6190.72
791.78	8182.51
792.09	8830.84
792.39	6553.50
792.69	9465.13
793.00	8386.14
793.30	8807.44
793.60	5764.74
793.90	5418.34
794.21	8147.40
794.51	16580.36
794.81	10518.37
795.11	7330.56
795.42	6375.62
795.72	11190.10
796.02	9032.13
796.32	8482.10
796.63	8521.89
796.93	9898.13
797.23	8999.36
797.53	7934.42
797.84	10188.35
798.14	6256.25
798.44	8077.19
798.74	8414.23
799.04	7995.27
799.34	5900.49
799.65	15510.73
799.95	7803.35
800.25	6904.58
800.55	6771.17
800.85	7824.41
801.15	6155.61
801.46	7040.33
801.76	17254.43
802.06	6509.03
802.36	9085.96
802.66	6745.42
802.96	9130.43
803.26	10712.63
803.56	13039.12
803.87	15793.94
804.17	7166.72
804.47	9430.02
804.77	10403.68
805.07	10438.79
805.37	9434.70
805.67	8856.59
805.97	6757.13
806.27	7164.38
806.57	6719.68
806.87	11529.48
807.17	7927.39
807.47	11084.78
807.77	10778.17
808.07	6712.66
808.37	11332.87
808.67	7644.19
808.98	15005.17
809.28	6869.47
809.58	15552.86
809.88	10387.30
810.18	14342.80
810.47	6984.16
810.77	7213.53
811.07	9312.99
811.37	8229.32
811.67	6064.33
811.97	5371.53
812.27	5944.96
812.57	5462.81
812.87	6513.71
813.17	6267.95
813.47	6244.55
813.77	6719.68
814.07	6520.73
814.37	9666.41
814.67	6230.51
814.97	7037.99
815.27	6155.61
815.56	8533.59
815.86	11028.60
816.16	7943.78
816.46	5720.27
816.76	6445.84
817.06	10223.46
817.36	12257.39
817.66	7447.58
817.95	5966.03
818.25	8238.69
818.55	9795.14
818.85	9055.53
819.15	6778.19
819.45	12884.65
819.75	7150.34
820.04	7375.03
820.34	15524.77
820.64	9654.71
820.94	12252.70
821.24	6927.99
821.53	6881.18
821.83	6415.41
822.13	5966.03
822.43	6801.60
822.72	5666.44
823.02	6410.73
823.32	6054.97
823.62	7758.88
823.91	14633.03
824.21	5703.89
824.51	8229.32
824.81	6918.62
825.10	5621.97
825.40	9102.34
825.70	7407.80
826.00	12163.76
826.29	6569.88
826.59	8065.49
826.89	6836.70
827.18	6270.30
827.48	6462.22
827.78	6010.50
828.07	7349.28
828.37	9153.84
828.67	8163.79
828.96	7496.74
829.26	6274.98
829.56	10595.61
829.85	6572.22
830.15	8255.07
830.45	5762.40
830.74	11747.15
831.04	9226.39
831.34	10019.83
831.63	13074.23
831.93	9483.85
832.22	9156.18
832.52	7466.31
832.82	5783.46
833.11	5921.56
833.41	6209.44
833.70	6593.29
834.00	10059.62
834.29	7611.42
834.59	5556.43
834.89	8395.50
835.18	6911.60
835.48	12924.44
835.77	8891.70
836.07	8823.82
836.36	8823.82
836.66	10080.69
836.95	7199.49
837.25	6324.13
837.54	7190.13
837.84	6595.63
838.13	7751.85
838.43	6101.78
838.72	13369.14
839.02	10441.13
839.31	6211.78
839.61	10342.83
839.90	5565.79
840.20	7449.93
840.49	5872.40
840.78	8182.51
841.08	8879.99
841.37	6731.38
841.67	5841.98
841.96	8709.13
842.26	7819.73
842.55	5650.05
842.84	6087.73
843.14	9785.78
843.43	5558.77
843.73	7211.19
844.02	5696.86
844.31	7037.99
844.61	6616.69
844.90	8262.09
845.20	7393.75
845.49	5214.71
845.78	6562.86
846.08	5959.00
846.37	4882.36
846.66	8163.79
846.96	8863.61
847.25	8152.09
847.54	5664.10
847.84	8847.22
848.13	6883.52
848.42	9572.79
848.72	6216.46
849.01	8769.99
849.30	6303.06
849.59	6031.56
849.89	6188.38
850.18	11939.07
850.47	5987.09
850.76	15815.00
851.06	14078.32
851.35	8241.03
851.64	9720.24
851.93	7475.67
852.23	10305.38
852.52	6778.19
852.81	6494.99
853.10	6181.35
853.40	5205.35
853.69	5364.51
853.98	7145.66
854.27	9423.00
854.56	6476.26
854.86	8657.64
855.15	7538.87
855.44	7908.67
855.73	5303.65
856.02	6272.64
856.31	9394.91
856.61	7960.16
856.90	6614.35
857.19	5682.82
857.48	5465.15
857.77	5799.85
858.06	4777.03
858.35	5579.84
858.65	10913.92
858.94	9053.19
859.23	6834.36
859.52	9013.40
859.81	11470.97
860.10	6239.87
860.39	8802.75
860.68	7300.13
860.97	5977.73
861.26	6101.78
861.55	11810.34
861.85	7520.14
862.14	8987.66
862.43	9174.90
862.72	7536.52
863.01	5518.98
863.30	6626.06
863.59	7150.34
863.88	7084.80
864.17	6967.77
864.46	5916.87
864.75	14075.98
865.04	7564.61
865.33	5813.89
865.62	10384.96
865.91	6303.06
866.20	8613.17
866.49	6626.06
866.78	6841.39
867.07	6579.25
867.36	9533.00
867.65	9650.03
867.93	8772.33
868.22	7269.70
868.51	6942.03
868.80	7496.74
869.09	6899.90
869.38	5923.90
869.67	12006.95
869.96	12006.95
870.25	12006.95
