178.76	1987.11
179.14	1987.11
179.52	1987.11
179.90	1907.54
180.28	9210.01
180.66	8372.10
181.04	8266.77
181.42	6663.51
181.80	5617.29
182.18	9469.81
182.55	5376.21
182.93	6499.67
183.31	6188.38
183.69	6878.83
184.07	7293.11
184.45	6204.76
184.83	6616.69
185.21	5989.43
185.59	6179.01
185.97	13497.87
186.35	10054.94
186.72	6338.17
187.10	6394.34
187.48	9743.65
187.86	7929.74
188.24	5998.79
188.62	5600.90
189.00	9439.38
189.38	7185.44
189.75	7033.31
190.13	7068.42
190.51	5774.10
190.89	12636.55
191.27	17628.92
191.65	6541.80
192.03	6906.92
192.40	9137.45
192.78	6913.94
193.16	7632.49
193.54	10621.35
193.92	9507.26
194.30	5994.11
194.67	8215.28
195.05	7360.98
195.43	6604.99
195.81	6483.28
196.19	9149.15
196.56	6717.34
196.94	6663.51
197.32	10064.30
197.70	6019.86
198.08	7595.04
198.45	6094.76
198.83	6853.09
199.21	6148.59
199.59	10310.06
199.97	7155.02
200.34	5544.73
200.72	6003.47
201.10	11815.02
201.48	8461.04
201.85	5830.27
202.23	6265.61
202.61	5741.33
202.99	13511.91
203.36	5949.64
203.74	7990.59
204.12	6733.72
204.49	6012.84
204.87	7744.83
205.25	6497.33
205.63	5364.51
206.00	5886.45
206.38	6963.09
206.76	8465.72
207.14	6012.84
207.51	5483.88
207.89	9362.14
208.27	5804.53
208.64	5137.48
209.02	5919.21
209.40	6338.17
209.77	5287.27
210.15	11868.86
210.53	5551.75
210.90	10071.33
211.28	5699.20
211.66	10583.90
212.03	6136.88
212.41	5404.30
212.79	6370.94
213.16	5565.79
213.54	6834.36
213.92	7040.33
214.29	5203.01
214.67	5959.00
215.05	6122.84
215.42	8105.28
215.80	6143.91
216.17	5991.77
216.55	7077.78
216.93	5441.75
217.30	7976.55
217.68	5760.06
218.05	6040.92
218.43	5886.45
218.81	6153.27
219.18	9598.54
219.56	6050.28
219.93	6008.16
220.31	6066.67
220.69	5427.70
221.06	5628.99
221.44	6855.43
221.81	5804.53
222.19	5296.63
222.56	5570.48
222.94	6176.67
223.32	6836.70
223.69	5647.71
224.07	7775.26
224.44	8615.51
224.82	6726.70
225.19	7501.42
225.57	6752.45
225.94	6010.50
226.32	6546.48
226.69	10340.49
227.07	10562.84
227.44	6050.28
227.82	6981.82
228.19	6242.21
228.57	7667.60
228.94	9865.36
229.32	8273.79
229.69	7798.66
230.07	6043.26
230.44	5661.76
230.82	9371.50
231.19	8177.83
231.57	5146.84
231.94	5233.44
232.32	12564.00
232.69	6518.39
233.07	6689.25
233.44	6239.87
233.82	6265.61
234.19	6663.51
234.57	8699.77
234.94	5856.02
235.31	6197.74
235.69	6499.67
236.06	6815.64
236.44	7571.63
236.81	5439.40
237.19	7042.67
237.56	10038.56
237.93	5750.70
238.31	6909.26
238.68	6153.27
239.06	6752.45
239.43	7548.23
239.81	7126.93
240.18	5423.02
240.55	5820.91
240.93	10857.75
241.30	6925.65
241.67	6485.62
242.05	7482.69
242.42	8294.86
242.80	5500.26
243.17	6876.49
243.54	6707.98
243.92	7978.89
244.29	6251.57
244.66	6810.96
245.04	8716.16
245.41	13406.59
245.78	5390.25
246.16	6141.57
246.53	7779.94
246.90	6256.25
247.28	11246.27
247.65	6394.34
248.02	6303.06
248.40	8671.68
248.77	6654.14
249.14	7552.91
249.52	6195.40
249.89	7435.88
250.26	5633.67
250.64	6539.46
251.01	12938.48
251.38	5275.57
251.75	6607.33
252.13	6099.44
252.50	7836.11
252.87	11274.36
253.25	5345.78
253.62	7035.65
253.99	5317.70
254.36	8184.85
254.74	5919.21
255.11	5643.03
255.48	5102.37
255.85	11939.07
256.23	5338.76
256.60	4973.64
256.97	6249.23
257.34	7178.42
257.71	6785.21
258.09	6270.30
258.46	6780.53
258.83	9839.61
259.20	8248.05
259.58	6272.64
259.95	6516.05
260.32	8170.81
260.69	5493.24
261.06	9341.08
261.44	5671.12
261.81	11428.84
262.18	7059.06
262.55	5748.36
262.92	6427.11
263.29	5865.38
263.67	5186.63
264.04	5834.96
264.41	6167.31
264.78	5860.70
265.15	8926.80
265.52	10464.54
265.90	6579.25
266.27	5748.36
266.64	5193.65
267.01	5041.51
267.38	7129.27
267.75	5561.11
268.12	4936.19
268.50	6324.13
268.87	5631.33
269.24	5294.29
269.61	6743.08
269.98	4861.29
270.35	6895.22
270.72	5640.69
271.09	6104.12
271.46	5895.81
271.83	6949.05
272.21	8046.76
272.58	5467.49
272.95	5666.44
273.32	6539.46
273.69	6640.10
274.06	5219.39
274.43	5633.67
274.80	6415.41
275.17	6853.09
275.54	14583.88
275.91	6492.65
276.28	6483.28
276.65	6621.38
277.02	9350.44
277.39	5547.07
277.76	5490.90
278.13	7541.21
278.50	7669.94
278.87	8898.72
279.24	7695.68
279.61	7339.92
279.98	9778.76
280.35	5849.00
280.72	6586.27
281.09	6321.79
281.46	6471.58
281.83	5579.84
282.20	6979.48
282.57	5851.34
282.94	6892.88
283.31	5811.55
283.68	6817.98
284.05	5163.22
284.42	4959.60
284.79	6832.02
285.16	7274.38
285.53	6256.25
285.90	6473.92
286.27	12320.58
286.64	5097.69
287.01	5703.89
287.38	7290.77
287.75	52774.40
288.12	7754.19
288.49	13551.70
288.86	5446.43
289.23	5472.17
289.59	5511.96
289.96	5408.98
290.33	5650.05
290.70	5870.06
291.07	7255.66
291.44	6862.45
291.81	5401.96
292.18	6483.28
292.55	5863.04
292.91	10633.05
293.28	7215.87
293.65	9331.72
294.02	6815.64
294.39	5123.43
294.76	6221.14
295.13	6576.91
295.50	6127.52
295.86	6242.21
296.23	5610.26
296.60	5214.71
296.97	5781.12
297.34	6221.14
297.71	7676.96
298.07	6406.05
298.44	4936.19
298.81	6951.39
299.18	6539.46
299.55	9013.40
299.91	6078.37
300.28	6953.73
300.65	4980.66
301.02	6726.70
301.39	7199.49
301.75	11250.96
302.12	7213.53
302.49	6120.50
302.86	8922.12
303.23	6363.92
303.59	5303.65
303.96	14408.34
304.33	8421.25
304.70	12486.76
305.06	5954.32
305.43	8786.37
305.80	7098.84
306.17	7793.98
306.53	5762.40
306.90	8236.35
307.27	6483.28
307.64	8966.59
308.00	5818.57
308.37	5785.80
308.74	10068.98
309.11	7803.35
309.47	5650.05
309.84	5041.51
310.21	6190.72
310.57	6698.61
310.94	5874.74
311.31	6497.33
311.67	6918.62
312.04	4954.91
312.41	8407.20
312.77	7115.23
313.14	5619.63
313.51	6209.44
313.87	5830.27
314.24	5624.31
314.61	5628.99
314.97	5736.65
315.34	6321.79
315.71	5139.82
316.07	7901.65
316.44	5427.70
316.81	7499.08
317.17	5572.82
317.54	12645.91
317.91	5675.80
318.27	4854.27
318.64	6022.20
319.00	7548.23
319.37	5064.92
319.74	8086.55
320.10	8318.26
320.47	5900.49
320.83	9149.15
321.20	6087.73
321.57	5467.49
321.93	5799.85
322.30	6616.69
322.66	5610.26
323.03	7463.97
323.40	6935.01
323.76	5710.91
324.13	5584.52
324.49	4987.68
324.86	15356.25
325.22	6328.81
325.59	6134.54
325.95	6806.28
326.32	8074.85
326.68	7768.24
327.05	6293.70
327.42	5408.98
327.78	5755.38
328.15	8542.96
328.51	5841.98
328.88	6382.64
329.24	9488.53
329.61	6375.62
329.97	7353.96
330.34	5699.20
330.70	6300.72
331.07	9235.75
331.43	7398.43
331.80	11356.28
332.16	8655.30
332.52	5366.85
332.89	7152.68
333.25	5043.85
333.62	10492.62
333.98	6656.48
334.35	5614.95
334.71	6335.83
335.08	5317.70
335.44	10092.39
335.81	10122.82
336.17	8599.13
336.53	6361.58
336.90	5310.68
337.26	7276.73
337.63	11527.14
337.99	6796.92
338.36	5383.23
338.72	7492.05
339.08	6490.31
339.45	5203.01
339.81	8315.92
340.18	5937.94
340.54	8802.75
340.90	5731.97
341.27	6122.84
341.63	7262.68
341.99	4814.48
342.36	8877.65
342.72	5310.68
343.09	8943.19
343.45	5724.95
343.81	9032.13
344.18	5146.84
344.54	6064.33
344.90	6780.53
345.27	6511.37
345.63	6211.78
345.99	7723.77
346.36	6413.07
346.72	5376.21
347.08	5373.87
347.45	5050.88
347.81	8297.20
348.17	6546.48
348.54	5277.91
348.90	7623.12
349.26	8407.20
349.62	9078.94
349.99	4786.40
350.35	4821.50
350.71	6822.66
351.08	6190.72
351.44	4816.82
351.80	11204.14
352.16	9790.46
352.53	5458.13
352.89	7103.53
353.25	9390.23
353.61	5907.51
353.98	7564.61
354.34	8507.85
354.70	5743.67
355.06	5497.92
355.43	6307.74
355.79	5966.03
356.15	5944.96
356.51	5364.51
356.88	5469.83
357.24	5944.96
357.60	4917.47
357.96	4748.95
358.32	13006.36
358.69	4973.64
359.05	7042.67
359.41	6523.07
359.77	5685.16
360.13	5540.05
360.49	5390.25
360.86	7669.94
361.22	9516.62
361.58	6733.72
361.94	9188.94
362.30	5200.67
362.66	7243.96
363.03	4784.06
363.39	4748.95
363.75	5537.71
364.11	8463.38
364.47	5490.90
364.83	8933.82
365.19	6593.29
365.56	7761.22
365.92	4870.65
366.28	7433.54
366.64	8587.43
367.00	5760.06
367.36	4931.51
367.72	8390.82
368.08	8685.73
368.44	5713.25
368.80	7857.18
369.17	5832.62
369.53	5886.45
369.89	5416.00
370.25	5507.28
370.61	5418.34
370.97	9172.56
371.33	5715.59
371.69	10719.65
372.05	7145.66
372.41	5219.39
372.77	5743.67
373.13	6497.33
373.49	4809.80
373.85	6958.41
374.21	6478.60
374.57	5083.64
374.93	7332.90
375.29	7709.72
375.65	6696.27
376.01	6260.93
376.37	8582.74
376.73	7286.09
377.09	5116.41
377.45	8404.86
377.81	6071.35
378.17	5336.42
378.53	4683.41
378.89	7283.75
379.25	9245.12
379.61	11857.15
379.97	8133.36
380.33	5694.52
380.69	5521.32
381.05	5177.26
381.41	7967.18
381.77	6417.75
382.13	7445.24
382.49	12503.14
382.85	6602.65
383.21	7599.72
383.57	4812.14
383.93	8741.90
384.28	4709.16
384.64	5760.06
385.00	6647.12
385.36	6331.15
385.72	7803.35
386.08	5240.46
386.44	7449.93
386.80	7712.07
387.16	10202.40
387.52	8056.12
387.87	11435.86
388.23	7082.46
388.59	5523.66
388.95	4919.81
389.31	5954.32
389.67	5926.24
390.03	5570.48
390.38	5699.20
390.74	4704.48
391.10	7927.39
391.46	6654.14
391.82	5474.51
392.18	7157.36
392.54	4550.00
392.89	4901.08
393.25	7143.32
393.61	5181.95
393.97	4975.98
394.33	6860.11
394.68	6263.27
395.04	5076.62
395.40	6394.34
395.76	7854.84
396.12	6637.76
396.47	5268.55
396.83	6097.10
397.19	4968.96
397.55	5207.69
397.90	6504.35
398.26	6333.49
398.62	5100.03
398.98	4629.58
399.33	5909.85
399.69	20624.80
400.05	7143.32
400.41	5116.41
400.76	7452.27
401.12	8695.09
401.48	6766.49
401.84	5385.57
402.19	5687.50
402.55	6747.76
402.91	6258.59
403.26	4798.10
403.62	7155.02
403.98	6104.12
404.34	4461.06
404.69	6197.74
405.05	7719.09
405.41	11840.77
405.76	5343.44
406.12	5252.16
406.48	5867.72
406.83	5355.15
407.19	7447.58
407.55	6848.41
407.90	11943.75
408.26	7316.51
408.62	7838.45
408.97	6127.52
409.33	4905.76
409.68	5186.63
410.04	6581.59
410.40	5366.85
410.75	7063.74
411.11	5226.42
411.47	6448.18
411.82	5858.36
412.18	6246.89
412.53	5944.96
412.89	5530.69
413.25	6263.27
413.60	6258.59
413.96	4865.97
414.31	5572.82
414.67	6483.28
415.03	4734.90
415.38	5336.42
415.74	5715.59
416.09	5685.16
416.45	7307.15
416.80	5289.61
417.16	7272.04
417.51	6001.13
417.87	5774.10
418.23	6712.66
418.58	6991.18
418.94	4484.47
419.29	5380.89
419.65	6590.95
420.00	7604.40
420.36	6885.86
420.71	6986.50
421.07	5083.64
421.42	6326.47
421.78	7950.80
422.13	6029.22
422.49	5909.85
422.84	6443.49
423.20	4587.45
423.55	5029.81
423.91	4922.15
424.26	11756.51
424.61	7225.23
424.97	9472.15
425.32	5437.06
425.68	5781.12
426.03	6651.80
426.39	8973.61
426.74	8430.61
427.10	8056.12
427.45	5565.79
427.80	6665.85
428.16	6113.48
428.51	6057.31
428.87	6647.12
429.22	8191.88
429.58	8943.19
429.93	8624.87
430.28	5511.96
430.64	5469.83
430.99	4730.22
431.35	6509.03
431.70	5746.02
432.05	5902.83
432.41	7056.72
432.76	6967.77
433.11	6817.98
433.47	6768.83
433.82	9062.55
434.17	7012.24
434.53	7641.85
434.88	11742.47
435.24	6752.45
435.59	6579.25
435.94	5034.49
436.30	7066.08
436.65	5806.87
437.00	8325.29
437.35	13509.57
437.71	5785.80
438.06	5734.31
438.41	5366.85
438.77	7042.67
439.12	4762.99
439.47	4435.32
439.83	6670.53
440.18	4669.37
440.53	5755.38
440.88	10256.23
441.24	7344.60
441.59	5093.01
441.94	5813.89
442.30	7115.23
442.65	10513.69
443.00	6113.48
443.35	8929.14
443.71	5933.26
444.06	8245.71
444.41	6869.47
444.76	9640.67
445.11	6305.40
445.47	8734.88
445.82	7737.81
446.17	5186.63
446.52	8772.33
446.88	6413.07
447.23	4725.54
447.58	6876.49
447.93	5376.21
448.28	24250.29
448.63	9673.43
448.99	6010.50
449.34	7138.63
449.69	7693.34
450.04	5549.41
450.39	5507.28
450.74	6115.82
451.10	6193.06
451.45	6502.01
451.80	6773.51
452.15	8634.24
452.50	6995.86
452.85	8678.71
453.21	7709.72
453.56	6712.66
453.91	5830.27
454.26	6406.05
454.61	5221.74
454.96	7232.26
455.31	5727.29
455.66	5682.82
456.01	7019.27
456.36	5621.97
456.72	5383.23
457.07	6792.23
457.42	9191.28
457.77	7840.79
458.12	5247.48
458.47	6345.19
458.82	8388.48
459.17	6136.88
459.52	6193.06
459.87	30141.42
460.22	5444.09
460.57	6251.57
460.92	5481.53
461.27	7115.23
461.62	5893.47
461.97	5181.95
462.32	10171.97
462.67	9025.11
463.02	11419.47
463.38	11595.01
463.73	7789.30
464.08	11253.30
464.43	6555.84
464.78	5093.01
465.12	7002.88
465.47	7365.67
465.82	23960.06
466.17	5881.77
466.52	7440.56
466.87	5741.33
467.22	5177.26
467.57	4716.18
467.92	6715.00
468.27	9362.14
468.62	12556.97
468.97	6036.24
469.32	4746.61
469.67	12922.10
470.02	11915.67
470.37	5343.44
470.72	6497.33
471.07	4973.64
471.42	5872.40
471.76	5959.00
472.11	5753.04
472.46	7323.54
472.81	12379.09
473.16	5877.09
473.51	5355.15
473.86	4671.71
474.21	5769.42
474.56	5535.37
474.90	5533.03
475.25	8325.29
475.60	7679.30
475.95	5291.95
476.30	9378.53
476.65	8769.99
477.00	12341.64
477.34	9476.83
477.69	5048.54
478.04	7953.14
478.39	6347.53
478.74	5203.01
479.09	4575.75
479.43	17972.97
479.78	4844.91
480.13	10853.06
480.48	8552.32
480.83	6375.62
481.17	4933.85
481.52	6825.00
481.87	5905.17
482.22	9980.04
482.57	5975.39
482.91	7847.82
483.26	6808.62
483.61	5757.72
483.96	6504.35
484.30	65535.00
484.65	11349.26
485.00	5128.11
485.35	5820.91
485.69	5219.39
486.04	5813.89
486.39	6691.59
486.74	6572.22
487.08	4835.55
487.43	6909.26
487.78	4641.28
488.12	7143.32
488.47	5324.72
488.82	8791.05
489.17	5259.18
489.51	4667.03
489.86	6836.70
490.21	4643.62
490.55	6672.87
490.90	4830.87
491.25	5579.84
491.59	4922.15
491.94	10520.71
492.29	5607.92
492.63	6143.91
492.98	4421.27
493.33	6352.21
493.67	5537.71
494.02	4983.00
494.37	4912.78
494.71	7150.34
495.06	5284.93
495.40	8870.63
495.75	5287.27
496.10	8692.75
496.44	7110.55
496.79	7129.27
497.13	5102.37
497.48	11740.13
497.83	8580.40
498.17	7152.68
498.52	5280.25
498.86	7276.73
499.21	6443.49
499.56	5153.86
499.90	5788.14
500.25	4828.53
500.59	5951.98
500.94	6616.69
501.28	7410.14
501.63	8259.75
501.97	5589.20
502.32	5093.01
502.67	14834.32
503.01	5064.92
503.36	5526.00
503.70	5507.28
504.05	7117.57
504.39	7723.77
504.74	5858.36
505.08	8929.14
505.43	4374.46
505.77	4870.65
506.12	6359.24
506.46	5790.49
506.81	5270.89
507.15	5221.74
507.49	5647.71
507.84	5071.94
508.18	6590.95
508.53	6148.59
508.87	6188.38
509.22	5689.84
509.56	65535.00
509.91	17055.48
510.25	6183.70
510.60	4514.89
510.94	8837.86
511.28	4461.06
511.63	8023.36
511.97	6497.33
512.32	7758.88
512.66	5156.20
513.00	6160.29
513.35	7974.21
513.69	5100.03
514.04	7157.36
514.38	7536.52
514.72	6569.88
515.07	5228.76
515.41	5116.41
515.76	5181.95
516.10	6897.56
516.44	7531.84
516.79	5444.09
517.13	4933.85
517.47	7934.42
517.82	6291.36
518.16	7026.29
518.50	6277.32
518.85	6462.22
519.19	8575.72
519.53	11152.65
519.88	7789.30
520.22	5846.66
520.56	6143.91
520.91	4777.03
521.25	5029.81
521.59	5951.98
521.93	6698.61
522.28	5891.13
522.62	5975.39
522.96	7749.51
523.31	5813.89
523.65	6825.00
523.99	7295.45
524.33	9654.71
524.68	7063.74
525.02	4842.57
525.36	6635.42
525.70	4660.01
526.05	5301.31
526.39	5027.47
526.73	7403.11
527.07	6361.58
527.41	8940.85
527.76	5184.29
528.10	5816.23
528.44	6506.69
528.78	6043.26
529.12	7328.22
529.47	5790.49
529.81	7782.28
530.15	7824.41
530.49	7077.78
530.83	4643.62
531.18	5036.83
531.52	5736.65
531.86	4840.23
532.20	6129.86
532.54	8053.78
532.88	4407.23
533.22	5682.82
533.57	5385.57
533.91	9048.51
534.25	4945.55
534.59	9085.96
534.93	7501.42
535.27	5095.35
535.61	5762.40
535.95	9102.34
536.30	7227.57
536.64	6148.59
536.98	4266.80
537.32	5593.88
537.66	4524.26
538.00	6878.83
538.34	7199.49
538.68	7157.36
539.02	9750.67
539.36	5441.75
539.70	4826.18
540.04	6438.81
540.39	16585.04
540.73	5275.57
541.07	6171.99
541.41	6675.21
541.75	6628.40
542.09	8449.33
542.43	6942.03
542.77	6078.37
543.11	6499.67
543.45	6284.34
543.79	8013.99
544.13	5664.10
544.47	5764.74
544.81	6223.48
545.15	7169.06
545.49	6012.84
545.83	5025.13
546.17	5659.42
546.51	4353.40
546.85	5607.92
547.19	9252.14
547.53	4812.14
547.87	7325.88
548.21	10216.44
548.54	6139.23
548.88	5362.17
549.22	5399.62
549.56	4798.10
549.90	5334.08
550.24	6094.76
550.58	5078.96
550.92	8243.37
551.26	5401.96
551.60	8968.93
551.94	5708.57
552.28	5687.50
552.61	7119.91
552.95	7197.15
553.29	5404.30
553.63	6272.64
553.97	9455.76
554.31	7915.69
554.65	8608.49
554.99	8662.32
555.32	5614.95
555.66	6995.86
556.00	4329.99
556.34	5813.89
556.68	6270.30
557.02	7929.74
557.36	6377.96
557.69	6164.97
558.03	5479.19
558.37	10523.05
558.71	12238.66
559.05	8723.18
559.38	9530.66
559.72	5203.01
560.06	7253.32
560.40	7155.02
560.74	8458.70
561.07	6935.01
561.41	7775.26
561.75	6867.13
562.09	8358.05
562.42	7939.10
562.76	7190.13
563.10	6427.11
563.44	19889.87
563.77	6651.80
564.11	7159.70
564.45	8311.24
564.79	6993.52
565.12	6272.64
565.46	6478.60
565.80	6712.66
566.14	6661.16
566.47	7946.12
566.81	5067.26
567.15	6373.28
567.48	6874.15
567.82	6984.16
568.16	6253.91
568.49	5235.78
568.83	4854.27
569.17	6087.73
569.50	6827.34
569.84	9181.92
570.18	6841.39
570.51	9558.75
570.85	6054.97
571.19	5839.64
571.52	5364.51
571.86	7779.94
572.20	5727.29
572.53	9188.94
572.87	5275.57
573.21	5207.69
573.54	4931.51
573.88	6885.86
574.21	6310.08
574.55	6047.94
574.89	5914.53
575.22	7667.60
575.56	5453.45
575.89	5385.57
576.23	6148.59
576.57	6881.18
576.90	5235.78
577.24	6413.07
577.57	5006.41
577.91	6675.21
578.24	4730.22
578.58	5937.94
578.91	7192.47
579.25	5341.10
579.59	6162.63
579.92	6008.16
580.26	4997.04
580.59	6785.21
580.93	6927.99
581.26	5610.26
581.60	6890.54
581.93	7260.34
582.27	9156.18
582.60	5020.45
582.94	6373.28
583.27	5193.65
583.61	5856.02
583.94	6457.54
584.28	4711.50
584.61	5799.85
584.94	7101.19
585.28	6946.71
585.61	7929.74
585.95	7346.94
586.28	9792.80
586.62	11201.80
586.95	6143.91
587.29	10193.03
587.62	8463.38
587.95	4884.70
588.29	6576.91
588.62	7206.51
588.96	7962.50
589.29	5596.22
589.62	5570.48
589.96	5841.98
590.29	5514.30
590.63	4882.36
590.96	7400.77
591.29	7707.38
591.63	8255.07
591.96	5011.09
592.29	5729.63
592.63	5598.56
592.96	6775.85
593.30	9886.42
593.63	6827.34
593.96	5128.11
594.30	5717.93
594.63	6782.87
594.96	10623.69
595.30	6326.47
595.63	5841.98
595.96	5369.19
596.29	6853.09
596.63	5645.37
596.96	7466.31
597.29	7084.80
597.63	4685.75
597.96	8545.30
598.29	8283.16
598.63	8107.62
598.96	5233.44
599.29	5696.86
599.62	8023.36
599.96	5556.43
600.29	5905.17
600.62	5104.71
600.95	5589.20
601.29	5919.21
601.62	6717.34
601.95	6080.71
602.28	5413.66
602.61	39182.91
602.95	6607.33
603.28	10064.30
603.61	5453.45
603.94	7969.52
604.27	5245.14
604.61	7307.15
604.94	6906.92
605.27	6693.93
605.60	5095.35
605.93	5568.13
606.27	7925.05
606.60	5233.44
606.93	4926.83
607.26	9210.01
607.59	6113.48
607.92	8285.50
608.26	5830.27
608.59	5483.88
608.92	5940.28
609.25	5071.94
609.58	6808.62
609.91	7148.00
610.24	11403.09
610.57	7059.06
610.90	8355.71
611.24	4819.16
611.57	4765.33
611.90	7651.21
612.23	6410.73
612.56	7929.74
612.89	7400.77
613.22	7501.42
613.55	4800.44
613.88	8154.43
614.21	5174.92
614.54	6853.09
614.87	5338.76
615.20	4465.74
615.53	8596.79
615.87	5518.98
616.20	6232.85
616.53	8652.96
616.86	6139.23
617.19	7033.31
617.52	5490.90
617.85	5813.89
618.18	5357.49
618.51	5846.66
618.84	7454.61
619.17	5977.73
619.50	9102.34
619.83	9064.89
620.16	7382.05
620.49	5465.15
620.82	11838.43
621.14	9004.04
621.47	6691.59
621.80	8402.52
622.13	6516.05
622.46	12372.07
622.79	7368.01
623.12	5078.96
623.45	8009.31
623.78	7520.14
624.11	5121.09
624.44	6644.78
624.77	5406.64
625.10	5490.90
625.43	5114.07
625.75	6424.77
626.08	5364.51
626.41	5088.32
626.74	8608.49
627.07	5984.75
627.40	10235.16
627.73	5568.13
628.06	5284.93
628.38	4484.47
628.71	7492.05
629.04	8269.11
629.37	8102.93
629.70	6459.88
630.03	5324.72
630.36	8376.78
630.68	7613.76
631.01	5504.94
631.34	9219.37
631.67	5542.39
632.00	4676.39
632.32	7693.34
632.65	8629.56
632.98	6717.34
633.31	6223.48
633.64	7840.79
633.96	5181.95
634.29	9137.45
634.62	6427.11
634.95	6778.19
635.27	6576.91
635.60	7676.96
635.93	6906.92
636.26	6820.32
636.58	5577.50
636.91	5570.48
637.24	5437.06
637.57	6478.60
637.89	7105.87
638.22	5640.69
638.55	6377.96
638.87	6637.76
639.20	7487.37
639.53	7145.66
639.86	5444.09
640.18	5179.61
640.51	6565.20
640.84	6796.92
641.16	4945.55
641.49	6848.41
641.82	5011.09
642.14	5165.56
642.47	11887.58
642.80	6054.97
643.12	8018.68
643.45	6125.18
643.78	6445.84
644.10	5481.53
644.43	6047.94
644.75	8739.56
645.08	4617.88
645.41	7021.61
645.73	5158.54
646.06	12622.51
646.39	7733.13
646.71	5563.45
647.04	5343.44
647.36	4622.56
647.69	7370.35
648.01	6335.83
648.34	5376.21
648.67	8224.64
648.99	8688.07
649.32	5390.25
649.64	4812.14
649.97	4425.95
650.29	4830.87
650.62	12018.65
650.94	6403.71
651.27	9242.78
651.59	5991.77
651.92	5516.64
652.25	9048.51
652.57	5160.88
652.90	5203.01
653.22	6658.82
653.55	6424.77
653.87	4596.81
654.20	6363.92
654.52	9451.08
654.84	6022.20
655.17	6995.86
655.49	9490.87
655.82	5781.12
656.14	6745.42
656.47	9238.09
656.79	9856.00
657.12	5678.14
657.44	5678.14
657.77	7588.02
658.09	6586.27
658.41	6029.22
658.74	7325.88
659.06	4830.87
659.39	6071.35
659.71	5551.75
660.03	6204.76
660.36	5865.38
660.68	8344.01
661.01	11173.72
661.33	9181.92
661.65	5528.35
661.98	11637.14
662.30	8582.74
662.63	6263.27
662.95	5846.66
663.27	5444.09
663.60	5011.09
663.92	6001.13
664.24	5937.94
664.57	5158.54
664.89	5411.32
665.21	5703.89
665.54	8011.65
665.86	6312.42
666.18	6541.80
666.51	8882.33
666.83	5511.96
667.15	12812.09
667.47	8241.03
667.80	7002.88
668.12	5242.80
668.44	6328.81
668.77	7428.86
669.09	8685.73
669.41	7529.50
669.73	4856.61
670.06	6279.66
670.38	5916.87
670.70	4858.95
671.02	6972.46
671.35	5846.66
671.67	8912.76
671.99	5919.21
672.31	8606.15
672.63	6726.70
672.96	9362.14
673.28	5661.76
673.60	6490.31
673.92	6345.19
674.24	5261.52
674.57	5362.17
674.89	8402.52
675.21	5980.07
675.53	7873.56
675.85	8554.66
676.17	8533.59
676.50	5280.25
676.82	8444.65
677.14	6462.22
677.46	12301.86
677.78	4891.72
678.10	8063.15
678.42	6129.86
678.75	5685.16
679.07	5043.85
679.39	6286.68
679.71	5717.93
680.03	5561.11
680.35	5736.65
680.67	5696.86
680.99	5416.00
681.31	5181.95
681.63	7019.27
681.96	8528.91
682.28	5659.42
682.60	6155.61
682.92	7499.08
683.24	5261.52
683.56	7463.97
683.88	5490.90
684.20	5865.38
684.52	5657.07
684.84	5521.32
685.16	6190.72
685.48	7765.90
685.80	6754.79
686.12	7590.36
686.44	10036.22
686.76	6111.14
687.08	4816.82
687.40	5233.44
687.72	7911.01
688.04	5343.44
688.36	12123.98
688.68	9287.25
689.00	6916.28
689.32	5891.13
689.64	5589.20
689.96	5947.30
690.28	8404.86
690.60	8730.20
690.92	5380.89
691.24	7206.51
691.56	5778.78
691.88	5926.24
692.19	5256.84
692.51	7999.95
692.83	6974.80
693.15	7852.50
693.47	7103.53
693.79	6722.02
694.11	8201.24
694.43	7698.02
694.75	6155.61
695.06	6722.02
695.38	8699.77
695.70	6312.42
696.02	6434.13
696.34	5776.44
696.66	5713.25
696.98	4603.83
697.29	5989.43
697.61	9434.70
697.93	8498.49
698.25	33883.94
698.57	7185.44
698.89	4966.62
699.20	6038.58
699.52	9310.65
699.84	4739.58
700.16	9146.81
700.48	9015.74
700.79	5273.23
701.11	10040.90
701.43	7955.48
701.75	5811.55
702.07	6340.51
702.38	9963.66
702.70	5378.55
703.02	5224.08
703.34	7499.08
703.65	6602.65
703.97	6111.14
704.29	4816.82
704.61	5146.84
704.92	7829.09
705.24	5989.43
705.56	8051.44
705.87	8407.20
706.19	6310.08
706.51	6040.92
706.82	8561.68
707.14	5516.64
707.46	4828.53
707.78	5263.86
708.09	7375.03
708.41	8411.89
708.73	6597.97
709.04	8664.66
709.36	5980.07
709.68	6356.90
709.99	10972.43
710.31	8688.07
710.62	6389.66
710.94	5968.37
711.26	6953.73
711.57	5792.83
711.89	5137.48
712.21	12929.12
712.52	6464.56
712.84	9053.19
713.15	6792.23
713.47	7873.56
713.79	5100.03
714.10	5636.01
714.42	6073.69
714.73	9235.75
715.05	4931.51
715.36	5186.63
715.68	5502.60
715.99	6825.00
716.31	8294.86
716.63	7325.88
716.94	8002.29
717.26	16659.93
717.57	8021.02
717.89	9556.41
718.20	5256.84
718.52	8201.24
718.83	6300.72
719.15	12231.64
719.46	11927.37
719.78	6736.06
720.09	6242.21
720.41	5408.98
720.72	5125.77
721.04	5165.56
721.35	6155.61
721.67	6076.03
721.98	5921.56
722.29	5865.38
722.61	5682.82
722.92	4657.67
723.24	5900.49
723.55	6487.96
723.87	6867.13
724.18	7562.27
724.50	5195.99
724.81	6087.73
725.12	6377.96
725.44	7232.26
725.75	6651.80
726.07	9064.89
726.38	7173.74
726.69	5951.98
727.01	7564.61
727.32	7691.00
727.63	5844.32
727.95	9111.71
728.26	5589.20
728.58	7702.70
728.89	5748.36
729.20	6415.41
729.52	5432.38
729.83	11517.78
730.14	7550.57
730.46	6480.94
730.77	8540.61
731.08	7524.82
731.39	6059.65
731.71	6445.84
732.02	7992.93
732.33	6335.83
732.65	5827.93
732.96	9308.31
733.27	8187.19
733.59	12236.32
733.90	8510.19
734.21	5294.29
734.52	5792.83
734.84	14408.34
735.15	5905.17
735.46	5961.34
735.77	6534.78
736.09	6263.27
736.40	9406.61
736.71	7901.65
737.02	5032.15
737.33	5816.23
737.65	6022.20
737.96	6441.15
738.27	6724.36
738.58	11351.60
738.89	7623.12
739.21	5689.84
739.52	4842.57
739.83	7571.63
740.14	5551.75
740.45	6541.80
740.76	5701.54
741.08	5123.43
741.39	6146.25
741.70	5872.40
742.01	6825.00
742.32	8718.50
742.63	6761.81
742.94	5425.36
743.26	7463.97
743.57	7211.19
743.88	8011.65
744.19	6869.47
744.50	6038.58
744.81	10698.59
745.12	6284.34
745.43	6408.39
745.74	13097.64
746.05	9771.74
746.36	4863.63
746.67	10352.19
746.99	6005.81
747.30	7431.20
747.61	5902.83
747.92	6890.54
748.23	8828.50
748.54	6122.84
748.85	6141.57
749.16	6586.27
749.47	5460.47
749.78	5998.79
750.09	6003.47
750.40	7080.12
750.71	6750.10
751.02	7337.58
751.33	6263.27
751.64	7098.84
751.95	6392.00
752.26	7515.46
752.57	7793.98
752.88	6111.14
753.19	6509.03
753.50	9769.40
753.81	6300.72
754.11	6506.69
754.42	14127.47
754.73	7103.53
755.04	6998.20
755.35	6925.65
755.66	11733.11
755.97	5277.91
756.28	5298.97
756.59	7559.93
756.90	14403.66
757.21	7145.66
757.52	9563.43
757.82	7169.06
758.13	5795.17
758.44	8435.29
758.75	7585.68
759.06	5809.21
759.37	5434.72
759.68	7229.91
759.98	5689.84
760.29	7566.95
760.60	6810.96
760.91	5401.96
761.22	6186.04
761.53	6698.61
761.83	5493.24
762.14	6698.61
762.45	5849.00
762.76	5158.54
763.07	7250.98
763.37	13561.06
763.68	9699.18
763.99	11262.66
764.30	9963.66
764.60	5682.82
764.91	8650.62
765.22	6794.58
765.53	11597.35
765.84	6963.09
766.14	6270.30
766.45	5020.45
766.76	9633.64
767.06	10181.33
767.37	6155.61
767.68	6707.98
767.99	6111.14
768.29	5806.87
768.60	6464.56
768.91	8547.64
769.21	11346.92
769.52	9432.36
769.83	6396.68
770.13	6441.15
770.44	6125.18
770.75	7609.08
771.05	6483.28
771.36	7875.90
771.67	6752.45
771.97	6092.41
772.28	6380.30
772.59	6810.96
772.89	8081.87
773.20	5689.84
773.51	5753.04
773.81	9951.96
774.12	5406.64
774.42	6541.80
774.73	5476.85
775.04	5659.42
775.34	17874.67
775.65	7400.77
775.95	10569.86
776.26	8203.58
776.56	5973.05
776.87	7304.81
777.18	54688.96
777.48	10942.00
777.79	6672.87
778.09	9364.48
778.40	6092.41
778.70	6038.58
779.01	9329.38
779.31	6623.72
779.62	6111.14
779.92	7864.20
780.23	7613.76
780.53	5186.63
780.84	6384.98
781.14	5926.24
781.45	5844.32
781.75	8634.24
782.06	5352.81
782.36	7169.06
782.67	5568.13
782.97	5647.71
783.28	11363.30
783.58	5879.43
783.89	5921.56
784.19	7456.95
784.49	10876.47
784.80	6408.39
785.10	10927.96
785.41	5593.88
785.71	7438.22
786.02	7517.80
786.32	12325.26
786.62	8086.55
786.93	10181.33
787.23	5902.83
787.54	6069.01
787.84	11721.40
788.14	7508.44
788.45	7648.87
788.75	9085.96
789.05	5371.53
789.36	6354.55
789.66	11616.08
789.96	8184.85
790.27	6623.72
790.57	6464.56
790.87	5542.39
791.18	6221.14
791.48	5572.82
791.78	7456.95
792.09	7667.60
792.39	5834.96
792.69	8248.05
793.00	7314.17
793.30	7761.22
793.60	5399.62
793.90	5001.72
794.21	7262.68
794.51	14312.38
794.81	9322.35
795.11	6590.95
795.42	5839.64
795.72	9713.22
796.02	8215.28
796.32	7555.25
796.63	7468.65
796.93	8538.27
797.23	7939.10
797.53	6927.99
797.84	5507.28
798.14	5547.07
798.44	7197.15
798.74	7543.55
799.04	7183.10
799.34	5334.08
799.65	13341.05
799.95	6899.90
800.25	6277.32
800.55	6069.01
800.85	7157.36
801.15	5610.26
801.46	6260.93
801.76	14834.32
802.06	6078.37
802.36	7377.37
802.66	5877.09
802.96	8159.11
803.26	9249.80
803.56	11822.05
803.87	13998.74
804.17	6361.58
804.47	8472.74
804.77	8854.25
805.07	9151.49
805.37	8198.90
805.67	7981.23
805.97	6331.15
806.27	6473.92
806.57	6272.64
806.87	10485.60
807.17	7124.59
807.47	9612.58
807.77	9516.62
808.07	6111.14
808.37	10010.47
808.67	6874.15
808.98	13214.66
809.28	6263.27
809.58	13467.44
809.88	9055.53
810.18	12351.01
810.47	6576.91
810.77	5437.06
811.07	8093.57
811.37	7618.44
811.67	5582.18
811.97	4882.36
812.27	5570.48
812.57	4938.53
812.87	5767.08
813.17	5680.48
813.47	5542.39
813.77	6195.40
814.07	5921.56
814.37	8554.66
814.67	5706.23
814.97	6551.16
815.27	5678.14
815.56	7667.60
815.86	9643.01
816.16	7119.91
816.46	5350.46
816.76	5767.08
817.06	9027.45
817.36	11559.91
817.66	6839.05
817.95	5589.20
818.25	7365.67
818.55	8961.91
818.85	8280.82
819.15	6071.35
819.45	11176.06
819.75	6586.27
820.04	6963.09
820.34	13092.96
820.64	8613.17
820.94	10611.99
821.24	6272.64
821.53	6731.38
821.83	5935.60
822.13	5465.15
822.43	6183.70
822.72	5188.97
823.02	5764.74
823.32	5535.37
823.62	7503.76
823.91	12620.17
824.21	5287.27
824.51	7302.47
824.81	6097.10
825.10	5284.93
825.40	8124.00
825.70	6871.81
826.00	10651.78
826.29	6087.73
826.59	6965.43
826.89	6132.20
827.18	7075.44
827.48	5823.25
827.78	5446.43
828.07	6686.91
828.37	8376.78
828.67	7213.53
828.96	6766.49
829.26	5823.25
829.56	8952.55
829.85	5874.74
830.15	7138.63
830.45	5181.95
830.74	10342.83
831.04	8264.43
831.34	8659.98
831.63	11309.47
831.93	8421.25
832.22	7957.82
832.52	6581.59
832.82	5334.08
833.11	5385.57
833.41	5631.33
833.70	5923.90
834.00	8990.00
834.29	6979.48
834.59	5240.46
834.89	7625.47
835.18	6197.74
835.48	10904.56
835.77	7868.88
836.07	8056.12
836.36	7808.03
836.66	8844.88
836.95	6436.47
837.25	5785.80
837.54	7770.58
837.84	6195.40
838.13	6942.03
838.43	5617.29
838.72	11461.60
839.02	9224.05
839.31	5795.17
839.61	9193.62
839.90	5221.74
840.20	6808.62
840.49	5479.19
840.78	7089.48
841.08	7847.82
841.37	6099.44
841.67	5249.82
841.96	7847.82
842.26	6995.86
842.55	5128.11
842.84	5462.81
843.14	8547.64
843.43	5085.98
843.73	6677.55
844.02	5144.50
844.31	6188.38
844.61	5970.71
844.90	7164.38
845.20	6644.78
845.49	4891.72
845.78	6078.37
846.08	5336.42
846.37	4585.11
846.66	7265.02
846.96	7751.85
847.25	7169.06
847.54	5254.50
847.84	5621.97
848.13	6326.47
848.42	8465.72
848.72	5631.33
849.01	7857.18
849.30	5734.31
849.59	5626.65
849.89	5558.77
850.18	10059.62
850.47	5521.32
850.76	13331.69
851.06	12131.00
851.35	7400.77
851.64	8468.06
851.93	6956.07
852.23	15384.34
852.52	6174.33
852.81	5935.60
853.10	6338.17
853.40	4926.83
853.69	4983.00
853.98	6413.07
854.27	8320.60
854.56	5891.13
854.86	7538.87
855.15	6864.79
855.44	6981.82
855.73	4957.25
856.02	5755.38
856.31	8217.62
856.61	7192.47
856.90	5977.73
857.19	5322.38
857.48	4830.87
857.77	5327.06
858.06	4613.20
858.35	5069.60
858.65	9666.41
858.94	7894.63
859.23	6340.51
859.52	7733.13
859.81	9947.28
860.10	5617.29
860.39	7903.99
860.68	6644.78
860.97	5413.66
861.26	5626.65
861.55	10202.40
861.85	6579.25
862.14	7765.90
862.43	8161.45
862.72	7042.67
863.01	5107.05
863.30	5841.98
863.59	6450.52
863.88	6076.03
864.17	6242.21
864.46	5111.73
864.75	12112.27
865.04	6635.42
865.33	5596.22
865.62	9235.75
865.91	5811.55
866.20	7503.76
866.49	5898.15
866.78	6122.84
867.07	5973.05
867.36	8557.00
867.65	8688.07
867.93	7623.12
868.22	6354.55
868.51	6073.69
868.80	6658.82
869.09	6008.16
869.38	5451.11
869.67	11033.29
869.96	11033.29
870.25	11033.29
