178.76	1760.08
179.14	1760.08
179.52	1760.08
179.90	1769.44
180.28	10228.14
180.66	5806.87
181.04	8004.63
181.42	7311.83
181.80	6171.99
182.18	10293.68
182.55	5689.84
182.93	6930.33
183.31	6911.60
183.69	7716.75
184.07	7831.43
184.45	6867.13
184.83	7192.47
185.21	6354.55
185.59	6635.42
185.97	15382.00
186.35	11197.12
186.72	6766.49
187.10	6965.43
187.48	10981.79
187.86	8812.12
188.24	6452.86
188.62	6085.39
189.00	10464.54
189.38	7604.40
189.75	7262.68
190.13	7651.21
190.51	6270.30
190.89	14113.43
191.27	19756.46
191.65	6773.51
192.03	7543.55
192.40	9741.31
192.78	7456.95
193.16	8512.53
193.54	11674.59
193.92	10129.84
194.30	6478.60
194.67	9114.05
195.05	7988.25
195.43	7023.95
195.81	6855.43
196.19	10118.14
196.56	7489.71
196.94	7211.19
197.32	11410.11
197.70	6387.32
198.08	8243.37
198.45	6476.26
198.83	7337.58
199.21	6506.69
199.59	11695.66
199.97	7892.29
200.34	5692.18
200.72	6586.27
201.10	13193.60
201.48	9631.30
201.85	6176.67
202.23	6616.69
202.61	6693.93
202.99	39131.42
203.36	6553.50
203.74	8781.69
204.12	7016.93
204.49	6354.55
204.87	8491.46
205.25	6846.07
205.63	5638.35
206.00	6291.36
206.38	7700.36
206.76	9177.24
207.14	6345.19
207.51	5830.27
207.89	10492.62
208.27	6296.04
208.64	5235.78
209.02	6427.11
209.40	6778.19
209.77	5603.24
210.15	14792.19
210.53	5708.57
210.90	10733.70
211.28	6171.99
211.66	11492.03
212.03	6443.49
212.41	5776.44
212.79	7026.29
213.16	5825.59
213.54	7447.58
213.92	7786.96
214.29	5526.00
214.67	6511.37
215.05	6686.91
215.42	9057.87
215.80	6497.33
216.17	6485.62
216.55	7480.35
216.93	5717.93
217.30	8631.90
217.68	6157.95
218.05	6502.01
218.43	6382.64
218.81	6754.79
219.18	10609.65
219.56	6506.69
219.93	6366.26
220.31	6296.04
220.69	5729.63
221.06	6031.56
221.44	7417.16
221.81	6036.24
222.19	5514.30
222.56	5984.75
222.94	6602.65
223.32	7262.68
223.69	6136.88
224.07	8479.76
224.44	12009.29
224.82	7478.01
225.19	8065.49
225.57	7288.43
225.94	6530.09
226.32	7105.87
226.69	11763.53
227.07	8322.94
227.44	6539.46
227.82	7494.40
228.19	6729.04
228.57	8421.25
228.94	10965.41
229.32	9081.28
229.69	8449.33
230.07	6483.28
230.44	5926.24
230.82	10300.70
231.19	8807.44
231.57	5612.60
231.94	5500.26
232.32	8704.45
232.69	6527.75
233.07	7208.85
233.44	7854.84
233.82	6675.21
234.19	7236.94
234.57	9659.39
234.94	6274.98
235.31	6429.45
235.69	6935.01
236.06	7183.10
236.44	8224.64
236.81	5694.52
237.19	7522.48
237.56	11360.96
237.93	6218.80
238.31	7428.86
238.68	6743.08
239.06	7325.88
239.43	8482.10
239.81	7609.08
240.18	5771.76
240.55	5966.03
240.93	12156.74
241.30	7496.74
241.67	7035.65
242.05	8248.05
242.42	9102.34
242.80	5753.04
243.17	7489.71
243.54	7400.77
243.92	8952.55
244.29	6761.81
244.66	7396.09
245.04	9809.19
245.41	15152.63
245.78	5675.80
246.16	6574.56
246.53	8475.08
246.90	6745.42
247.28	12212.92
247.65	6738.40
248.02	6944.37
248.40	9645.35
248.77	7133.95
249.14	8098.25
249.52	6609.67
249.89	8168.47
250.26	6083.05
250.64	7318.86
251.01	14616.65
251.38	5638.35
251.75	7213.53
252.13	6473.92
252.50	8725.52
252.87	12748.90
253.25	5783.46
253.62	7522.48
253.99	5673.46
254.36	9050.85
254.74	6258.59
255.11	5968.37
255.48	5313.02
255.85	13319.99
256.23	5561.11
256.60	5191.31
256.97	6473.92
257.34	7793.98
257.71	7302.47
258.09	6429.45
258.46	7485.03
258.83	10780.51
259.20	9235.75
259.58	6682.23
259.95	7124.59
260.32	8889.35
260.69	5767.08
261.06	10195.37
261.44	6122.84
261.81	12664.64
262.18	7466.31
262.55	6125.18
262.92	7061.40
263.29	6326.47
263.67	5504.94
264.04	6394.34
264.41	6672.87
264.78	6265.61
265.15	9745.99
265.52	11850.13
265.90	7225.23
266.27	6197.74
266.64	5572.82
267.01	5362.17
267.38	7789.30
267.75	5720.27
268.12	5090.67
268.50	6574.56
268.87	6043.26
269.24	5966.03
269.61	7384.39
269.98	7878.24
270.35	7590.36
270.72	5926.24
271.09	6813.30
271.46	6375.62
271.83	7517.80
272.21	8884.67
272.58	5816.23
272.95	6169.65
273.32	7033.31
273.69	6930.33
274.06	5324.72
274.43	6031.56
274.80	6729.04
275.17	7538.87
275.54	11695.66
275.91	6899.90
276.28	6977.14
276.65	7311.83
277.02	10661.14
277.39	5998.79
277.76	5961.34
278.13	8053.78
278.50	8189.53
278.87	9825.57
279.24	8631.90
279.61	7887.61
279.98	9439.38
280.35	6080.71
280.72	7087.14
281.09	6752.45
281.46	7012.24
281.83	5984.75
282.20	7391.41
282.57	6331.15
282.94	7534.18
283.31	6223.48
283.68	7520.14
284.05	5556.43
284.42	5104.71
284.79	7405.46
285.16	8018.68
285.53	6897.56
285.90	6885.86
286.27	13881.72
286.64	5338.76
287.01	6029.22
287.38	8098.25
287.75	57109.07
288.12	8215.28
288.49	15520.09
288.86	5736.65
289.23	5900.49
289.59	5998.79
289.96	5729.63
290.33	5987.09
290.70	6235.19
291.07	7983.57
291.44	7461.63
291.81	5600.90
292.18	7171.40
292.55	6448.18
292.91	11796.30
293.28	8063.15
293.65	10399.00
294.02	7290.77
294.39	5430.04
294.76	6803.94
295.13	6888.20
295.50	6754.79
295.86	6722.02
296.23	6242.21
296.60	5650.05
296.97	6202.42
297.34	6661.16
297.71	8390.82
298.07	6764.15
298.44	5256.84
298.81	7447.58
299.18	7016.93
299.55	10033.88
299.91	6712.66
300.28	7222.89
300.65	5294.29
301.02	7096.50
301.39	7779.94
301.75	12734.85
302.12	7831.43
302.49	6871.81
302.86	9898.13
303.23	6939.69
303.59	5624.31
303.96	16079.48
304.33	9298.95
304.70	13998.74
305.06	6335.83
305.43	9605.56
305.80	7906.33
306.17	8671.68
306.53	5994.11
306.90	8833.18
307.27	6911.60
307.64	9970.68
308.00	6157.95
308.37	6106.46
308.74	11206.48
309.11	8381.46
309.47	6017.52
309.84	5369.19
310.21	6916.28
310.57	7220.55
310.94	6471.58
311.31	6904.58
311.67	7391.41
312.04	5322.38
312.41	9130.43
312.77	7590.36
313.14	6029.22
313.51	6572.22
313.87	6296.04
314.24	6167.31
314.61	6132.20
314.97	6340.51
315.34	7014.59
315.71	5308.34
316.07	8613.17
316.44	5516.64
316.81	8156.77
317.17	5980.07
317.54	14508.98
317.91	6148.59
318.27	5193.65
318.64	6607.33
319.00	8346.35
319.37	5224.08
319.74	8851.91
320.10	8973.61
320.47	6277.32
320.83	10541.77
321.20	6588.61
321.57	5673.46
321.93	6169.65
322.30	7213.53
322.66	5984.75
323.03	8252.73
323.40	7562.27
323.76	6153.27
324.13	6113.48
324.49	5404.30
324.86	17825.52
325.22	7129.27
325.59	6729.04
325.95	7665.25
326.32	8933.82
326.68	8615.51
327.05	6656.48
327.42	5959.00
327.78	6207.10
328.15	9046.17
328.51	6176.67
328.88	7992.93
329.24	10579.22
329.61	6878.83
329.97	8175.49
330.34	6047.94
330.70	7049.69
331.07	10071.33
331.43	7798.66
331.80	12594.42
332.16	9715.56
332.52	5811.55
332.89	7948.46
333.25	5343.44
333.62	11700.34
333.98	6324.13
334.35	6764.15
334.71	7075.44
335.08	5668.78
335.44	11473.31
335.81	11206.48
336.17	9568.11
336.53	6815.64
336.90	5827.93
337.26	8070.17
337.63	8915.10
337.99	7225.23
338.36	5694.52
338.72	8505.51
339.08	7094.16
339.45	5582.18
339.81	9025.11
340.18	6415.41
340.54	9844.29
340.90	6076.03
341.27	6593.29
341.63	7866.54
341.99	5231.10
342.36	9942.60
342.72	5628.99
343.09	9898.13
343.45	6040.92
343.81	10106.43
344.18	5296.63
344.54	6747.76
344.90	7253.32
345.27	7126.93
345.63	6590.95
345.99	8463.38
346.36	7143.32
346.72	5621.97
347.08	5797.51
347.45	5357.49
347.81	9238.09
348.17	7112.89
348.54	5425.36
348.90	8531.25
349.26	9158.52
349.62	10040.90
349.99	5107.05
350.35	5102.37
350.71	7389.07
351.08	6832.02
351.44	5018.11
351.80	12465.69
352.16	10857.75
352.53	5830.27
352.89	7929.74
353.25	10548.79
353.61	6183.70
353.98	8149.75
354.34	9568.11
354.70	6167.31
355.06	5111.73
355.43	6946.71
355.79	6338.17
356.15	6457.54
356.51	5818.57
356.88	5905.17
357.24	6476.26
357.60	5338.76
357.96	5163.22
358.32	14427.06
358.69	5313.02
359.05	7630.15
359.41	7258.00
359.77	5687.50
360.13	5900.49
360.49	5837.30
360.86	8554.66
361.22	10534.75
361.58	7283.75
361.94	10595.61
362.30	5584.52
362.66	8182.51
363.03	5043.85
363.39	4936.19
363.75	5968.37
364.11	9572.79
364.47	6017.52
364.83	10087.71
365.19	7192.47
365.56	8645.94
365.92	5121.09
366.28	8262.09
366.64	9366.82
367.00	5296.63
367.36	5186.63
367.72	9289.59
368.08	8828.50
368.44	6193.06
368.80	8004.63
369.17	6162.63
369.53	6420.09
369.89	5666.44
370.25	5715.59
370.61	5937.94
370.97	10197.71
371.33	6258.59
371.69	12018.65
372.05	7948.46
372.41	5568.13
372.77	6293.70
373.13	7250.98
373.49	5027.47
373.85	7674.62
374.21	7232.26
374.57	5488.56
374.93	8084.21
375.29	8601.47
375.65	7241.62
376.01	6876.49
376.37	9631.30
376.73	8051.44
377.09	5551.75
377.45	9390.23
377.81	6516.05
378.17	5678.14
378.53	4894.06
378.89	7969.52
379.25	10328.78
379.61	13525.96
379.97	8959.57
380.33	6253.91
380.69	5867.72
381.05	5483.88
381.41	8861.27
381.77	6963.09
382.13	8109.96
382.49	14295.99
382.85	6853.09
383.21	8388.48
383.57	5228.76
383.93	10029.20
384.28	5039.17
384.64	6279.66
385.00	7056.72
385.36	7007.56
385.72	8549.98
386.08	5764.74
386.44	8346.35
386.80	8547.64
387.16	10424.75
387.52	9018.08
387.87	13050.83
388.23	7705.04
388.59	5909.85
388.95	5303.65
389.31	6420.09
389.67	6237.53
390.03	6036.24
390.38	6260.93
390.74	4854.27
391.10	8884.67
391.46	7122.25
391.82	5767.08
392.18	8032.72
392.54	4690.43
392.89	5455.79
393.25	7775.26
393.61	5511.96
393.97	5273.23
394.33	7463.97
394.68	6534.78
395.04	5317.70
395.40	7063.74
395.76	8765.31
396.12	7197.15
396.47	5582.18
396.83	6719.68
397.19	5397.28
397.55	5507.28
397.90	6974.80
398.26	6949.05
398.62	5425.36
398.98	4854.27
399.33	6462.22
399.69	22916.19
400.05	7913.35
400.41	5575.16
400.76	8308.90
401.12	9565.77
401.48	7588.02
401.84	5792.83
402.19	6118.16
402.55	7279.07
402.91	6825.00
403.26	5172.58
403.62	8013.99
403.98	6829.68
404.34	4638.94
404.69	6822.66
405.05	8706.79
405.41	13315.31
405.76	5715.59
406.12	5724.95
406.48	6623.72
406.83	5970.71
407.19	8091.23
407.55	7733.13
407.90	13420.63
408.26	8196.56
408.62	8631.90
408.97	6822.66
409.33	5310.68
409.68	5486.22
410.04	7283.75
410.40	5778.78
410.75	7878.24
411.11	5619.63
411.47	7056.72
411.82	6307.74
412.18	6939.69
412.53	6520.73
412.89	5867.72
413.25	6389.66
413.60	6834.36
413.96	5137.48
414.31	6099.44
414.67	7012.24
415.03	5172.58
415.38	5427.70
415.74	6216.46
416.09	6305.40
416.45	8044.42
416.80	5729.63
417.16	8074.85
417.51	6499.67
417.87	6043.26
418.23	7417.16
418.58	7815.05
418.94	4858.95
419.29	5792.83
419.65	7564.61
420.00	8409.54
420.36	7826.75
420.71	7857.18
421.07	5322.38
421.42	6841.39
421.78	8802.75
422.13	6480.94
422.49	5366.85
422.84	7143.32
423.20	4999.38
423.55	5301.31
423.91	5291.95
424.26	13282.54
424.61	8053.78
424.97	10731.36
425.32	5778.78
425.68	6260.93
426.03	7222.89
426.39	9706.20
426.74	9434.70
427.10	9004.04
427.45	5968.37
427.80	7227.57
428.16	6558.18
428.51	6684.57
428.87	7241.62
429.22	8982.98
429.58	9692.16
429.93	9760.03
430.28	5830.27
430.64	5982.41
430.99	5064.92
431.35	7155.02
431.70	6197.74
432.05	6455.20
432.41	7763.56
432.76	7435.88
433.11	7487.37
433.47	7393.75
433.82	10171.97
434.17	7740.15
434.53	7520.14
434.88	13387.86
435.24	7368.01
435.59	6998.20
435.94	5514.30
436.30	7946.12
436.65	6054.97
437.00	8990.00
437.35	15063.69
437.71	6349.87
438.06	5944.96
438.41	5973.05
438.77	7515.46
439.12	5025.13
439.47	4711.50
439.83	7384.39
440.18	5001.72
440.53	6216.46
440.88	11524.80
441.24	7983.57
441.59	5387.91
441.94	6106.46
442.30	8021.02
442.65	11953.12
443.00	6623.72
443.35	9966.00
443.71	6387.32
444.06	8992.34
444.41	7508.44
444.76	10719.65
445.11	6839.05
445.47	9818.55
445.82	8631.90
446.17	5647.71
446.52	9762.37
446.88	6932.67
447.23	5008.75
447.58	7407.80
447.93	5699.20
448.28	27711.94
448.63	10349.85
448.99	6588.61
449.34	8142.72
449.69	8388.48
450.04	5975.39
450.39	5935.60
450.74	6736.06
451.10	6675.21
451.45	6850.75
451.80	7276.73
452.15	9369.16
452.50	7770.58
452.85	9523.64
453.21	8580.40
453.56	7463.97
453.91	6511.37
454.26	7033.31
454.61	5446.43
454.96	8173.15
455.31	6354.55
455.66	6076.03
456.01	7726.11
456.36	6090.07
456.72	5731.97
457.07	7466.31
457.42	9781.10
457.77	8760.63
458.12	5640.69
458.47	7028.63
458.82	8940.85
459.17	6857.77
459.52	6970.12
459.87	11286.06
460.22	5341.10
460.57	6705.63
460.92	5907.51
461.27	7798.66
461.62	6389.66
461.97	5621.97
462.32	11475.65
462.67	9968.34
463.02	12917.42
463.38	12868.27
463.73	8547.64
464.08	11646.51
464.43	7199.49
464.78	5359.83
465.12	7911.01
465.47	8170.81
465.82	26422.31
466.17	6143.91
466.52	8159.11
466.87	6040.92
467.22	5813.89
467.57	5053.22
467.92	7623.12
468.27	10415.38
468.62	14171.94
468.97	6560.52
469.32	4835.55
469.67	15023.90
470.02	13486.17
470.37	5879.43
470.72	7274.38
471.07	5121.09
471.42	6305.40
471.76	6417.75
472.11	6354.55
472.46	8161.45
472.81	14307.69
473.16	5724.95
473.51	5715.59
473.86	5139.82
474.21	6487.96
474.56	6059.65
474.90	6066.67
475.25	9118.73
475.60	8446.99
475.95	5839.64
476.30	10647.10
476.65	9837.27
477.00	14232.80
477.34	10590.92
477.69	5551.75
478.04	8816.80
478.39	6951.39
478.74	5605.58
479.09	4940.87
479.43	6832.02
479.78	4741.93
480.13	11693.32
480.48	9760.03
480.83	6937.35
481.17	5205.35
481.52	6806.28
481.87	6260.93
482.22	11098.82
482.57	6499.67
482.91	8699.77
483.26	7417.16
483.61	6267.95
483.96	7190.13
484.30	65535.00
484.65	12599.10
485.00	5507.28
485.35	6604.99
485.69	5652.39
486.04	6230.51
486.39	7522.48
486.74	7258.00
487.08	5093.01
487.43	7639.51
487.78	4891.72
488.12	7826.75
488.47	5783.46
488.82	9898.13
489.17	5680.48
489.51	5022.79
489.86	7637.17
490.21	5111.73
490.55	7328.22
490.90	5172.58
491.25	6090.07
491.59	5289.61
491.94	11943.75
492.29	6029.22
492.63	6815.64
492.98	4727.88
493.33	6967.77
493.67	5977.73
494.02	5235.78
494.37	5324.72
494.71	7833.77
495.06	5867.72
495.40	10078.35
495.75	5760.06
496.10	9778.76
496.44	6586.27
496.79	7803.35
497.13	5551.75
497.48	13394.89
497.83	9844.29
498.17	7882.92
498.52	5954.32
498.86	8236.35
499.21	6511.37
499.56	5626.65
499.90	6195.40
500.25	5170.24
500.59	6810.96
500.94	7648.87
501.28	8395.50
501.63	9221.71
501.97	6223.48
502.32	5645.37
502.67	7655.89
503.01	5046.20
503.36	5970.71
503.70	6001.13
504.05	8025.70
504.39	8692.75
504.74	6429.45
505.08	10139.20
505.43	4608.51
505.77	5441.75
506.12	7007.56
506.46	6394.34
506.81	5661.76
507.15	5432.38
507.49	6106.46
507.84	5584.52
508.18	7328.22
508.53	7054.37
508.87	6794.58
509.22	6298.38
509.56	65535.00
509.91	18560.45
510.25	6736.06
510.60	4826.18
510.94	8496.14
511.28	4770.01
511.63	9128.09
511.97	7368.01
512.32	8580.40
512.66	5607.92
513.00	6839.05
513.35	9041.49
513.69	5268.55
514.04	8023.36
514.38	8367.42
514.72	7204.17
515.07	5701.54
515.41	5561.11
515.76	5727.29
516.10	7382.05
516.44	8575.72
516.79	5900.49
517.13	5235.78
517.47	8865.95
517.82	7040.33
518.16	6368.60
518.50	7098.84
518.85	7164.38
519.19	9415.98
519.53	12617.83
519.88	8400.18
520.22	6377.96
520.56	6785.21
520.91	5186.63
521.25	5247.48
521.59	6513.71
521.93	7510.78
522.28	6188.38
522.62	6920.96
522.96	8758.28
523.31	6338.17
523.65	7627.81
523.99	8212.94
524.33	10595.61
524.68	7681.64
525.02	5282.59
525.36	7330.56
525.70	5011.09
526.05	5738.99
526.39	5561.11
526.73	7955.48
527.07	7103.53
527.41	9982.38
527.76	5671.12
528.10	6200.08
528.44	7442.90
528.78	6464.56
529.12	8072.51
529.47	6272.64
529.81	8807.44
530.15	8872.97
530.49	7728.45
530.83	4777.03
531.18	5249.82
531.52	6324.13
531.86	5228.76
532.20	6796.92
532.54	9111.71
532.88	4779.37
533.22	6324.13
533.57	6815.64
533.91	9102.34
534.25	5231.10
534.59	10312.40
534.93	8126.34
535.27	5619.63
535.61	6289.02
535.95	10307.72
536.30	8313.58
536.64	6621.38
536.98	4477.44
537.32	6169.65
537.66	4894.06
538.00	7768.24
538.34	7927.39
538.68	7866.54
539.02	11171.38
539.36	5968.37
539.70	5125.77
540.04	7091.82
540.39	18904.51
540.73	5671.12
541.07	6684.57
541.41	7194.81
541.75	7349.28
542.09	9706.20
542.43	7461.63
542.77	6719.68
543.11	7162.04
543.45	6658.82
543.79	8968.93
544.13	5951.98
544.47	6235.19
544.81	5591.54
545.15	7758.88
545.49	6485.62
545.83	5490.90
546.17	6260.93
546.51	4566.39
546.85	5954.32
547.19	10209.42
547.53	5116.41
547.87	8243.37
548.21	11328.19
548.54	6766.49
548.88	5818.57
549.22	5687.50
549.56	5069.60
549.90	5811.55
550.24	6567.54
550.58	5453.45
550.92	9362.14
551.26	6099.44
551.60	10415.38
551.94	5944.96
552.28	6291.36
552.61	7838.45
552.95	6267.95
553.29	5912.19
553.63	6874.15
553.97	10600.29
554.31	8751.26
554.65	9933.23
554.99	9980.04
555.32	6092.41
555.66	7683.98
556.00	4662.35
556.34	6340.51
556.68	7019.27
557.02	8828.50
557.36	6937.35
557.69	6789.89
558.03	5994.11
558.37	11969.50
558.71	14017.47
559.05	9879.40
559.38	10881.15
559.72	5493.24
560.06	8318.26
560.40	7843.14
560.74	9303.63
561.07	7669.94
561.41	8505.51
561.75	7536.52
562.09	5982.41
562.42	8547.64
562.76	7744.83
563.10	7035.65
563.44	23108.11
563.77	7346.94
564.11	7903.99
564.45	9252.14
564.79	7733.13
565.12	6878.83
565.46	7274.38
565.80	7496.74
566.14	7229.91
566.47	8793.39
566.81	5575.16
567.15	7084.80
567.48	7662.91
567.82	7918.03
568.16	7426.52
568.49	5715.59
568.83	5308.34
569.17	6473.92
569.50	7480.35
569.84	10352.19
570.18	7452.27
570.51	10857.75
570.85	6506.69
571.19	6223.48
571.52	5790.49
571.86	9027.45
572.20	6155.61
572.53	10342.83
572.87	5607.92
573.21	5444.09
573.54	5259.18
573.88	7489.71
574.21	6993.52
574.55	6766.49
574.89	9217.03
575.22	8613.17
575.56	5961.34
575.89	5956.66
576.23	6324.13
576.57	7513.12
576.90	5727.29
577.24	6988.84
577.57	5380.89
577.91	7410.14
578.24	5060.24
578.58	6595.63
578.91	7892.29
579.25	5804.53
579.59	7040.33
579.92	6459.88
580.26	5149.18
580.59	7510.78
580.93	7445.24
581.26	5956.66
581.60	7581.00
581.93	8025.70
582.27	10782.85
582.60	5526.00
582.94	7042.67
583.27	5331.74
583.61	6345.19
583.94	7218.21
584.28	5071.94
584.61	6218.80
584.94	7761.22
585.28	7705.04
585.61	8297.20
585.95	7873.56
586.28	10970.09
586.62	12477.40
586.95	6944.37
587.29	11573.95
587.62	14597.92
587.95	5486.22
588.29	7133.95
588.62	7920.37
588.96	8919.78
589.29	6087.73
589.62	6017.52
589.96	6410.73
590.29	5966.03
590.63	5195.99
590.96	8358.05
591.29	8716.16
591.63	9287.25
591.96	5380.89
592.29	6097.10
592.63	5996.45
592.96	7332.90
593.30	11105.84
593.63	7438.22
593.96	5727.29
594.30	6052.63
594.63	7627.81
594.96	11260.32
595.30	6736.06
595.63	6356.90
595.96	5823.25
596.29	7653.55
596.63	6263.27
596.96	8205.92
597.29	7669.94
597.63	5039.17
597.96	9591.52
598.29	9224.05
598.63	8912.76
598.96	5694.52
599.29	5947.30
599.62	5898.15
599.96	5839.64
600.29	6485.62
600.62	5554.09
600.95	5956.66
601.29	6466.90
601.62	7176.08
601.95	6759.47
602.28	5797.51
602.61	19353.89
602.95	6942.03
603.28	11248.61
603.61	5666.44
603.94	9018.08
604.27	5596.22
604.61	8140.38
604.94	7667.60
605.27	7229.91
605.60	5385.57
605.93	5926.24
606.27	8814.46
606.60	6499.67
606.93	5151.52
607.26	10473.90
607.59	6832.02
607.92	9446.40
608.26	5933.26
608.59	5891.13
608.92	6455.20
609.25	5589.20
609.58	7459.29
609.91	8028.04
610.24	12683.36
610.57	7719.09
610.90	9224.05
611.24	4975.98
611.57	5102.37
611.90	8458.70
612.23	6637.76
612.56	8704.45
612.89	7999.95
613.22	8212.94
613.55	5041.51
613.88	9046.17
614.21	5664.10
614.54	7527.16
614.87	5596.22
615.20	4718.52
615.53	9692.16
615.87	5895.81
616.20	6897.56
616.53	9731.95
616.86	6710.32
617.19	7847.82
617.52	5902.83
617.85	6141.57
618.18	5856.02
618.51	6431.79
618.84	8245.71
619.17	6604.99
619.50	10155.58
619.83	9722.59
620.16	8222.30
620.49	5973.05
620.82	13397.23
621.14	10181.33
621.47	6356.90
621.80	9191.28
622.13	7206.51
622.46	14111.09
622.79	8266.77
623.12	5198.33
623.45	8870.63
623.78	8168.47
624.11	5507.28
624.44	7478.01
624.77	5769.42
625.10	5734.31
625.43	5453.45
625.75	6944.37
626.08	5921.56
626.41	5582.18
626.74	6698.61
627.07	6235.19
627.40	11454.58
627.73	6146.25
628.06	5736.65
628.38	4601.49
628.71	8503.17
629.04	9516.62
629.37	8248.05
629.70	7040.33
630.03	5593.88
630.36	9312.99
630.68	8636.58
631.01	6101.78
631.34	10384.96
631.67	6076.03
632.00	4760.65
632.32	8533.59
632.65	9530.66
632.98	7281.41
633.31	6817.98
633.64	8683.39
633.96	5542.39
634.29	10211.76
634.62	7148.00
634.95	7379.71
635.27	7091.82
635.60	8156.77
635.93	7550.57
636.26	7545.89
636.58	6232.85
636.91	6169.65
637.24	5788.14
637.57	7007.56
637.89	7908.67
638.22	6104.12
638.55	6860.11
638.87	7440.56
639.20	8182.51
639.53	7691.00
639.86	6003.47
640.18	5636.01
640.51	7119.91
640.84	7552.91
641.16	5406.64
641.49	7328.22
641.82	5432.38
642.14	5504.94
642.47	13331.69
642.80	6679.89
643.12	8814.46
643.45	6466.90
643.78	6963.09
644.10	5867.72
644.43	6853.09
644.75	9699.18
645.08	4863.63
645.41	7733.13
645.73	5561.11
646.06	14438.76
646.39	8755.94
646.71	6010.50
647.04	5942.62
647.36	4945.55
647.69	8194.22
648.01	6944.37
648.34	5783.46
648.67	9334.06
648.99	10043.24
649.32	5783.46
649.64	5238.12
649.97	4582.77
650.29	5165.56
650.62	13748.31
650.94	6984.16
651.27	10391.98
651.59	6679.89
651.92	5865.38
652.25	7592.70
652.57	5619.63
652.90	5619.63
653.22	7400.77
653.55	7349.28
653.87	4908.10
654.20	6981.82
654.52	10441.13
654.84	6469.24
655.17	7763.56
655.49	10661.14
655.82	6244.55
656.14	7351.62
656.47	10338.15
656.79	11166.70
657.12	6459.88
657.44	6200.08
657.77	8559.34
658.09	7075.44
658.41	6502.01
658.74	8212.94
659.06	5156.20
659.39	6499.67
659.71	6043.26
660.03	6764.15
660.36	6260.93
660.68	9624.28
661.01	12856.56
661.33	10176.65
661.65	6019.86
661.98	13256.79
662.30	9097.66
662.63	6822.66
662.95	6415.41
663.27	5891.13
663.60	5343.44
663.92	6548.82
664.24	6590.95
664.57	5563.45
664.89	5895.81
665.21	6080.71
665.54	9151.49
665.86	6995.86
666.18	7304.81
666.51	9956.64
666.83	6127.52
667.15	14380.25
667.47	9210.01
667.80	7852.50
668.12	5930.92
668.44	6904.58
668.77	8306.56
669.09	9867.70
669.41	8561.68
669.73	5191.31
670.06	6853.09
670.38	6354.55
670.70	5039.17
671.02	7728.45
671.35	6085.39
671.67	10043.24
671.99	6478.60
672.31	9659.39
672.63	7559.93
672.96	10520.71
673.28	6071.35
673.60	7108.21
673.92	7026.29
674.24	5664.10
674.57	5907.51
674.89	9240.44
675.21	6523.07
675.53	8753.60
675.85	9593.86
676.17	9603.22
676.50	5582.18
676.82	9675.77
677.14	7201.83
677.46	13949.59
677.78	5210.03
678.10	8844.88
678.42	6745.42
678.75	6232.85
679.07	5343.44
679.39	6764.15
679.71	6216.46
680.03	6164.97
680.35	6085.39
680.67	6249.23
680.99	5757.72
681.31	5203.01
681.63	7733.13
681.96	9790.46
682.28	6202.42
682.60	5591.54
682.92	8093.57
683.24	5151.52
683.56	8463.38
683.88	6001.13
684.20	6597.97
684.52	6141.57
684.84	6050.28
685.16	6354.55
685.48	8573.38
685.80	7302.47
686.12	8259.75
686.44	11283.72
686.76	6707.98
687.08	5149.18
687.40	5540.05
687.72	8975.95
688.04	5923.90
688.36	13879.38
688.68	10558.16
689.00	7559.93
689.32	6338.17
689.64	6197.74
689.96	6825.00
690.28	9404.27
690.60	9811.53
690.92	5923.90
691.24	8273.79
691.56	6434.13
691.88	6647.12
692.19	5600.90
692.51	8879.99
692.83	7611.42
693.15	8620.19
693.47	7637.17
693.79	7281.41
694.11	8997.02
694.43	7646.53
694.75	6600.31
695.06	7382.05
695.38	9811.53
695.70	7052.03
696.02	7236.94
696.34	6289.02
696.66	6277.32
696.98	4959.60
697.29	7019.27
697.61	11012.22
697.93	9507.26
698.25	12994.65
698.57	7620.78
698.89	5238.12
699.20	6523.07
699.52	10602.63
699.84	4954.91
700.16	6700.95
700.48	10148.56
700.79	5547.07
701.11	11360.96
701.43	8999.36
701.75	5930.92
702.07	6569.88
702.38	11239.25
702.70	5963.68
703.02	5774.10
703.34	8271.45
703.65	7110.55
703.97	6567.54
704.29	5067.26
704.61	5584.52
704.92	8819.14
705.24	6520.73
705.56	8940.85
705.87	9448.74
706.19	7016.93
706.51	5025.13
706.82	9582.15
707.14	5919.21
707.46	5203.01
707.78	5715.59
708.09	8098.25
708.41	9184.26
708.73	7286.09
709.04	9586.83
709.36	6445.84
709.68	6897.56
709.99	12622.51
710.31	9944.94
710.62	7112.89
710.94	6338.17
711.26	7756.54
711.57	6443.49
711.89	5455.79
712.21	14413.02
712.52	7187.79
712.84	10139.20
713.15	7482.69
713.47	8917.44
713.79	5528.35
714.10	6015.18
714.42	6612.01
714.73	10253.89
715.05	5214.71
715.36	5621.97
715.68	5874.74
715.99	6518.39
716.31	9191.28
716.63	8189.53
716.94	9090.64
717.26	19028.56
717.57	8887.01
717.89	11028.60
718.20	6005.81
718.52	9144.47
718.83	6707.98
719.15	14101.73
719.46	13507.23
719.78	7588.02
720.09	6764.15
720.41	5804.53
720.72	5446.43
721.04	5724.95
721.35	6829.68
721.67	6530.09
721.98	6429.45
722.29	6296.04
722.61	6071.35
722.92	4952.57
723.24	6628.40
723.55	7152.68
723.87	7508.44
724.18	8594.45
724.50	5446.43
724.81	6846.07
725.12	6799.26
725.44	7955.48
725.75	7421.84
726.07	10312.40
726.38	8138.04
726.69	6406.05
727.01	8393.16
727.32	8795.73
727.63	6263.27
727.95	10141.54
728.26	6017.52
728.58	8594.45
728.89	6244.55
729.20	6930.33
729.52	5816.23
729.83	13242.75
730.14	8273.79
730.46	6747.76
730.77	9504.92
731.08	8194.22
731.39	6483.28
731.71	7012.24
732.02	8697.43
732.33	7052.03
732.65	6420.09
732.96	10359.21
733.27	8975.95
733.59	13769.37
733.90	9149.15
734.21	5518.98
734.52	6562.86
734.84	16257.36
735.15	6487.96
735.46	6668.19
735.77	7171.40
736.09	6963.09
736.40	10551.14
736.71	8826.16
737.02	5371.53
737.33	6541.80
737.65	6015.18
737.96	7290.77
738.27	7620.78
738.58	12798.05
738.89	8257.41
739.21	6146.25
739.52	5041.51
739.83	8386.14
740.14	6008.16
740.45	7192.47
740.76	6286.68
741.08	5523.66
741.39	7016.93
741.70	6305.40
742.01	7496.74
742.32	9699.18
742.63	7440.56
742.94	5846.66
743.26	8322.94
743.57	7887.61
743.88	9092.98
744.19	7662.91
744.50	6619.04
744.81	12013.97
745.12	6857.77
745.43	6775.85
745.74	14544.09
746.05	12308.88
746.36	5146.84
746.67	11960.14
746.99	6609.67
747.30	8243.37
747.61	6403.71
747.92	7447.58
748.23	9713.22
748.54	6658.82
748.85	6736.06
749.16	7346.94
749.47	5804.53
749.78	6675.21
750.09	6715.00
750.40	7826.75
750.71	7363.33
751.02	8189.53
751.33	6832.02
751.64	7829.09
751.95	7005.22
752.26	8355.71
752.57	8552.32
752.88	6562.86
753.19	7145.66
753.50	9926.21
753.81	6726.70
754.11	7087.14
754.42	16166.08
754.73	7337.58
755.04	7613.76
755.35	7555.25
755.66	13137.43
755.97	5795.17
756.28	5823.25
756.59	8301.88
756.90	16081.82
757.21	7969.52
757.52	10792.21
757.82	7946.12
758.13	6211.78
758.44	9451.08
758.75	8301.88
759.06	6216.46
759.37	5771.76
759.68	7630.15
759.98	6239.87
760.29	8346.35
760.60	7712.07
760.91	5439.40
761.22	6869.47
761.53	7293.11
761.83	5860.70
762.14	7297.79
762.45	6260.93
762.76	5467.49
763.07	8072.51
763.37	15351.57
763.68	10958.39
763.99	12685.70
764.30	11349.26
764.60	6406.05
764.91	9891.10
765.22	7489.71
765.53	12884.65
765.84	7683.98
766.14	6911.60
766.45	5341.10
766.76	10736.04
767.06	11592.67
767.37	6848.41
767.68	7075.44
767.99	6796.92
768.29	6230.51
768.60	7070.76
768.91	9465.13
769.21	12540.59
769.52	10619.01
769.83	7026.29
770.13	6986.50
770.44	6644.78
770.75	8594.45
771.05	7112.89
771.36	8702.11
771.67	7346.94
771.97	6609.67
772.28	6827.34
772.59	7499.08
772.89	9174.90
773.20	6193.06
773.51	6237.53
773.81	11339.90
774.12	5797.51
774.42	6967.77
774.73	5963.68
775.04	6087.73
775.34	20482.03
775.65	8184.85
775.95	12051.42
776.26	7969.52
776.56	6392.00
776.87	8159.11
777.18	65535.00
777.48	15894.58
777.79	7543.55
778.09	10485.60
778.40	6679.89
778.70	6689.25
779.01	10462.19
779.31	7353.96
779.62	6574.56
779.92	8748.92
780.23	8397.84
780.53	5523.66
780.84	6810.96
781.14	6387.32
781.45	6207.10
781.75	9092.98
782.06	6204.76
782.36	7911.01
782.67	5863.04
782.97	6073.69
783.28	12898.69
783.58	6539.46
783.89	6363.92
784.19	8418.91
784.49	12226.96
784.80	6988.84
785.10	12601.44
785.41	5935.60
785.71	8367.42
786.02	7922.71
786.32	13355.10
786.62	8774.67
786.93	11513.10
787.23	6581.59
787.54	6836.70
787.84	11955.46
788.14	8269.11
788.45	5200.67
788.75	8685.73
789.05	5657.07
789.36	6883.52
789.66	13240.41
789.96	9020.42
790.27	7260.34
790.57	7201.83
790.87	5933.26
791.18	6251.57
791.48	6038.58
791.78	7976.55
792.09	8596.79
792.39	6384.98
792.69	9296.61
793.00	8086.55
793.30	8601.47
793.60	5605.58
793.90	5287.27
794.21	8231.66
794.51	15929.69
794.81	10429.43
795.11	7204.17
795.42	6380.30
795.72	11002.86
796.02	8982.98
796.32	8236.35
796.63	8318.26
796.93	9909.83
797.23	8952.55
797.53	7864.20
797.84	10148.56
798.14	6132.20
798.44	7943.78
798.74	8311.24
799.04	7903.99
799.34	5666.44
799.65	15211.14
799.95	7494.40
800.25	6839.05
800.55	6574.56
800.85	7889.95
801.15	6122.84
801.46	6951.39
801.76	17156.13
802.06	6434.13
802.36	8922.12
802.66	6537.12
802.96	9090.64
803.26	10555.82
803.56	12716.13
803.87	15744.78
804.17	6972.46
804.47	9603.22
804.77	10242.18
805.07	10249.21
805.37	9217.03
805.67	8809.78
805.97	6810.96
806.27	7089.48
806.57	6689.25
806.87	11192.44
807.17	7749.51
807.47	11094.14
807.77	10558.16
808.07	6586.27
808.37	11243.93
808.67	7545.89
808.98	14555.79
809.28	6801.60
809.58	15204.12
809.88	10174.31
810.18	13970.66
810.47	7026.29
810.77	7124.59
811.07	9135.11
811.37	8252.73
811.67	6134.54
811.97	5252.16
812.27	5975.39
812.57	5280.25
812.87	6408.39
813.17	6092.41
813.47	6256.25
813.77	6654.14
814.07	6588.61
814.37	9530.66
814.67	6197.74
814.97	6920.96
815.27	6118.16
815.56	8201.24
815.86	10736.04
816.16	7660.57
816.46	5816.23
816.76	6417.75
817.06	9977.70
817.36	12100.57
817.66	7328.22
817.95	5994.11
818.25	8098.25
818.55	9638.33
818.85	8992.34
819.15	6581.59
819.45	12739.54
819.75	7187.79
820.04	7199.49
820.34	15250.93
820.64	9514.28
820.94	12133.34
821.24	6707.98
821.53	7234.60
821.83	6476.26
822.13	5760.06
822.43	6719.68
822.72	5537.71
823.02	6272.64
823.32	5935.60
823.62	7777.60
823.91	14319.40
824.21	5692.18
824.51	8170.81
824.81	6700.95
825.10	5542.39
825.40	8889.35
825.70	7548.23
826.00	12039.72
826.29	6656.48
826.59	7997.61
826.89	6726.70
827.18	6223.48
827.48	6303.06
827.78	5895.81
828.07	7384.39
828.37	9067.24
828.67	8037.40
828.96	7351.62
829.26	6244.55
829.56	10186.01
829.85	6417.75
830.15	7901.65
830.45	5624.31
830.74	11779.92
831.04	9158.52
831.34	9839.61
831.63	12622.51
831.93	9334.06
832.22	9050.85
832.52	7258.00
832.82	5849.00
833.11	5844.32
833.41	6054.97
833.70	6464.56
834.00	9870.04
834.29	7499.08
834.59	5516.64
834.89	8196.56
835.18	6862.45
835.48	12421.22
835.77	8788.71
836.07	8966.59
836.36	8552.32
836.66	9767.06
836.95	7063.74
837.25	6202.42
837.54	8435.29
837.84	6586.27
838.13	7604.40
838.43	6272.64
838.72	13111.68
839.02	10263.25
839.31	6052.63
839.61	10296.02
839.90	5549.41
840.20	7321.20
840.49	5844.32
840.78	7953.14
841.08	8898.72
841.37	6670.53
841.67	5863.04
841.96	8498.49
842.26	7751.85
842.55	5640.69
842.84	5982.41
843.14	9603.22
843.43	5542.39
843.73	7248.64
844.02	5579.84
844.31	6892.88
844.61	6473.92
844.90	7988.25
845.20	7332.90
845.49	5282.59
845.78	6785.21
846.08	5701.54
846.37	4950.23
846.66	8049.10
846.96	8479.76
847.25	7995.27
847.54	5437.06
847.84	8552.32
848.13	6951.39
848.42	9455.76
848.72	6167.31
849.01	8524.23
849.30	6183.70
849.59	5940.28
849.89	6232.85
850.18	11824.39
850.47	5949.64
850.76	17273.15
851.06	13551.70
851.35	8107.62
851.64	9373.85
851.93	7485.03
852.23	10090.05
852.52	6609.67
852.81	6363.92
853.10	6143.91
853.40	5275.57
853.69	5547.07
853.98	6949.05
854.27	9221.71
854.56	6326.47
854.86	8290.18
855.15	7433.54
855.44	7829.09
855.73	5174.92
856.02	6328.81
856.31	9324.69
856.61	7889.95
856.90	6490.31
857.19	5631.33
857.48	5380.89
857.77	5671.12
858.06	4830.87
858.35	5572.82
858.65	10949.03
858.94	8800.41
859.23	6937.35
859.52	8779.35
859.81	11232.23
860.10	6300.72
860.39	8690.41
860.68	7262.68
860.97	5720.27
861.26	6118.16
861.55	11573.95
861.85	7178.42
862.14	8585.08
862.43	9092.98
862.72	7433.54
863.01	5591.54
863.30	6525.41
863.59	7066.08
863.88	6733.72
864.17	7019.27
864.46	5951.98
864.75	13657.03
865.04	7293.11
865.33	5582.18
865.62	10195.37
865.91	6113.48
866.20	8449.33
866.49	6452.86
866.78	6672.87
867.07	6490.31
867.36	9448.74
867.65	11145.63
867.93	8657.64
868.22	7101.19
868.51	6691.59
868.80	7304.81
869.09	6623.72
869.38	5832.62
869.67	11768.21
869.96	11768.21
870.25	11768.21
