178.76	1736.68
179.14	1736.68
179.52	1736.68
179.90	1685.19
180.28	10874.13
180.66	6202.42
181.04	9804.50
181.42	7473.33
181.80	6303.06
182.18	10949.03
182.55	5893.47
182.93	7459.29
183.31	7187.79
183.69	8156.77
184.07	8365.07
184.45	7040.33
184.83	7438.22
185.21	6736.06
185.59	7028.63
185.97	16716.11
186.35	12107.59
186.72	7157.36
187.10	7255.66
187.48	11903.96
187.86	9263.84
188.24	6738.40
188.62	6286.68
189.00	11147.97
189.38	7948.46
189.75	8159.11
190.13	8065.49
190.51	6604.99
190.89	15564.56
191.27	21231.00
191.65	7143.32
192.03	7906.33
192.40	10532.41
192.78	7634.83
193.16	8908.08
193.54	12500.80
193.92	11070.73
194.30	6705.63
194.67	9760.03
195.05	8482.10
195.43	7262.68
195.81	7129.27
196.19	10890.51
196.56	7784.62
196.94	7389.07
197.32	11702.68
197.70	6717.34
198.08	8662.32
198.45	6918.62
198.83	7749.51
199.21	6892.88
199.59	12601.44
199.97	8320.60
200.34	5919.21
200.72	6792.23
201.10	14293.65
201.48	10178.99
201.85	6525.41
202.23	7042.67
202.61	6661.16
202.99	16435.24
203.36	6682.23
203.74	9191.28
204.12	7286.09
204.49	6759.47
204.87	8997.02
205.25	7232.26
205.63	5870.06
206.00	6415.41
206.38	7932.08
206.76	9851.31
207.14	6656.48
207.51	6012.84
207.89	11012.22
208.27	6499.67
208.64	5432.38
209.02	6729.04
209.40	7052.03
209.77	5713.25
210.15	15080.07
210.53	5989.43
210.90	11669.91
211.28	6242.21
211.66	12290.15
212.03	6590.95
212.41	6052.63
212.79	7260.34
213.16	6043.26
213.54	7765.90
213.92	8053.78
214.29	5626.65
214.67	6651.80
215.05	6890.54
215.42	9680.46
215.80	6902.24
216.17	6668.19
216.55	7882.92
216.93	6059.65
217.30	9210.01
217.68	6387.32
218.05	6808.62
218.43	6640.10
218.81	6832.02
219.18	11379.68
219.56	6817.98
219.93	6696.27
220.31	6691.59
220.69	5832.62
221.06	6235.19
221.44	7674.62
221.81	6359.24
222.19	5771.76
222.56	6176.67
222.94	6977.14
223.32	7929.74
223.69	6406.05
224.07	8973.61
224.44	10054.94
224.82	7679.30
225.19	8549.98
225.57	7721.43
225.94	6909.26
226.32	7417.16
226.69	12636.55
227.07	8835.52
227.44	6867.13
227.82	8081.87
228.19	7028.63
228.57	8781.69
228.94	11964.82
229.32	9755.35
229.69	9158.52
230.07	6862.45
230.44	6363.92
230.82	11068.39
231.19	9720.24
231.57	5446.43
231.94	5717.93
232.32	15433.49
232.69	7267.36
233.07	7623.12
233.44	7035.65
233.82	7185.44
234.19	7517.80
234.57	10310.06
234.94	6630.74
235.31	6773.51
235.69	7269.70
236.06	7599.72
236.44	8877.65
236.81	5923.90
237.19	8079.53
237.56	11969.50
237.93	6534.78
238.31	7754.19
238.68	6923.30
239.06	7613.76
239.43	9006.38
239.81	8325.29
240.18	6036.24
240.55	6399.02
240.93	12992.31
241.30	8030.38
241.67	7286.09
242.05	8730.20
242.42	9643.01
242.80	5846.66
243.17	8056.12
243.54	7618.44
243.92	9385.55
244.29	7281.41
244.66	7653.55
245.04	10186.01
245.41	16276.09
245.78	6118.16
246.16	6876.49
246.53	8959.57
246.90	7145.66
247.28	13350.42
247.65	7152.68
248.02	7335.24
248.40	10127.50
248.77	7712.07
249.14	8489.12
249.52	7023.95
249.89	8571.04
250.26	6085.39
250.64	7578.65
251.01	15583.29
251.38	5750.70
251.75	7485.03
252.13	6761.81
252.50	9287.25
252.87	13865.33
253.25	6101.78
253.62	8116.98
253.99	5891.13
254.36	9509.60
254.74	6663.51
255.11	6211.78
255.48	5671.12
255.85	14279.61
256.23	5799.85
256.60	5500.26
256.97	6923.30
257.34	8107.62
257.71	7637.17
258.09	7002.88
258.46	7700.36
258.83	11791.62
259.20	9776.42
259.58	7180.76
259.95	7463.97
260.32	9329.38
260.69	6019.86
261.06	11185.42
261.44	6260.93
261.81	13446.38
262.18	7948.46
262.55	6480.94
262.92	7325.88
263.29	6661.16
263.67	5881.77
264.04	6551.16
264.41	7061.40
264.78	6572.22
265.15	10443.47
265.52	12589.74
265.90	7564.61
266.27	6504.35
266.64	5811.55
267.01	5607.92
267.38	8098.25
267.75	6111.14
268.12	5406.64
268.50	7110.55
268.87	6471.58
269.24	6008.16
269.61	7686.32
269.98	8257.41
270.35	7962.50
270.72	6195.40
271.09	7016.93
271.46	6616.69
271.83	8053.78
272.21	9240.44
272.58	6090.07
272.95	6441.15
273.32	7330.56
273.69	7384.39
274.06	5675.80
274.43	6478.60
274.80	7089.48
275.17	7875.90
275.54	11529.48
275.91	7407.80
276.28	7365.67
276.65	7674.62
277.02	11438.20
277.39	6197.74
277.76	6232.85
278.13	8435.29
278.50	8912.76
278.87	10574.54
279.24	9303.63
279.61	8444.65
279.98	11784.60
280.35	6392.00
280.72	7545.89
281.09	7124.59
281.46	7389.07
281.83	6169.65
282.20	7882.92
282.57	6462.22
282.94	8086.55
283.31	6546.48
283.68	7833.77
284.05	5760.06
284.42	5474.51
284.79	7723.77
285.16	8564.02
285.53	7148.00
285.90	7342.26
286.27	14890.49
286.64	5600.90
287.01	6338.17
287.38	8561.68
287.75	59086.82
288.12	8575.72
288.49	16704.40
288.86	6022.20
289.23	6193.06
289.59	6242.21
289.96	5956.66
290.33	6415.41
290.70	6630.74
291.07	8458.70
291.44	7985.91
291.81	6139.23
292.18	7515.46
292.55	6729.04
292.91	12737.20
293.28	8358.05
293.65	11103.50
294.02	7911.01
294.39	5598.56
294.76	6979.48
295.13	7508.44
295.50	6995.86
295.86	7042.67
296.23	6424.77
296.60	5827.93
296.97	6574.56
297.34	6944.37
297.71	9022.77
298.07	7258.00
298.44	5416.00
298.81	7843.14
299.18	7344.60
299.55	10513.69
299.91	7122.25
300.28	7227.57
300.65	5462.81
301.02	7620.78
301.39	8212.94
301.75	13607.87
302.12	8198.90
302.49	7045.01
302.86	10473.90
303.23	7248.64
303.59	5860.70
303.96	17427.63
304.33	9783.44
304.70	15124.54
305.06	6668.19
305.43	10230.48
305.80	8388.48
306.17	8961.91
306.53	6319.45
306.90	9392.57
307.27	7335.24
307.64	10764.12
308.00	6443.49
308.37	6494.99
308.74	12262.07
309.11	8898.72
309.47	6235.19
309.84	5526.00
310.21	7194.81
310.57	7541.21
310.94	6703.29
311.31	7337.58
311.67	7908.67
312.04	5542.39
312.41	9905.15
312.77	8245.71
313.14	6380.30
313.51	6923.30
313.87	6560.52
314.24	6480.94
314.61	6324.13
314.97	6544.14
315.34	7307.15
315.71	5518.98
316.07	9186.60
316.44	5832.62
316.81	8821.48
317.17	6136.88
317.54	15733.08
317.91	6457.54
318.27	5544.73
318.64	6803.94
319.00	8912.76
319.37	5607.92
319.74	9540.02
320.10	9607.90
320.47	6857.77
320.83	10890.51
321.20	7112.89
321.57	6054.97
321.93	6527.75
322.30	7447.58
322.66	6293.70
323.03	8730.20
323.40	8252.73
323.76	6471.58
324.13	6534.78
324.49	5493.24
324.86	18991.11
325.22	7616.10
325.59	6963.09
325.95	7899.31
326.32	9600.88
326.68	9202.99
327.05	7045.01
327.42	6038.58
327.78	6539.46
328.15	9540.02
328.51	6335.83
328.88	7452.27
329.24	11222.87
329.61	7283.75
329.97	8765.31
330.34	6282.00
330.70	7356.30
331.07	10855.40
331.43	8681.05
331.80	13717.88
332.16	10427.09
332.52	6207.10
332.89	8346.35
333.25	5549.41
333.62	12669.32
333.98	7255.66
334.35	6209.44
334.71	7335.24
335.08	5804.53
335.44	12187.17
335.81	12074.82
336.17	10314.74
336.53	7213.53
336.90	6026.88
337.26	8580.40
337.63	13851.29
337.99	7873.56
338.36	5949.64
338.72	9179.58
339.08	7456.95
339.45	5851.34
339.81	9537.68
340.18	6787.55
340.54	10513.69
340.90	6464.56
341.27	7098.84
341.63	8482.10
341.99	5268.55
342.36	10511.35
342.72	5987.09
343.09	10656.46
343.45	6373.28
343.81	10729.02
344.18	5593.88
344.54	6993.52
344.90	7885.26
345.27	7339.92
345.63	7080.12
345.99	8973.61
346.36	7407.80
346.72	6040.92
347.08	6167.31
347.45	5577.50
347.81	10017.49
348.17	7599.72
348.54	5741.33
348.90	9128.09
349.26	9783.44
349.62	10862.43
349.99	5467.49
350.35	5259.18
350.71	7712.07
351.08	7197.15
351.44	5348.12
351.80	13488.51
352.16	11632.46
352.53	6127.52
352.89	8491.46
353.25	11288.40
353.61	6796.92
353.98	8655.30
354.34	10373.25
354.70	6715.00
355.06	5411.32
355.43	7215.87
355.79	6862.45
356.15	6789.89
356.51	5998.79
356.88	6181.35
357.24	6895.22
357.60	5657.07
357.96	5376.21
358.32	15892.24
358.69	5446.43
359.05	8205.92
359.41	7693.34
359.77	5853.68
360.13	6384.98
360.49	6061.99
360.86	9460.45
361.22	11337.56
361.58	7777.60
361.94	11269.68
362.30	5846.66
362.66	8454.02
363.03	5315.36
363.39	5219.39
363.75	6188.38
364.11	10129.84
364.47	6293.70
364.83	10822.64
365.19	7634.83
365.56	8985.32
365.92	5282.59
366.28	8821.48
366.64	10193.03
367.00	5509.62
367.36	5589.20
367.72	10164.95
368.08	9612.58
368.44	6497.33
368.80	8346.35
369.17	6630.74
369.53	6778.19
369.89	5963.68
370.25	6214.12
370.61	6370.94
370.97	10871.79
371.33	6499.67
371.69	12791.03
372.05	8486.78
372.41	5827.93
372.77	6630.74
373.13	7609.08
373.49	5071.94
373.85	7948.46
374.21	7503.76
374.57	5806.87
374.93	8833.18
375.29	9240.44
375.65	7557.59
376.01	7396.09
376.37	10375.59
376.73	8557.00
377.09	5792.83
377.45	10188.35
377.81	6869.47
378.17	6111.14
378.53	5071.94
378.89	8397.84
379.25	11054.35
379.61	14394.29
379.97	9423.00
380.33	6511.37
380.69	6312.42
381.05	5785.80
381.41	9305.97
381.77	7330.56
382.13	8706.79
382.49	15033.26
382.85	7581.00
383.21	8788.71
383.57	5338.76
383.93	10501.98
384.28	5270.89
384.64	6815.64
385.00	7541.21
385.36	7267.36
385.72	9198.31
386.08	6162.63
386.44	8938.51
386.80	9310.65
387.16	12575.70
387.52	9596.20
387.87	13731.92
388.23	8032.72
388.59	6249.23
388.95	5549.41
389.31	6766.49
389.67	6628.40
390.03	6424.77
390.38	6361.58
390.74	5097.69
391.10	9479.17
391.46	7693.34
391.82	6097.10
392.18	8421.25
392.54	5093.01
392.89	5654.73
393.25	8566.36
393.61	5914.53
393.97	5621.97
394.33	7974.21
394.68	7164.38
395.04	5713.25
395.40	7269.70
395.76	9483.85
396.12	7517.80
396.47	5877.09
396.83	7201.83
397.19	5743.67
397.55	5774.10
397.90	7346.94
398.26	7218.21
398.62	5736.65
398.98	4919.81
399.33	6909.26
399.69	24851.81
400.05	8259.75
400.41	5884.11
400.76	8959.57
401.12	10342.83
401.48	7906.33
401.84	6045.60
402.19	6511.37
402.55	7768.24
402.91	7213.53
403.26	5336.42
403.62	8407.20
403.98	7227.57
404.34	4821.50
404.69	7152.68
405.05	9256.82
405.41	14579.20
405.76	5970.71
406.12	5989.43
406.48	6874.15
406.83	6216.46
407.19	8652.96
407.55	7985.91
407.90	14628.35
408.26	8695.09
408.62	9378.53
408.97	7131.61
409.33	5572.82
409.68	5827.93
410.04	7808.03
410.40	6104.12
410.75	8210.60
411.11	6008.16
411.47	7550.57
411.82	6775.85
412.18	7286.09
412.53	6696.27
412.89	6267.95
413.25	7021.61
413.60	7288.43
413.96	5366.85
414.31	6452.86
414.67	7363.33
415.03	5437.06
415.38	5748.36
415.74	6438.81
416.09	6588.61
416.45	8617.85
416.80	6094.76
417.16	8601.47
417.51	6956.07
417.87	6548.82
418.23	7892.29
418.58	8339.33
418.94	4929.17
419.29	6167.31
419.65	7859.52
420.00	8863.61
420.36	7887.61
420.71	8351.03
421.07	5748.36
421.42	7382.05
421.78	9376.19
422.13	6628.40
422.49	6808.62
422.84	7393.75
423.20	5392.59
423.55	5598.56
423.91	5582.18
424.26	14200.03
424.61	8149.75
424.97	11470.97
425.32	5980.07
425.68	6663.51
426.03	7747.17
426.39	10546.45
426.74	10057.28
427.10	9479.17
427.45	6047.94
427.80	7733.13
428.16	6974.80
428.51	7047.35
428.87	7737.81
429.22	9626.62
429.58	10370.91
429.93	10272.61
430.28	6090.07
430.64	6356.90
430.99	5310.68
431.35	7555.25
431.70	6513.71
432.05	6782.87
432.41	8395.50
432.76	7801.01
433.11	8063.15
433.47	7751.85
433.82	10752.42
434.17	8191.88
434.53	9284.91
434.88	14242.16
435.24	7786.96
435.59	7330.56
435.94	5661.76
436.30	8280.82
436.65	6429.45
437.00	9371.50
437.35	16329.92
437.71	6839.05
438.06	6324.13
438.41	6296.04
438.77	7903.99
439.12	5296.63
439.47	4854.27
439.83	7887.61
440.18	5191.31
440.53	6569.88
440.88	12306.54
441.24	8758.28
441.59	5687.50
441.94	6628.40
442.30	8486.78
442.65	12587.40
443.00	7016.93
443.35	10518.37
443.71	6766.49
444.06	9558.75
444.41	8018.68
444.76	11604.38
445.11	7101.19
445.47	10429.43
445.82	9097.66
446.17	5781.12
446.52	10630.71
446.88	7293.11
447.23	5160.88
447.58	7906.33
447.93	6141.57
448.28	30164.82
448.63	10890.51
448.99	6864.79
449.34	8641.26
449.69	9060.21
450.04	6555.84
450.39	6424.77
450.74	7037.99
451.10	7023.95
451.45	7087.14
451.80	7749.51
452.15	10300.70
452.50	8229.32
452.85	9949.62
453.21	8966.59
453.56	7845.48
453.91	6827.34
454.26	7440.56
454.61	5762.40
454.96	8599.13
455.31	6836.70
455.66	6583.93
456.01	8248.05
456.36	6417.75
456.72	6066.67
457.07	7857.18
457.42	10464.54
457.77	9420.66
458.12	5785.80
458.47	7454.61
458.82	9832.59
459.17	7218.21
459.52	7426.52
459.87	36411.71
460.22	6012.84
460.57	7323.54
460.92	6157.95
461.27	8400.18
461.62	6719.68
461.97	5994.11
462.32	12439.95
462.67	10761.78
463.02	13919.17
463.38	13542.34
463.73	8929.14
464.08	12559.31
464.43	7705.04
464.78	5720.27
465.12	8163.79
465.47	8706.79
465.82	27974.08
466.17	6476.26
466.52	8812.12
466.87	6406.05
467.22	5909.85
467.57	5188.97
467.92	7761.22
468.27	11208.83
468.62	15023.90
468.97	7005.22
469.32	5390.25
469.67	16081.82
470.02	14368.55
470.37	6225.82
470.72	7552.91
471.07	5448.77
471.42	6806.28
471.76	7077.78
472.11	6785.21
472.46	8617.85
472.81	15426.47
473.16	6040.92
473.51	6143.91
473.86	5331.74
474.21	6619.04
474.56	6441.15
474.90	6438.81
475.25	9851.31
475.60	8856.59
475.95	6143.91
476.30	11466.28
476.65	10363.89
477.00	15286.04
477.34	11499.05
477.69	5699.20
478.04	9394.91
478.39	7342.26
478.74	5865.38
479.09	5132.79
479.43	22745.33
479.78	5238.12
480.13	13188.92
480.48	10312.40
480.83	7487.37
481.17	5387.91
481.52	7452.27
481.87	6628.40
482.22	12170.79
482.57	6890.54
482.91	9202.99
483.26	8025.70
483.61	6588.61
483.96	7618.44
484.30	65535.00
484.65	12074.82
485.00	5858.36
485.35	6726.70
485.69	6057.31
486.04	6715.00
486.39	7836.11
486.74	7737.81
487.08	5406.64
487.43	8053.78
487.78	5118.75
488.12	8259.75
488.47	6291.36
488.82	10841.36
489.17	5942.62
489.51	5266.21
489.86	8039.74
490.21	5207.69
490.55	7810.37
490.90	5373.87
491.25	6502.01
491.59	5640.69
491.94	12922.10
492.29	6424.77
492.63	7117.57
492.98	4901.08
493.33	7400.77
493.67	6494.99
494.02	5596.22
494.37	5652.39
494.71	8505.51
495.06	6263.27
495.40	10672.84
495.75	6221.14
496.10	10813.28
496.44	8121.66
496.79	8461.04
497.13	5802.19
497.48	14637.71
497.83	10455.17
498.17	8393.16
498.52	6239.87
498.86	8777.01
499.21	6801.60
499.56	6141.57
499.90	6530.09
500.25	5313.02
500.59	6970.12
500.94	7859.52
501.28	8994.68
501.63	9774.08
501.97	6487.96
502.32	6076.03
502.67	8093.57
503.01	5359.83
503.36	6321.79
503.70	6349.87
504.05	8498.49
504.39	9240.44
504.74	6782.87
505.08	11180.74
505.43	4908.10
505.77	5673.46
506.12	7445.24
506.46	6600.31
506.81	5909.85
507.15	5792.83
507.49	6452.86
507.84	5909.85
508.18	7852.50
508.53	7407.80
508.87	7302.47
509.22	6691.59
509.56	65535.00
509.91	19515.39
510.25	7122.25
510.60	5156.20
510.94	10541.77
511.28	5013.43
511.63	9614.92
511.97	7864.20
512.32	9029.79
512.66	5643.03
513.00	7133.95
513.35	9472.15
513.69	5844.32
514.04	8472.74
514.38	8940.85
514.72	7609.08
515.07	5954.32
515.41	5778.78
515.76	5956.66
516.10	7941.44
516.44	9062.55
516.79	6134.54
517.13	5521.32
517.47	9462.79
517.82	7398.43
518.16	8362.73
518.50	7412.48
518.85	7602.06
519.19	10630.71
519.53	13951.93
519.88	9121.07
520.22	6623.72
520.56	7286.09
520.91	5289.61
521.25	5633.67
521.59	7052.03
521.93	8046.76
522.28	6626.06
522.62	6892.88
522.96	9305.97
523.31	6775.85
523.65	8032.72
523.99	8800.41
524.33	11611.40
524.68	8283.16
525.02	5621.97
525.36	7997.61
525.70	5287.27
526.05	6003.47
526.39	5710.91
526.73	8393.16
527.07	7318.86
527.41	10682.20
527.76	5956.66
528.10	6677.55
528.44	8004.63
528.78	6853.09
529.12	8755.94
529.47	6579.25
529.81	9411.29
530.15	9673.43
530.49	8414.23
530.83	5170.24
531.18	5654.73
531.52	6686.91
531.86	5474.51
532.20	7082.46
532.54	9940.26
532.88	4973.64
533.22	6715.00
533.57	6164.97
533.91	10813.28
534.25	5495.58
534.59	11250.96
534.93	8896.38
535.27	5865.38
535.61	6691.59
535.95	11021.58
536.30	8416.57
536.64	7229.91
536.98	4535.96
537.32	6544.14
537.66	5114.07
538.00	8241.03
538.34	8465.72
538.68	8351.03
539.02	11719.06
539.36	6279.66
539.70	5437.06
540.04	7047.35
540.39	20285.42
540.73	5771.76
541.07	7246.30
541.41	7733.13
541.75	7733.13
542.09	10204.74
542.43	7985.91
542.77	7028.63
543.11	7557.59
543.45	7258.00
543.79	9444.06
544.13	6560.52
544.47	6689.25
544.81	5872.40
545.15	8418.91
545.49	6867.13
545.83	5870.06
546.17	6656.48
546.51	4922.15
546.85	6157.95
547.19	11314.15
547.53	5394.93
547.87	8821.48
548.21	12105.25
548.54	7222.89
548.88	5987.09
549.22	5905.17
549.56	5413.66
549.90	6012.84
550.24	7082.46
550.58	5832.62
550.92	9970.68
551.26	6359.24
551.60	11091.80
551.94	6080.71
552.28	6279.66
552.61	8517.21
552.95	8353.37
553.29	6122.84
553.63	7293.11
553.97	11496.71
554.31	9675.77
554.65	10857.75
554.99	10324.10
555.32	6532.44
555.66	8264.43
556.00	4910.44
556.34	6829.68
556.68	7363.33
557.02	9263.84
557.36	7466.31
557.69	7143.32
558.03	6244.55
558.37	12919.76
558.71	15396.04
559.05	10658.80
559.38	11690.98
559.72	5858.36
560.06	9018.08
560.40	8617.85
560.74	10022.17
561.07	8018.68
561.41	8922.12
561.75	8067.83
562.09	6249.23
562.42	9235.75
562.76	8369.76
563.10	7389.07
563.44	25390.13
563.77	7798.66
564.11	8379.12
564.45	9832.59
564.79	8409.54
565.12	7206.51
565.46	7665.25
565.80	7815.05
566.14	7740.15
566.47	9659.39
566.81	5837.30
567.15	7611.42
567.48	8308.90
567.82	8238.69
568.16	7265.02
568.49	5912.19
568.83	5437.06
569.17	7190.13
569.50	7932.08
569.84	11119.89
570.18	8140.38
570.51	11286.06
570.85	7112.89
571.19	6574.56
571.52	5963.68
571.86	7517.80
572.20	6600.31
572.53	11192.44
572.87	6045.60
573.21	5839.64
573.54	5488.56
573.88	7595.04
574.21	7405.46
574.55	6895.22
574.89	6319.45
575.22	9125.75
575.56	6331.15
575.89	6190.72
576.23	6492.65
576.57	7969.52
576.90	6146.25
577.24	7623.12
577.57	5633.67
577.91	7747.17
578.24	5291.95
578.58	6867.13
578.91	8395.50
579.25	5959.00
579.59	7480.35
579.92	7009.90
580.26	5537.71
580.59	8215.28
580.93	7971.86
581.26	6438.81
581.60	8037.40
581.93	8561.68
582.27	11468.62
582.60	5734.31
582.94	7475.67
583.27	5645.37
583.61	6684.57
583.94	7463.97
584.28	5359.83
584.61	6483.28
584.94	8255.07
585.28	8203.58
585.61	9467.47
585.95	8454.02
586.28	11908.65
586.62	13317.65
586.95	7159.70
587.29	12556.97
587.62	10104.09
587.95	5558.77
588.29	7751.85
588.62	8444.65
588.96	9467.47
589.29	6377.96
589.62	6370.94
589.96	6771.17
590.29	6349.87
590.63	5423.02
590.96	8592.11
591.29	9207.67
591.63	9659.39
591.96	5633.67
592.29	6747.76
592.63	6399.02
592.96	7803.35
593.30	12006.95
593.63	7873.56
593.96	5912.19
594.30	6427.11
594.63	7939.10
594.96	12138.02
595.30	7117.57
595.63	6534.78
595.96	6057.31
596.29	7927.39
596.63	6450.52
596.96	8863.61
597.29	8390.82
597.63	5207.69
597.96	10406.02
598.29	9865.36
598.63	9750.67
598.96	5989.43
599.29	6293.70
599.62	6122.84
599.96	6132.20
600.29	6946.71
600.62	5720.27
600.95	6485.62
601.29	6986.50
601.62	7782.28
601.95	7192.47
602.28	6143.91
602.61	43014.37
602.95	7566.95
603.28	12224.62
603.61	6073.69
603.94	9738.97
604.27	5781.12
604.61	8592.11
604.94	8060.80
605.27	7770.58
605.60	5792.83
605.93	6342.85
606.27	9362.14
606.60	6935.01
606.93	5418.34
607.26	11332.87
607.59	7012.24
607.92	9963.66
608.26	6707.98
608.59	6328.81
608.92	6825.00
609.25	5830.27
609.58	8091.23
609.91	8552.32
610.24	14017.47
610.57	8142.72
610.90	9774.08
611.24	5198.33
611.57	5336.42
611.90	9149.15
612.23	6974.80
612.56	9153.84
612.89	8737.22
613.22	8957.23
613.55	5366.85
613.88	9701.52
614.21	5832.62
614.54	7889.95
614.87	5949.64
615.20	4903.42
615.53	10113.45
615.87	6078.37
616.20	7358.64
616.53	10260.91
616.86	7124.59
617.19	8152.09
617.52	6363.92
617.85	6466.90
618.18	6017.52
618.51	6443.49
618.84	8683.39
619.17	6871.81
619.50	11000.52
619.83	10518.37
620.16	8802.75
620.49	6445.84
620.82	14480.89
621.14	10815.62
621.47	6754.79
621.80	9921.53
622.13	7653.55
622.46	15002.83
622.79	8695.09
623.12	5631.33
623.45	9441.72
623.78	8800.41
624.11	5813.89
624.44	7859.52
624.77	6146.25
625.10	6061.99
625.43	5891.13
625.75	7665.25
626.08	6497.33
626.41	5996.45
626.74	9802.16
627.07	6630.74
627.40	12442.29
627.73	6551.16
628.06	5907.51
628.38	4964.28
628.71	9008.72
629.04	10122.82
629.37	8805.10
629.70	7623.12
630.03	5966.03
630.36	10057.28
630.68	9092.98
631.01	6370.94
631.34	11157.33
631.67	6509.03
632.00	4950.23
632.32	9125.75
632.65	10331.12
632.98	7705.04
633.31	7140.97
633.64	9291.93
633.96	5902.83
634.29	11103.50
634.62	7515.46
634.95	7822.07
635.27	7573.97
635.60	9202.99
635.93	8002.29
636.26	8042.08
636.58	6576.91
636.91	6499.67
637.24	6134.54
637.57	7456.95
637.89	8493.80
638.22	6399.02
638.55	7496.74
638.87	7885.26
639.20	8753.60
639.53	8709.13
639.86	6221.14
640.18	5809.21
640.51	7623.12
640.84	7847.82
641.16	5755.38
641.49	8140.38
641.82	5795.17
642.14	5797.51
642.47	14288.97
642.80	7110.55
643.12	9633.64
643.45	6939.69
643.78	7337.58
644.10	6298.38
644.43	7265.02
644.75	10384.96
645.08	5338.76
645.41	8215.28
645.73	5879.43
646.06	15618.39
646.39	9191.28
646.71	6345.19
647.04	6427.11
647.36	5184.29
647.69	8737.22
648.01	7419.50
648.34	6235.19
648.67	9834.93
648.99	10560.50
649.32	6092.41
649.64	5444.09
649.97	4800.44
650.29	5542.39
650.62	14738.35
650.94	7461.63
651.27	11398.41
651.59	7293.11
651.92	4791.08
652.25	10782.85
652.57	5905.17
652.90	5973.05
653.22	7679.30
653.55	7761.22
653.87	5078.96
654.20	7428.86
654.52	11265.00
654.84	6906.92
655.17	8325.29
655.49	11538.84
655.82	6698.61
656.14	7833.77
656.47	11257.98
656.79	11920.35
657.12	6707.98
657.44	6604.99
657.77	8992.34
658.09	7578.65
658.41	7037.99
658.74	8744.24
659.06	5528.35
659.39	7021.61
659.71	6352.21
660.03	7279.07
660.36	6626.06
660.68	10125.16
661.01	13535.32
661.33	10864.77
661.65	6310.08
661.98	14324.08
662.30	14562.81
662.63	7353.96
662.95	6853.09
663.27	6129.86
663.60	5600.90
663.92	7016.93
664.24	7002.88
664.57	5731.97
664.89	6211.78
665.21	6321.79
665.54	9624.28
665.86	7515.46
666.18	7707.38
666.51	10331.12
666.83	6476.26
667.15	15562.22
667.47	10003.45
667.80	8596.79
668.12	6160.29
668.44	7517.80
668.77	8919.78
669.09	10396.66
669.41	9008.72
669.73	5352.81
670.06	7258.00
670.38	6853.09
670.70	5387.91
671.02	8432.95
671.35	6492.65
671.67	10721.99
671.99	6920.96
672.31	10354.53
672.63	7836.11
672.96	11468.62
673.28	6452.86
673.60	7524.82
673.92	7398.43
674.24	6050.28
674.57	6265.61
674.89	9884.08
675.21	6927.99
675.53	9397.25
675.85	10258.57
676.17	10333.47
676.50	5870.06
676.82	10272.61
677.14	7597.38
677.46	14960.70
677.78	5448.77
678.10	9762.37
678.42	7178.42
678.75	6520.73
679.07	5717.93
679.39	7290.77
679.71	6637.76
680.03	6619.04
680.35	6450.52
680.67	6623.72
680.99	6179.01
681.31	5919.21
681.63	8161.45
681.96	10492.62
682.28	6628.40
682.60	5970.71
682.92	8887.01
683.24	5940.28
683.56	8842.54
683.88	6279.66
684.20	6899.90
684.52	6527.75
684.84	6450.52
685.16	7190.13
685.48	9095.32
685.80	8105.28
686.12	8812.12
686.44	12182.49
686.76	7094.16
687.08	5284.93
687.40	5856.02
687.72	9631.30
688.04	6153.27
688.36	14876.44
688.68	11272.02
689.00	8346.35
689.32	6712.66
689.64	6565.20
689.96	7234.60
690.28	10061.96
690.60	10494.96
690.92	6195.40
691.24	8629.56
691.56	6773.51
691.88	7007.56
692.19	5788.14
692.51	9507.26
692.83	8168.47
693.15	9362.14
693.47	8290.18
693.79	7978.89
694.11	9984.73
694.43	9207.67
694.75	7220.55
695.06	7859.52
695.38	10314.74
695.70	7456.95
696.02	7597.38
696.34	6677.55
696.66	6609.67
696.98	5355.15
697.29	7138.63
697.61	11459.26
697.93	10178.99
698.25	14317.06
698.57	8217.62
698.89	5495.58
699.20	6944.37
699.52	11330.53
699.84	5179.61
700.16	6993.52
700.48	10796.89
700.79	6015.18
701.11	12159.08
701.43	9411.29
701.75	6686.91
702.07	6995.86
702.38	12105.25
702.70	6239.87
703.02	6115.82
703.34	8938.51
703.65	7674.62
703.97	6897.56
704.29	5397.28
704.61	5825.59
704.92	9277.88
705.24	6754.79
705.56	9806.84
705.87	10260.91
706.19	7281.41
706.51	6822.66
706.82	10410.70
707.14	6361.58
707.46	5348.12
707.78	5949.64
708.09	8542.96
708.41	10029.20
708.73	7681.64
709.04	10614.33
709.36	6712.66
709.68	7475.67
709.99	13371.48
710.31	10780.51
710.62	7555.25
710.94	6757.13
711.26	8322.94
711.57	6794.58
711.89	5874.74
712.21	15749.46
712.52	7428.86
712.84	10750.08
713.15	7901.65
713.47	9408.95
713.79	5638.35
714.10	6272.64
714.42	6869.47
714.73	11213.51
715.05	5657.07
715.36	5919.21
715.68	6171.99
715.99	6825.00
716.31	9848.97
716.63	8765.31
716.94	9631.30
717.26	20238.61
717.57	9350.44
717.89	11634.80
718.20	6120.50
718.52	9722.59
718.83	7199.49
719.15	15316.47
719.46	14670.48
719.78	7896.97
720.09	7096.50
720.41	6111.14
720.72	5844.32
721.04	5937.94
721.35	7119.91
721.67	7140.97
721.98	6796.92
722.29	6607.33
722.61	6307.74
722.92	5195.99
723.24	7012.24
723.55	7585.68
723.87	7878.24
724.18	8982.98
724.50	5989.43
724.81	7052.03
725.12	7295.45
725.44	8491.46
725.75	7662.91
726.07	10780.51
726.38	8526.57
726.69	6832.02
727.01	8990.00
727.32	8954.89
727.63	6782.87
727.95	10991.16
728.26	6581.59
728.58	9228.73
728.89	6516.05
729.20	7396.09
729.52	6012.84
729.83	14064.28
730.14	8702.11
730.46	7562.27
730.77	10052.60
731.08	8872.97
731.39	7084.80
731.71	7466.31
732.02	9320.01
732.33	7260.34
732.65	6857.77
732.96	11164.36
733.27	9572.79
733.59	14810.91
733.90	9947.28
734.21	5860.70
734.52	6609.67
734.84	17741.26
735.15	6747.76
735.46	6993.52
735.77	7613.76
736.09	7323.54
736.40	11194.78
736.71	9128.09
737.02	5540.05
737.33	6672.87
737.65	6935.01
737.96	7480.35
738.27	7866.54
738.58	13799.80
738.89	8865.95
739.21	6572.22
739.52	5423.02
739.83	9008.72
740.14	6368.60
740.45	7627.81
740.76	6743.08
741.08	5764.74
741.39	7136.29
741.70	6700.95
742.01	7971.86
742.32	10394.32
742.63	7967.18
742.94	6195.40
743.26	8861.27
743.57	8313.58
743.88	9612.58
744.19	8138.04
744.50	7073.10
744.81	12877.63
745.12	7272.04
745.43	7344.60
745.74	16283.11
746.05	11580.97
746.36	5439.40
746.67	12657.62
746.99	6984.16
747.30	8676.37
747.61	6827.34
747.92	8039.74
748.23	10455.17
748.54	7131.61
748.85	7311.83
749.16	7763.56
749.47	6249.23
749.78	6684.57
750.09	7176.08
750.40	8372.10
750.71	7913.35
751.02	8627.21
751.33	7253.32
751.64	8341.67
751.95	7384.39
752.26	8821.48
752.57	9057.87
752.88	7026.29
753.19	7487.37
753.50	11880.56
753.81	7061.40
754.11	7625.47
754.42	17348.05
754.73	7681.64
755.04	8203.58
755.35	8049.10
755.66	14403.66
755.97	5980.07
756.28	6038.58
756.59	8952.55
756.90	17727.22
757.21	8355.71
757.52	11740.13
757.82	8484.44
758.13	6663.51
758.44	10251.55
758.75	8875.31
759.06	6654.14
759.37	5998.79
759.68	8454.02
759.98	6654.14
760.29	8910.42
760.60	8028.04
760.91	5523.66
761.22	7351.62
761.53	7906.33
761.83	6389.66
762.14	7700.36
762.45	6509.03
762.76	5830.27
763.07	8589.77
763.37	16556.95
763.68	11627.78
763.99	13769.37
764.30	11889.92
764.60	6745.42
764.91	10579.22
765.22	7838.45
765.53	13781.07
765.84	8241.03
766.14	7288.43
766.45	5778.78
766.76	11489.69
767.06	12397.82
767.37	6916.28
767.68	7625.47
767.99	6981.82
768.29	6677.55
768.60	7412.48
768.91	10377.94
769.21	13785.76
769.52	11524.80
769.83	7389.07
770.13	7634.83
770.44	7007.56
770.75	9296.61
771.05	7524.82
771.36	9135.11
771.67	7747.17
771.97	6871.81
772.28	7131.61
772.59	7864.20
772.89	9647.69
773.20	6525.41
773.51	6668.19
773.81	12372.07
774.12	6186.04
774.42	7456.95
774.73	6242.21
775.04	6279.66
775.34	22356.80
775.65	8762.97
775.95	13214.66
776.26	8599.13
776.56	6792.23
776.87	8793.39
777.18	65535.00
777.48	18181.28
777.79	8060.80
778.09	11262.66
778.40	6972.46
778.70	7101.19
779.01	11143.29
779.31	7758.88
779.62	7000.54
779.92	9273.20
780.23	8912.76
780.53	5984.75
780.84	7400.77
781.14	6820.32
781.45	6656.48
781.75	10197.71
782.06	6289.02
782.36	8477.42
782.67	6272.64
782.97	6532.44
783.28	13722.56
783.58	6867.13
783.89	6731.38
784.19	8863.61
784.49	12901.03
784.80	7307.15
785.10	13504.89
785.41	6204.76
785.71	9034.47
786.02	8755.94
786.32	14361.53
786.62	9647.69
786.93	12166.10
787.23	6888.20
787.54	7164.38
787.84	14452.81
788.14	9174.90
788.45	9188.94
788.75	7349.28
789.05	5951.98
789.36	7349.28
789.66	14223.44
789.96	9483.85
790.27	7730.79
790.57	8187.19
790.87	6340.51
791.18	7225.23
791.48	6373.28
791.78	8613.17
792.09	9048.51
792.39	6569.88
792.69	9984.73
793.00	8739.56
793.30	9088.30
793.60	6061.99
793.90	5378.55
794.21	8655.30
794.51	17666.36
794.81	11248.61
795.11	7793.98
795.42	6642.44
795.72	12035.03
796.02	9621.94
796.32	8641.26
796.63	8964.25
796.93	10490.28
797.23	9507.26
797.53	8191.88
797.84	6490.31
798.14	6384.98
798.44	8379.12
798.74	9071.92
799.04	8231.66
799.34	6026.88
799.65	16367.37
799.95	7978.89
800.25	7258.00
800.55	7211.19
800.85	8276.13
801.15	6457.54
801.46	7417.16
801.76	18211.71
802.06	6803.94
802.36	8559.34
802.66	6918.62
802.96	9462.79
803.26	10871.79
803.56	13547.02
803.87	16989.95
804.17	7524.82
804.47	10087.71
804.77	10876.47
805.07	11096.48
805.37	9980.04
805.67	9277.88
805.97	7026.29
806.27	7480.35
806.57	6864.79
806.87	12028.01
807.17	8362.73
807.47	11702.68
807.77	11250.96
808.07	7042.67
808.37	11843.11
808.67	7838.45
808.98	15674.57
809.28	7115.23
809.58	16545.25
809.88	10815.62
810.18	15159.65
810.47	7389.07
810.77	6363.92
811.07	9781.10
811.37	8737.22
811.67	6279.66
811.97	5530.69
812.27	6164.97
812.57	5472.17
812.87	6677.55
813.17	6516.05
813.47	6506.69
813.77	7115.23
814.07	6871.81
814.37	10104.09
814.67	6415.41
814.97	7370.35
815.27	6307.74
815.56	9083.62
815.86	11742.47
816.16	8203.58
816.46	6097.10
816.76	6506.69
817.06	10647.10
817.36	12926.78
817.66	7843.14
817.95	6181.35
818.25	8456.36
818.55	10693.91
818.85	9441.72
819.15	6890.54
819.45	13469.78
819.75	7618.44
820.04	7721.43
820.34	16233.96
820.64	10104.09
820.94	13060.19
821.24	7293.11
821.53	7686.32
821.83	6700.95
822.13	6040.92
822.43	7164.38
822.72	5914.53
823.02	6761.81
823.32	6319.45
823.62	8718.50
823.91	15173.69
824.21	5884.11
824.51	8671.68
824.81	7103.53
825.10	5792.83
825.40	9488.53
825.70	7864.20
826.00	12954.87
826.29	6815.64
826.59	8496.14
826.89	7185.44
827.18	8161.45
827.48	6698.61
827.78	6190.72
828.07	7864.20
828.37	9441.72
828.67	8379.12
828.96	7892.29
829.26	6771.17
829.56	10778.17
829.85	6815.64
830.15	8601.47
830.45	5717.93
830.74	12795.71
831.04	9804.50
831.34	10413.04
831.63	13912.14
831.93	10068.98
832.22	9563.43
832.52	7698.02
832.82	5961.34
833.11	5970.71
833.41	6300.72
833.70	6857.77
834.00	10553.48
834.29	8037.40
834.59	5856.02
834.89	8840.20
835.18	7190.13
835.48	13614.90
835.77	9254.48
836.07	9380.87
836.36	9177.24
836.66	10558.16
836.95	7440.56
837.25	6642.44
837.54	8863.61
837.84	7150.34
838.13	8271.45
838.43	6595.63
838.72	13832.57
839.02	10934.98
839.31	6431.79
839.61	10906.90
839.90	5654.73
840.20	7761.22
840.49	6064.33
840.78	8564.02
841.08	9401.93
841.37	6902.24
841.67	5998.79
841.96	9085.96
842.26	8131.02
842.55	5797.51
842.84	6228.17
843.14	10326.44
843.43	6043.26
843.73	7634.83
844.02	5994.11
844.31	7342.26
844.61	6743.08
844.90	8219.96
845.20	7882.92
845.49	5343.44
845.78	7094.16
846.08	6054.97
846.37	4936.19
846.66	8793.39
846.96	9273.20
847.25	8496.14
847.54	5832.62
847.84	6354.55
848.13	7145.66
848.42	10293.68
848.72	6389.66
849.01	9153.84
849.30	6633.08
849.59	6251.57
849.89	6558.18
850.18	12549.95
850.47	6141.57
850.76	16397.79
851.06	14853.04
851.35	8809.78
851.64	9745.99
851.93	7880.58
852.23	18953.66
852.52	7176.08
852.81	6654.14
853.10	7543.55
853.40	5551.75
853.69	5603.24
853.98	7489.71
854.27	9661.73
854.56	6679.89
854.86	8975.95
855.15	7854.84
855.44	8236.35
855.73	5628.99
856.02	6637.76
856.31	9605.56
856.61	8409.54
856.90	6754.79
857.19	5975.39
857.48	5591.54
857.77	6097.10
858.06	5128.11
858.35	5823.25
858.65	11616.08
858.94	9547.05
859.23	7398.43
859.52	9315.33
859.81	12131.00
860.10	6487.96
860.39	9263.84
860.68	7641.85
860.97	6274.98
861.26	6511.37
861.55	12416.54
861.85	7779.94
862.14	9200.65
862.43	9879.40
862.72	8262.09
863.01	5760.06
863.30	6869.47
863.59	7311.83
863.88	7229.91
864.17	7232.26
864.46	5970.71
864.75	14764.10
865.04	7730.79
865.33	5881.77
865.62	11328.19
865.91	6679.89
866.20	9167.88
866.49	6890.54
866.78	7037.99
867.07	6747.76
867.36	10157.92
867.65	10310.06
867.93	9092.98
868.22	7854.84
868.51	7227.57
868.80	7744.83
869.09	7084.80
869.38	6289.02
869.67	12795.71
869.96	12795.71
870.25	12795.71
