178.76	1692.21
179.14	1692.21
179.52	1692.21
179.90	1729.66
180.28	10927.96
180.66	6085.39
181.04	8175.49
181.42	7328.22
181.80	6277.32
182.18	10881.15
182.55	5802.19
182.93	7140.97
183.31	6932.67
183.69	7784.62
184.07	8124.00
184.45	7049.69
184.83	7330.56
185.21	6553.50
185.59	6829.68
185.97	16042.03
186.35	12070.14
186.72	6949.05
187.10	7126.93
187.48	11552.88
187.86	8875.31
188.24	6630.74
188.62	6209.44
189.00	10862.43
189.38	7889.95
189.75	7206.51
190.13	7918.03
190.51	6284.34
190.89	14869.42
191.27	20634.16
191.65	6913.94
192.03	7920.37
192.40	10291.34
192.78	7637.17
193.16	8554.66
193.54	12231.64
193.92	10923.28
194.30	6616.69
194.67	9399.59
195.05	8402.52
195.43	7325.88
195.81	6956.07
196.19	10588.58
196.56	7707.38
196.94	7358.64
197.32	11552.88
197.70	6597.97
198.08	8376.78
198.45	6672.87
198.83	7590.36
199.21	6803.94
199.59	12147.38
199.97	8112.30
200.34	5813.89
200.72	6703.29
201.10	13846.61
201.48	10237.50
201.85	6333.49
202.23	6920.96
202.61	6808.62
202.99	40339.13
203.36	6712.66
203.74	8987.66
204.12	6995.86
204.49	6420.09
204.87	8683.39
205.25	7023.95
205.63	5797.51
206.00	6251.57
206.38	7793.98
206.76	9423.00
207.14	6527.75
207.51	5816.23
207.89	10738.38
208.27	6328.81
208.64	5490.90
209.02	6626.06
209.40	6944.37
209.77	5558.77
210.15	14977.09
210.53	5710.91
210.90	10995.84
211.28	6197.74
211.66	12058.44
212.03	6609.67
212.41	5830.27
212.79	7148.00
213.16	5942.62
213.54	7651.21
213.92	7918.03
214.29	5551.75
214.67	6502.01
215.05	6913.94
215.42	9312.99
215.80	6820.32
216.17	6841.39
216.55	7798.66
216.93	5753.04
217.30	8823.82
217.68	6361.58
218.05	6609.67
218.43	6368.60
218.81	6670.53
219.18	11028.60
219.56	6530.09
219.93	6537.12
220.31	6392.00
220.69	5865.38
221.06	6083.05
221.44	7550.57
221.81	6242.21
222.19	5738.99
222.56	6080.71
222.94	6867.13
223.32	7695.68
223.69	6314.77
224.07	9008.72
224.44	12329.94
224.82	7550.57
225.19	8446.99
225.57	7424.18
225.94	6569.88
226.32	7206.51
226.69	12109.93
227.07	8503.17
227.44	6658.82
227.82	7943.78
228.19	6988.84
228.57	8608.49
228.94	11742.47
229.32	9565.77
229.69	9081.28
230.07	6890.54
230.44	6164.97
230.82	10600.29
231.19	9324.69
231.57	5563.45
231.94	5872.40
232.32	8992.34
232.69	6752.45
233.07	7492.05
233.44	8100.59
233.82	6930.33
234.19	7405.46
234.57	9930.89
234.94	6438.81
235.31	6644.78
235.69	7215.87
236.06	7435.88
236.44	8748.92
236.81	5912.19
237.19	7943.78
237.56	11599.70
237.93	6523.07
238.31	7414.82
238.68	6974.80
239.06	7527.16
239.43	8746.58
239.81	8149.75
240.18	5975.39
240.55	6307.74
240.93	12800.39
241.30	7782.28
241.67	7045.01
242.05	8634.24
242.42	9446.40
242.80	5811.55
243.17	7693.34
243.54	7737.81
243.92	8952.55
244.29	6963.09
244.66	7630.15
245.04	10129.84
245.41	15836.06
245.78	5942.62
246.16	6750.10
246.53	8751.26
246.90	7052.03
247.28	12718.47
247.65	6862.45
248.02	7159.70
248.40	9774.08
248.77	7627.81
249.14	8383.80
249.52	6939.69
249.89	8454.02
250.26	6115.82
250.64	7517.80
251.01	15016.88
251.38	5708.57
251.75	7487.37
252.13	6747.76
252.50	8896.38
252.87	13357.44
253.25	5851.34
253.62	7836.11
253.99	5799.85
254.36	9205.33
254.74	6544.14
255.11	6129.86
255.48	5605.58
255.85	14216.41
256.23	5755.38
256.60	5305.99
256.97	6689.25
257.34	8079.53
257.71	7648.87
258.09	6399.02
258.46	7597.38
258.83	11318.83
259.20	9579.81
259.58	6953.73
259.95	7232.26
260.32	9376.19
260.69	6092.41
261.06	10478.58
261.44	6211.78
261.81	12947.84
262.18	7864.20
262.55	6253.91
262.92	7145.66
263.29	6553.50
263.67	5783.46
264.04	6626.06
264.41	6855.43
264.78	6434.13
265.15	10328.78
265.52	12353.35
265.90	7372.69
266.27	6377.96
266.64	5699.20
267.01	5488.56
267.38	8018.68
267.75	6179.01
268.12	5268.55
268.50	7016.93
268.87	6321.79
269.24	6389.66
269.61	7595.04
269.98	8074.85
270.35	7854.84
270.72	6176.67
271.09	6946.71
271.46	6630.74
271.83	7981.23
272.21	9163.20
272.58	6169.65
272.95	6429.45
273.32	7393.75
273.69	7194.81
274.06	5621.97
274.43	6331.15
274.80	7199.49
275.17	8018.68
275.54	13991.72
275.91	7438.22
276.28	7187.79
276.65	7323.54
277.02	11356.28
277.39	6188.38
277.76	6249.23
278.13	8449.33
278.50	8629.56
278.87	10548.79
279.24	9256.82
279.61	8519.55
279.98	9736.63
280.35	6473.92
280.72	7723.77
281.09	7133.95
281.46	7445.24
281.83	6214.12
282.20	8042.08
282.57	6663.51
282.94	8067.83
283.31	6649.46
283.68	7850.16
284.05	5830.27
284.42	5439.40
284.79	7803.35
285.16	8610.83
285.53	7363.33
285.90	7316.51
286.27	14452.81
286.64	5724.95
287.01	6328.81
287.38	8631.90
287.75	58284.02
288.12	8645.94
288.49	16336.94
288.86	6050.28
289.23	6200.08
289.59	6277.32
289.96	6061.99
290.33	6424.77
290.70	6832.02
291.07	8531.25
291.44	7864.20
291.81	6132.20
292.18	7332.90
292.55	6759.47
292.91	12575.70
293.28	8362.73
293.65	11026.26
294.02	7950.80
294.39	5760.06
294.76	6967.77
295.13	7459.29
295.50	6979.48
295.86	7229.91
296.23	6504.35
296.60	6069.01
296.97	6539.46
297.34	7016.93
297.71	8957.23
298.07	7344.60
298.44	5479.19
298.81	7920.37
299.18	7447.58
299.55	10672.84
299.91	7054.37
300.28	8053.78
300.65	5423.02
301.02	7686.32
301.39	8138.04
301.75	13401.91
302.12	8259.75
302.49	7042.67
302.86	10445.81
303.23	7215.87
303.59	6099.44
303.96	16947.82
304.33	9617.26
304.70	14684.52
305.06	6661.16
305.43	10167.29
305.80	8217.62
306.17	8971.27
306.53	6473.92
306.90	9441.72
307.27	7548.23
307.64	10654.12
308.00	6466.90
308.37	6436.47
308.74	12226.96
309.11	8872.97
309.47	6462.22
309.84	5612.60
310.21	7190.13
310.57	7604.40
310.94	6703.29
311.31	7281.41
311.67	7681.64
312.04	5568.13
312.41	9874.72
312.77	8250.39
313.14	6305.40
313.51	7096.50
313.87	6600.31
314.24	6567.54
314.61	6438.81
314.97	6675.21
315.34	7248.64
315.71	5661.76
316.07	9090.64
316.44	6015.18
316.81	8821.48
317.17	6303.06
317.54	15470.94
317.91	6420.09
318.27	5556.43
318.64	6743.08
319.00	8723.18
319.37	5612.60
319.74	9151.49
320.10	9610.24
320.47	6752.45
320.83	10920.94
321.20	7059.06
321.57	6090.07
321.93	6609.67
322.30	7501.42
322.66	6380.30
323.03	8587.43
323.40	8065.49
323.76	6443.49
324.13	6415.41
324.49	5434.72
324.86	18544.06
325.22	7396.09
325.59	7126.93
325.95	7796.32
326.32	9320.01
326.68	9011.06
327.05	7014.59
327.42	6162.63
327.78	6586.27
328.15	9212.35
328.51	6286.68
328.88	8559.34
329.24	11044.99
329.61	7232.26
329.97	8638.92
330.34	6506.69
330.70	7351.62
331.07	10541.77
331.43	8692.75
331.80	13036.78
332.16	10225.80
332.52	6312.42
332.89	8189.53
333.25	5467.49
333.62	12437.61
333.98	6864.79
334.35	6841.39
334.71	7372.69
335.08	5961.34
335.44	11857.15
335.81	11686.29
336.17	10176.65
336.53	7316.51
336.90	6080.71
337.26	8402.52
337.63	9458.10
337.99	7590.36
338.36	5912.19
338.72	8917.44
339.08	7410.14
339.45	5802.19
339.81	9451.08
340.18	6843.73
340.54	10396.66
340.90	6356.90
341.27	6927.99
341.63	8374.44
341.99	5221.74
342.36	10265.59
342.72	5881.77
343.09	10361.55
343.45	6356.90
343.81	10518.37
344.18	5603.24
344.54	6883.52
344.90	7662.91
345.27	7365.67
345.63	6932.67
345.99	8819.14
346.36	7286.09
346.72	5968.37
347.08	5982.41
347.45	5533.03
347.81	9767.06
348.17	7534.18
348.54	5813.89
348.90	8844.88
349.26	9570.45
349.62	10534.75
349.99	5378.55
350.35	5259.18
350.71	7719.09
351.08	7192.47
351.44	5334.08
351.80	13289.56
352.16	11627.78
352.53	6057.31
352.89	8353.37
353.25	10897.53
353.61	6558.18
353.98	8582.74
354.34	10099.41
354.70	6303.06
355.06	5273.23
355.43	7124.59
355.79	6726.70
356.15	6633.08
356.51	5891.13
356.88	5980.07
357.24	6794.58
357.60	5476.85
357.96	5205.35
358.32	15201.78
358.69	5256.84
359.05	7971.86
359.41	7482.69
359.77	5872.40
360.13	6310.08
360.49	5987.09
360.86	8795.73
361.22	10899.87
361.58	7590.36
361.94	11091.80
362.30	5837.30
362.66	8533.59
363.03	5277.91
363.39	5004.07
363.75	6061.99
364.11	9881.74
364.47	6338.17
364.83	10429.43
365.19	7433.54
365.56	8894.04
365.92	5350.46
366.28	8456.36
366.64	9799.82
367.00	5437.06
367.36	5324.72
367.72	9863.02
368.08	9331.72
368.44	6389.66
368.80	8131.02
369.17	6459.88
369.53	6768.83
369.89	5963.68
370.25	5865.38
370.61	6076.03
370.97	10656.46
371.33	6424.77
371.69	12603.78
372.05	8313.58
372.41	5811.55
372.77	6635.42
373.13	7524.82
373.49	5254.50
373.85	7955.48
374.21	7236.94
374.57	5762.40
374.93	8538.27
375.29	8872.97
375.65	7508.44
376.01	7164.38
376.37	9980.04
376.73	8353.37
377.09	5734.31
377.45	9678.12
377.81	6710.32
378.17	5783.46
378.53	5142.16
378.89	8285.50
379.25	11014.56
379.61	14015.13
379.97	9128.09
380.33	6410.73
380.69	6045.60
381.05	5687.50
381.41	8957.23
381.77	7239.28
382.13	8552.32
382.49	14572.18
382.85	7344.60
383.21	8711.47
383.57	5259.18
383.93	10279.63
384.28	5191.31
384.64	6572.22
385.00	7634.83
385.36	7194.81
385.72	8910.42
386.08	5898.15
386.44	8816.80
386.80	8898.72
387.16	10729.02
387.52	9521.30
387.87	13596.17
388.23	7967.18
388.59	6202.42
388.95	5540.05
389.31	6630.74
389.67	6700.95
390.03	6125.18
390.38	6366.26
390.74	5041.51
391.10	9345.76
391.46	7527.16
391.82	5886.45
392.18	8194.22
392.54	4938.53
392.89	5568.13
393.25	8259.75
393.61	5706.23
393.97	5540.05
394.33	7733.13
394.68	6665.85
395.04	5413.66
395.40	7344.60
395.76	9067.24
396.12	7473.33
396.47	5764.74
396.83	6916.28
397.19	5551.75
397.55	5710.91
397.90	7281.41
398.26	7087.14
398.62	5636.01
398.98	4926.83
399.33	6668.19
399.69	24163.69
400.05	8100.59
400.41	5895.81
400.76	8784.03
401.12	10038.56
401.48	7735.47
401.84	6022.20
402.19	6263.27
402.55	7740.15
402.91	7066.08
403.26	5212.37
403.62	8170.81
403.98	7023.95
404.34	4812.14
404.69	7077.78
405.05	9034.47
405.41	13982.36
405.76	5825.59
406.12	5956.66
406.48	6658.82
406.83	6036.24
407.19	8322.94
407.55	7838.45
407.90	13961.30
408.26	8358.05
408.62	9015.74
408.97	7052.03
409.33	5493.24
409.68	5760.06
410.04	7583.34
410.40	6017.52
410.75	8030.38
411.11	5799.85
411.47	7351.62
411.82	6466.90
412.18	7232.26
412.53	6614.35
412.89	6094.76
413.25	6747.76
413.60	7030.97
413.96	5270.89
414.31	6483.28
414.67	7150.34
415.03	5448.77
415.38	5741.33
415.74	6448.18
416.09	6651.80
416.45	8566.36
416.80	5853.68
417.16	8353.37
417.51	6581.59
417.87	6422.43
418.23	7810.37
418.58	8002.29
418.94	4894.06
419.29	6054.97
419.65	7735.47
420.00	8643.60
420.36	8131.02
420.71	7943.78
421.07	5458.13
421.42	7047.35
421.78	9008.72
422.13	6609.67
422.49	5593.88
422.84	7239.28
423.20	5256.84
423.55	5432.38
423.91	5352.81
424.26	13565.74
424.61	8180.17
424.97	11192.44
425.32	5863.04
425.68	6413.07
426.03	7604.40
426.39	9891.10
426.74	9881.74
427.10	9191.28
427.45	6036.24
427.80	7665.25
428.16	6881.18
428.51	6689.25
428.87	7611.42
429.22	9399.59
429.58	10265.59
429.93	9832.59
430.28	5982.41
430.64	6162.63
430.99	5249.82
431.35	7569.29
431.70	6392.00
432.05	6869.47
432.41	8264.43
432.76	7723.77
433.11	7882.92
433.47	7531.84
433.82	10658.80
434.17	7831.43
434.53	7955.48
434.88	14115.77
435.24	7583.34
435.59	7368.01
435.94	5462.81
436.30	8229.32
436.65	6314.77
437.00	9561.09
437.35	15955.43
437.71	6609.67
438.06	6143.91
438.41	6071.35
438.77	7899.31
439.12	5118.75
439.47	4819.16
439.83	7604.40
440.18	5158.54
440.53	6473.92
440.88	12091.21
441.24	8472.74
441.59	5577.50
441.94	6326.47
442.30	8304.22
442.65	12554.63
443.00	6953.73
443.35	10331.12
443.71	6478.60
444.06	9261.50
444.41	7843.14
444.76	11295.43
445.11	6965.43
445.47	10061.96
445.82	8812.12
446.17	5837.30
446.52	10246.87
446.88	7084.80
447.23	5083.64
447.58	7852.50
447.93	5940.28
448.28	29219.25
448.63	10771.15
448.99	6874.15
449.34	8313.58
449.69	8762.97
450.04	6246.89
450.39	6193.06
450.74	6967.77
451.10	6747.76
451.45	7070.76
451.80	7712.07
452.15	9933.23
452.50	8133.36
452.85	9792.80
453.21	8821.48
453.56	7550.57
453.91	6672.87
454.26	7255.66
454.61	5717.93
454.96	8573.38
455.31	6703.29
455.66	6422.43
456.01	7932.08
456.36	6235.19
456.72	6033.90
457.07	7791.64
457.42	10296.02
457.77	8999.36
458.12	5867.72
458.47	7368.01
458.82	9462.79
459.17	6970.12
459.52	7131.61
459.87	11641.82
460.22	5643.03
460.57	7148.00
460.92	6169.65
461.27	8023.36
461.62	6614.35
461.97	5860.70
462.32	11983.54
462.67	10609.65
463.02	13605.53
463.38	13158.49
463.73	8826.16
464.08	12116.95
464.43	7346.94
464.78	5591.54
465.12	8046.76
465.47	8636.58
465.82	27775.14
466.17	6567.54
466.52	8554.66
466.87	6291.36
467.22	5856.02
467.57	5205.35
467.92	7733.13
468.27	10869.45
468.62	14621.33
468.97	6633.08
469.32	4992.36
469.67	15384.34
470.02	14101.73
470.37	6015.18
470.72	7461.63
471.07	5324.72
471.42	6654.14
471.76	6743.08
472.11	6665.85
472.46	8376.78
472.81	14881.13
473.16	5888.79
473.51	6008.16
473.86	5291.95
474.21	6665.85
474.56	6427.11
474.90	6303.06
475.25	9638.33
475.60	8887.01
475.95	6139.23
476.30	11005.20
476.65	10230.48
477.00	15044.96
477.34	10960.73
477.69	5668.78
478.04	9151.49
478.39	7274.38
478.74	5802.19
479.09	5832.62
479.43	6899.90
479.78	4835.55
480.13	12453.99
480.48	10190.69
480.83	7360.98
481.17	5357.49
481.52	7260.34
481.87	6527.75
482.22	11833.75
482.57	6705.63
482.91	9228.73
483.26	7756.54
483.61	6504.35
483.96	7332.90
484.30	65535.00
484.65	6033.90
485.00	5804.53
485.35	6553.50
485.69	5849.00
486.04	6586.27
486.39	7639.51
486.74	7590.36
487.08	5273.23
487.43	8032.72
487.78	5055.56
488.12	8142.72
488.47	6183.70
488.82	10319.42
489.17	5816.23
489.51	5132.79
489.86	7911.01
490.21	5078.96
490.55	7646.53
490.90	5371.53
491.25	6270.30
491.59	5380.89
491.94	12666.98
492.29	6169.65
492.63	6965.43
492.98	4770.01
493.33	7265.02
493.67	6204.76
494.02	5694.52
494.37	5479.19
494.71	8486.78
495.06	6078.37
495.40	10518.37
495.75	5961.34
496.10	10258.57
496.44	6899.90
496.79	8142.72
497.13	5734.31
497.48	14202.37
497.83	10115.80
498.17	8152.09
498.52	5369.19
498.86	8650.62
499.21	6612.01
499.56	5893.47
499.90	6520.73
500.25	5200.67
500.59	6972.46
500.94	7791.64
501.28	8561.68
501.63	9619.60
501.97	6544.14
502.32	5851.34
502.67	7716.75
503.01	5275.57
503.36	6235.19
503.70	6289.02
504.05	8189.53
504.39	8868.29
504.74	6656.48
505.08	10927.96
505.43	4718.52
505.77	5458.13
506.12	7272.04
506.46	6579.25
506.81	5802.19
507.15	5610.26
507.49	6420.09
507.84	5799.85
508.18	7564.61
508.53	7400.77
508.87	7080.12
509.22	6347.53
509.56	65535.00
509.91	19180.69
510.25	6942.03
510.60	4931.51
510.94	8793.39
511.28	4856.61
511.63	9390.23
511.97	7733.13
512.32	8898.72
512.66	5764.74
513.00	7030.97
513.35	9355.12
513.69	5521.32
514.04	8355.71
514.38	8739.56
514.72	7571.63
515.07	5778.78
515.41	5607.92
515.76	5767.08
516.10	7808.03
516.44	8954.89
516.79	6162.63
517.13	5352.81
517.47	9181.92
517.82	7309.49
518.16	6614.35
518.50	7272.04
518.85	7480.35
519.19	10284.31
519.53	13359.78
519.88	8903.40
520.22	6539.46
520.56	7089.48
520.91	5434.72
521.25	5731.97
521.59	6757.13
521.93	7793.98
522.28	6546.48
522.62	7410.14
522.96	9116.39
523.31	6586.27
523.65	7929.74
523.99	8489.12
524.33	11346.92
524.68	8093.57
525.02	5364.51
525.36	7665.25
525.70	5195.99
526.05	6031.56
526.39	5565.79
526.73	8634.24
527.07	7307.15
527.41	10562.84
527.76	5872.40
528.10	6525.41
528.44	7712.07
528.78	6651.80
529.12	8498.49
529.47	6565.20
529.81	8971.27
530.15	9174.90
530.49	8107.62
530.83	5032.15
531.18	5577.50
531.52	6621.38
531.86	5390.25
532.20	7084.80
532.54	9563.43
532.88	4844.91
533.22	6541.80
533.57	7162.04
533.91	9568.11
534.25	5430.04
534.59	10902.22
534.93	8524.23
535.27	5769.42
535.61	6626.06
535.95	10867.11
536.30	8842.54
536.64	6960.75
536.98	4660.01
537.32	6380.30
537.66	5013.43
538.00	8088.89
538.34	8224.64
538.68	8243.37
539.02	11403.09
539.36	6122.84
539.70	5404.30
540.04	7447.58
540.39	19810.29
540.73	5816.23
541.07	6944.37
541.41	7674.62
541.75	7756.54
542.09	10202.40
542.43	7833.77
542.77	6993.52
543.11	7527.16
543.45	6927.99
543.79	9441.72
544.13	6272.64
544.47	6677.55
544.81	5806.87
545.15	8063.15
545.49	6792.23
545.83	5666.44
546.17	6406.05
546.51	4758.31
546.85	5989.43
547.19	10817.96
547.53	5437.06
547.87	8578.06
548.21	11873.54
548.54	7049.69
548.88	6071.35
549.22	5921.56
549.56	5226.42
549.90	6078.37
550.24	6897.56
550.58	5603.24
550.92	9610.24
551.26	6242.21
551.60	10647.10
551.94	6347.53
552.28	6427.11
552.61	8360.39
552.95	6530.09
553.29	6003.47
553.63	7136.29
553.97	11173.72
554.31	9219.37
554.65	10181.33
554.99	10286.65
555.32	6260.93
555.66	8074.85
556.00	4844.91
556.34	6558.18
556.68	7428.86
557.02	9240.44
557.36	7279.07
557.69	6890.54
558.03	6043.26
558.37	12503.14
558.71	14654.09
559.05	10406.02
559.38	11269.68
559.72	5682.82
560.06	8819.14
560.40	8264.43
560.74	9703.86
561.07	7929.74
561.41	8896.38
561.75	7777.60
562.09	6136.88
562.42	9062.55
562.76	8241.03
563.10	7183.10
563.44	24416.47
563.77	7620.78
564.11	8278.47
564.45	9715.56
564.79	8063.15
565.12	7000.54
565.46	7515.46
565.80	7698.02
566.14	7573.97
566.47	9233.41
566.81	5795.17
567.15	7433.54
567.48	7871.22
567.82	8381.46
568.16	7880.58
568.49	5891.13
568.83	5324.72
569.17	6890.54
569.50	7712.07
569.84	10860.09
570.18	7683.98
570.51	11192.44
570.85	6874.15
571.19	6600.31
571.52	5844.32
571.86	9282.56
572.20	6572.22
572.53	10745.40
572.87	5825.59
573.21	5647.71
573.54	5425.36
573.88	7534.18
574.21	7236.94
574.55	6967.77
574.89	9902.81
575.22	8931.48
575.56	6211.78
575.89	5961.34
576.23	6579.25
576.57	7915.69
576.90	5989.43
577.24	7456.95
577.57	5593.88
577.91	7480.35
578.24	5224.08
578.58	6792.23
578.91	8336.99
579.25	5949.64
579.59	7379.71
579.92	6747.76
580.26	5416.00
580.59	7789.30
580.93	7686.32
581.26	6420.09
581.60	7836.11
581.93	8552.32
582.27	11049.67
582.60	5638.35
582.94	7410.14
583.27	5516.64
583.61	6642.44
583.94	7473.33
584.28	5263.86
584.61	6516.05
584.94	8091.23
585.28	8028.04
585.61	8816.80
585.95	8390.82
586.28	11550.54
586.62	12917.42
586.95	7045.01
587.29	11983.54
587.62	15496.69
587.95	5570.48
588.29	7372.69
588.62	8173.15
588.96	9205.33
589.29	6335.83
589.62	6279.66
589.96	6600.31
590.29	6134.54
590.63	5310.68
590.96	8477.42
591.29	8833.18
591.63	9411.29
591.96	5586.86
592.29	6518.39
592.63	6183.70
592.96	7485.03
593.30	11695.66
593.63	7695.68
593.96	5628.99
594.30	6296.04
594.63	7840.79
594.96	11681.61
595.30	7178.42
595.63	6551.16
595.96	6066.67
596.29	7733.13
596.63	6413.07
596.96	8758.28
597.29	8004.63
597.63	5062.58
597.96	9884.08
598.29	9678.12
598.63	9413.63
598.96	5928.58
599.29	6197.74
599.62	6099.44
599.96	6080.71
600.29	6731.38
600.62	5675.80
600.95	6429.45
601.29	6810.96
601.62	7616.10
601.95	6944.37
602.28	6036.24
602.61	23386.63
602.95	7152.68
603.28	11903.96
603.61	6071.35
603.94	9142.13
604.27	5811.55
604.61	8418.91
604.94	7878.24
605.27	7536.52
605.60	5640.69
605.93	6104.12
606.27	9022.77
606.60	6820.32
606.93	5357.49
607.26	11005.20
607.59	7070.76
607.92	9657.05
608.26	6122.84
608.59	6214.12
608.92	6736.06
609.25	5572.82
609.58	7723.77
609.91	8348.69
610.24	13130.41
610.57	8098.25
610.90	9331.72
611.24	5221.74
611.57	5364.51
611.90	8842.54
612.23	6855.43
612.56	8879.99
612.89	8571.04
613.22	8732.54
613.55	5313.02
613.88	9261.50
614.21	5916.87
614.54	7761.22
614.87	5827.93
615.20	4854.27
615.53	9865.36
615.87	6120.50
616.20	7258.00
616.53	10148.56
616.86	7045.01
617.19	7995.27
617.52	6146.25
617.85	6331.15
618.18	6012.84
618.51	6506.69
618.84	8381.46
619.17	6731.38
619.50	10679.86
619.83	10202.40
620.16	8456.36
620.49	6204.76
620.82	13858.31
621.14	10696.25
621.47	6399.02
621.80	9584.49
622.13	7456.95
622.46	14452.81
622.79	8449.33
623.12	5551.75
623.45	9301.29
623.78	8617.85
624.11	5795.17
624.44	7770.58
624.77	5895.81
625.10	6015.18
625.43	5757.72
625.75	7431.20
626.08	6031.56
626.41	5916.87
626.74	6998.20
627.07	6382.64
627.40	12020.99
627.73	6462.22
628.06	5783.46
628.38	4854.27
628.71	8688.07
629.04	9771.74
629.37	8606.15
629.70	7339.92
630.03	5898.15
630.36	9706.20
630.68	8837.86
631.01	6228.17
631.34	10703.27
631.67	6260.93
632.00	5027.47
632.32	8704.45
632.65	10160.27
632.98	7585.68
633.31	7129.27
633.64	9121.07
633.96	5776.44
634.29	10745.40
634.62	7286.09
634.95	7662.91
635.27	7426.52
635.60	8339.33
635.93	7751.85
636.26	7875.90
636.58	6389.66
636.91	6274.98
637.24	6071.35
637.57	7384.39
637.89	8194.22
638.22	6235.19
638.55	7225.23
638.87	7775.26
639.20	8762.97
639.53	7955.48
639.86	6176.67
640.18	5813.89
640.51	7302.47
640.84	7754.19
641.16	5598.56
641.49	7592.70
641.82	5685.16
642.14	5895.81
642.47	13928.53
642.80	6869.47
643.12	9266.18
643.45	6874.15
643.78	7302.47
644.10	6085.39
644.43	7026.29
644.75	10186.01
645.08	5217.05
645.41	8161.45
645.73	5853.68
646.06	15096.46
646.39	9083.62
646.71	6368.60
647.04	6272.64
647.36	5104.71
647.69	8439.97
648.01	7300.13
648.34	6162.63
648.67	9767.06
648.99	10328.78
649.32	6071.35
649.64	5369.19
649.97	4716.18
650.29	5394.93
650.62	14443.45
650.94	7176.08
651.27	11117.54
651.59	6942.03
651.92	5647.71
652.25	8032.72
652.57	5682.82
652.90	5982.41
653.22	7691.00
653.55	7665.25
653.87	5057.90
654.20	7356.30
654.52	10937.32
654.84	6895.22
655.17	8336.99
655.49	11133.93
655.82	6558.18
656.14	7712.07
656.47	10874.13
656.79	11548.20
657.12	6672.87
657.44	6548.82
657.77	8968.93
658.09	7517.80
658.41	6867.13
658.74	8594.45
659.06	5481.53
659.39	6953.73
659.71	6167.31
660.03	7087.14
660.36	6644.78
660.68	9834.93
661.01	13219.35
661.33	10541.77
661.65	6392.00
661.98	13879.38
662.30	9399.59
662.63	7108.21
662.95	6677.55
663.27	6141.57
663.60	5668.78
663.92	6789.89
664.24	6761.81
664.57	5750.70
664.89	6064.33
665.21	6277.32
665.54	9542.36
665.86	7407.80
666.18	7459.29
666.51	10382.62
666.83	6520.73
667.15	14939.64
667.47	9664.07
667.80	8332.31
668.12	6022.20
668.44	7307.15
668.77	8762.97
669.09	10296.02
669.41	8905.74
669.73	5352.81
670.06	7101.19
670.38	6630.74
670.70	5294.29
671.02	8306.56
671.35	6394.34
671.67	10565.18
671.99	6906.92
672.31	10265.59
672.63	7632.49
672.96	11119.89
673.28	6384.98
673.60	7311.83
673.92	7391.41
674.24	6003.47
674.57	6244.55
674.89	9734.29
675.21	6813.30
675.53	9123.41
675.85	10066.64
676.17	10118.14
676.50	5743.67
676.82	9750.67
677.14	7602.06
677.46	14607.28
677.78	5523.66
678.10	9394.91
678.42	6965.43
678.75	6331.15
679.07	5652.39
679.39	7112.89
679.71	6455.20
680.03	6377.96
680.35	6317.11
680.67	6581.59
680.99	6132.20
681.31	5392.59
681.63	8222.30
681.96	10223.46
682.28	6373.28
682.60	5998.79
682.92	8601.47
683.24	5366.85
683.56	8503.17
683.88	6202.42
684.20	6848.41
684.52	6595.63
684.84	6298.38
685.16	6569.88
685.48	9025.11
685.80	7808.03
686.12	8538.27
686.44	11716.72
686.76	6960.75
687.08	5380.89
687.40	5788.14
687.72	9331.72
688.04	5954.32
688.36	14553.45
688.68	10953.71
689.00	7885.26
689.32	6698.61
689.64	6504.35
689.96	6923.30
690.28	9837.27
690.60	10539.43
690.92	6169.65
691.24	8458.70
691.56	6661.16
691.88	6778.19
692.19	5785.80
692.51	9378.53
692.83	8056.12
693.15	8954.89
693.47	8301.88
693.79	7375.03
694.11	9582.15
694.43	7953.14
694.75	6853.09
695.06	7672.28
695.38	10349.85
695.70	7297.79
696.02	7433.54
696.34	6480.94
696.66	6408.39
696.98	5163.22
697.29	7377.37
697.61	11255.64
697.93	10108.77
698.25	13724.90
698.57	8004.63
698.89	5357.49
699.20	6757.13
699.52	11150.31
699.84	5221.74
700.16	7000.54
700.48	10619.01
700.79	5710.91
701.11	11808.00
701.43	9071.92
701.75	6080.71
702.07	6967.77
702.38	11751.83
702.70	6167.31
703.02	5895.81
703.34	8814.46
703.65	7417.16
703.97	6785.21
704.29	5355.15
704.61	5799.85
704.92	8997.02
705.24	6705.63
705.56	9231.07
705.87	10015.15
706.19	7307.15
706.51	5254.50
706.82	10090.05
707.14	6087.73
707.46	5261.52
707.78	5893.47
708.09	8320.60
708.41	9474.49
708.73	7562.27
709.04	10188.35
709.36	6534.78
709.68	7133.95
709.99	13160.83
710.31	10293.68
710.62	7356.30
710.94	6677.55
711.26	8011.65
711.57	6773.51
711.89	5668.78
712.21	15157.31
712.52	7412.48
712.84	10509.01
713.15	7737.81
713.47	9277.88
713.79	5516.64
714.10	6230.51
714.42	6806.28
714.73	10504.32
715.05	5446.43
715.36	5769.42
715.68	6216.46
715.99	6682.23
716.31	9682.80
716.63	8580.40
716.94	9397.25
717.26	19779.87
717.57	9076.60
717.89	11447.56
718.20	6113.48
718.52	9558.75
718.83	7148.00
719.15	14768.78
719.46	14193.01
719.78	7791.64
720.09	6944.37
720.41	5987.09
720.72	5678.14
721.04	5769.42
721.35	6808.62
721.67	6834.36
721.98	6675.21
722.29	6487.96
722.61	6190.72
722.92	4945.55
723.24	6761.81
723.55	7496.74
723.87	7660.57
724.18	8798.07
724.50	5610.26
724.81	7136.29
725.12	7176.08
725.44	8329.97
725.75	7499.08
726.07	10558.16
726.38	8203.58
726.69	6530.09
727.01	8706.79
727.32	9078.94
727.63	6464.56
727.95	10810.93
728.26	6408.39
728.58	8854.25
728.89	6413.07
729.20	7105.87
729.52	5804.53
729.83	13472.12
730.14	8613.17
730.46	7150.34
730.77	9832.59
731.08	8601.47
731.39	6822.66
731.71	7192.47
732.02	9240.44
732.33	7131.61
732.65	6684.57
732.96	10757.10
733.27	9425.34
733.59	14321.74
733.90	9769.40
734.21	5755.38
734.52	6911.60
734.84	17156.13
735.15	6600.31
735.46	6806.28
735.77	7400.77
736.09	7103.53
736.40	10930.30
736.71	9149.15
737.02	5554.09
737.33	6604.99
737.65	6328.81
737.96	7391.41
738.27	7726.11
738.58	13437.02
738.89	8758.28
739.21	6555.84
739.52	5224.08
739.83	8755.94
740.14	13596.17
740.45	7531.84
740.76	6513.71
741.08	5675.80
741.39	7075.44
741.70	6640.10
742.01	7859.52
742.32	9998.77
742.63	7782.28
742.94	6202.42
743.26	8610.83
743.57	8196.56
743.88	9294.27
744.19	7903.99
744.50	6918.62
744.81	12643.57
745.12	7073.10
745.43	7049.69
745.74	15374.98
746.05	12791.03
746.36	5355.15
746.67	12259.73
746.99	6733.72
747.30	8489.12
747.61	6523.07
747.92	7744.83
748.23	10026.86
748.54	6972.46
748.85	6820.32
749.16	7447.58
749.47	5909.85
749.78	6527.75
750.09	6782.87
750.40	8112.30
750.71	7555.25
751.02	8582.74
751.33	7056.72
751.64	8042.08
751.95	7297.79
752.26	8634.24
752.57	8777.01
752.88	6857.77
753.19	7229.91
753.50	10443.47
753.81	6949.05
754.11	7325.88
754.42	16917.39
754.73	7538.87
755.04	8065.49
755.35	7847.82
755.66	13635.96
755.97	5839.64
756.28	5923.90
756.59	8898.72
756.90	16863.56
757.21	8168.47
757.52	11243.93
757.82	8219.96
758.13	6338.17
758.44	9916.85
758.75	8603.81
759.06	6410.73
759.37	6017.52
759.68	7978.89
759.98	6284.34
760.29	8671.68
760.60	7681.64
760.91	5565.79
761.22	7150.34
761.53	7585.68
761.83	6200.08
762.14	7686.32
762.45	6558.18
762.76	5626.65
763.07	8339.33
763.37	15927.35
763.68	11447.56
763.99	13041.46
764.30	11831.41
764.60	6413.07
764.91	10061.96
765.22	7555.25
765.53	13418.29
765.84	7934.42
766.14	7028.63
766.45	5439.40
766.76	11250.96
767.06	11868.86
767.37	6923.30
767.68	7344.60
767.99	6813.30
768.29	6455.20
768.60	7363.33
768.91	9975.36
769.21	13270.84
769.52	11028.60
769.83	7269.70
770.13	7279.07
770.44	6932.67
770.75	9048.51
771.05	7440.56
771.36	8898.72
771.67	7672.28
771.97	6782.87
772.28	6974.80
772.59	7836.11
772.89	9516.62
773.20	6525.41
773.51	6422.43
773.81	12079.50
774.12	5989.43
774.42	7358.64
774.73	6087.73
775.04	6209.44
775.34	21348.03
775.65	8313.58
775.95	12566.34
776.26	8255.07
776.56	6621.38
776.87	8493.80
777.18	65535.00
777.48	17621.89
777.79	7911.01
778.09	11012.22
778.40	6986.50
778.70	6927.99
779.01	11016.90
779.31	7552.91
779.62	6855.43
779.92	8887.01
780.23	8643.60
780.53	5743.67
780.84	7157.36
781.14	6593.29
781.45	6452.86
781.75	9444.06
782.06	6291.36
782.36	8201.24
782.67	6078.37
782.97	6345.19
783.28	13200.62
783.58	6715.00
783.89	6649.46
784.19	8643.60
784.49	12901.03
784.80	7122.25
785.10	13156.15
785.41	6078.37
785.71	8629.56
786.02	8367.42
786.32	14052.58
786.62	9359.80
786.93	12028.01
787.23	6689.25
787.54	7026.29
787.84	12453.99
788.14	8645.94
788.45	5430.04
788.75	8734.88
789.05	5991.77
789.36	7122.25
789.66	13757.67
789.96	9270.86
790.27	7529.50
790.57	7393.75
790.87	6356.90
791.18	6459.88
791.48	6176.67
791.78	8250.39
792.09	8762.97
792.39	6424.77
792.69	9490.87
793.00	8463.38
793.30	8971.27
793.60	5919.21
793.90	5483.88
794.21	8510.19
794.51	17149.11
794.81	10881.15
795.11	7487.37
795.42	6441.15
795.72	11550.54
796.02	9076.60
796.32	8432.95
796.63	8659.98
796.93	10090.05
797.23	9146.81
797.53	7957.82
797.84	10401.34
798.14	6321.79
798.44	8135.70
798.74	8812.12
799.04	8217.62
799.34	5849.00
799.65	15899.26
799.95	7922.71
800.25	7122.25
800.55	6773.51
800.85	8042.08
801.15	6354.55
801.46	7300.13
801.76	17745.94
802.06	6670.53
802.36	9238.09
802.66	6787.55
802.96	9310.65
803.26	10743.06
803.56	13369.14
803.87	16341.62
804.17	7126.93
804.47	9750.67
804.77	10429.43
805.07	10581.56
805.37	9661.73
805.67	9116.39
805.97	7026.29
806.27	7370.35
806.57	6916.28
806.87	11564.59
807.17	8102.93
807.47	11580.97
807.77	10937.32
808.07	6750.10
808.37	11550.54
808.67	7808.03
808.98	15337.53
809.28	7000.54
809.58	16011.60
809.88	10391.98
810.18	14672.82
810.47	7220.55
810.77	7475.67
811.07	9303.63
811.37	8479.76
811.67	6256.25
811.97	5399.62
812.27	6080.71
812.57	5350.46
812.87	6506.69
813.17	6490.31
813.47	6455.20
813.77	6885.86
814.07	6604.99
814.37	9973.02
814.67	6382.64
814.97	7213.53
815.27	6394.34
815.56	8594.45
815.86	11115.20
816.16	7939.10
816.46	5851.34
816.76	6438.81
817.06	10263.25
817.36	12795.71
817.66	7777.60
817.95	6186.04
818.25	8421.25
818.55	10150.90
818.85	9380.87
819.15	6764.15
819.45	13195.94
819.75	7438.22
820.04	7286.09
820.34	15679.25
820.64	9900.47
820.94	12802.73
821.24	7096.50
821.53	7576.31
821.83	6628.40
822.13	5865.38
822.43	6979.48
822.72	5760.06
823.02	6583.93
823.32	6026.88
823.62	7948.46
823.91	14815.59
824.21	5741.33
824.51	8479.76
824.81	6956.07
825.10	5746.02
825.40	9329.38
825.70	7688.66
826.00	12503.14
826.29	6654.14
826.59	8215.28
826.89	6974.80
827.18	6331.15
827.48	6464.56
827.78	5921.56
828.07	7719.09
828.37	9453.42
828.67	7946.12
828.96	7522.48
829.26	6450.52
829.56	10256.23
829.85	6562.86
830.15	8257.41
830.45	5753.04
830.74	12037.38
831.04	9291.93
831.34	10183.67
831.63	13507.23
831.93	9717.90
832.22	9296.61
832.52	7433.54
832.82	5926.24
833.11	6024.54
833.41	6111.14
833.70	6757.13
834.00	10216.44
834.29	7889.95
834.59	5706.23
834.89	8538.27
835.18	7002.88
835.48	12912.74
835.77	9132.77
836.07	9146.81
836.36	8835.52
836.66	10216.44
836.95	7398.43
837.25	6436.47
837.54	8779.35
837.84	6637.76
838.13	7913.35
838.43	6476.26
838.72	13720.22
839.02	10799.23
839.31	6256.25
839.61	10436.45
839.90	5706.23
840.20	7578.65
840.49	5921.56
840.78	8250.39
841.08	9100.00
841.37	6796.92
841.67	5790.49
841.96	8842.54
842.26	7946.12
842.55	5619.63
842.84	6120.50
843.14	9675.77
843.43	5935.60
843.73	7358.64
844.02	5671.12
844.31	7115.23
844.61	6726.70
844.90	8344.01
845.20	7515.46
845.49	5359.83
845.78	6841.39
846.08	5898.15
846.37	5057.90
846.66	8533.59
846.96	9015.74
847.25	8355.71
847.54	5727.29
847.84	8901.06
848.13	7204.17
848.42	10024.51
848.72	6286.68
849.01	8861.27
849.30	6487.96
849.59	6225.82
849.89	6300.72
850.18	12138.02
850.47	6113.48
850.76	18052.55
851.06	13769.37
851.35	8386.14
851.64	9432.36
851.93	7641.85
852.23	10698.59
852.52	6707.98
852.81	6679.89
853.10	6366.26
853.40	5432.38
853.69	5490.90
853.98	7368.01
854.27	9666.41
854.56	6630.74
854.86	8681.05
855.15	7527.16
855.44	7941.44
855.73	5547.07
856.02	6494.99
856.31	9659.39
856.61	8170.81
856.90	6771.17
857.19	5795.17
857.48	5617.29
857.77	5996.45
858.06	4929.17
858.35	5746.02
858.65	11396.07
858.94	9083.62
859.23	6979.48
859.52	9245.12
859.81	11763.53
860.10	6443.49
860.39	9177.24
860.68	7372.69
860.97	5977.73
861.26	6310.08
861.55	11765.87
861.85	7557.59
862.14	9170.22
862.43	9488.53
862.72	7740.15
863.01	5729.63
863.30	6597.97
863.59	7232.26
863.88	7185.44
864.17	7194.81
864.46	6101.78
864.75	14422.38
865.04	7625.47
865.33	5865.38
865.62	10654.12
865.91	6427.11
866.20	8814.46
866.49	6782.87
866.78	6942.03
867.07	6761.81
867.36	9909.83
867.65	11272.02
867.93	8762.97
868.22	7428.86
868.51	7075.44
868.80	7555.25
869.09	6841.39
869.38	6139.23
869.67	12320.58
869.96	12320.58
870.25	12320.58
