178.76	1799.87
179.14	1799.87
179.52	1799.87
179.90	1767.10
180.28	10417.72
180.66	5970.71
181.04	8051.44
181.42	7009.90
181.80	6174.33
182.18	10303.04
182.55	5818.57
182.93	6995.86
183.31	6970.12
183.69	7569.29
184.07	7845.48
184.45	6965.43
184.83	7084.80
185.21	6272.64
185.59	6516.05
185.97	15613.71
186.35	11293.08
186.72	6857.77
187.10	7080.12
187.48	10998.18
187.86	8716.16
188.24	6410.73
188.62	6104.12
189.00	10436.45
189.38	7728.45
189.75	7258.00
190.13	7705.04
190.51	6073.69
190.89	14239.82
191.27	20142.65
191.65	6902.24
192.03	7557.59
192.40	9886.42
192.78	7253.32
193.16	8557.00
193.54	11770.55
193.92	10356.87
194.30	6509.03
194.67	9174.90
195.05	8095.91
195.43	7028.63
195.81	6766.49
196.19	10239.84
196.56	7496.74
196.94	7045.01
197.32	11192.44
197.70	6347.53
198.08	8313.58
198.45	6445.84
198.83	7190.13
199.21	6665.85
199.59	11719.06
199.97	7852.50
200.34	5851.34
200.72	6438.81
201.10	13385.52
201.48	9605.56
201.85	6197.74
202.23	6691.59
202.61	6459.88
202.99	15503.71
203.36	6392.00
203.74	8807.44
204.12	6829.68
204.49	6396.68
204.87	8250.39
205.25	7040.33
205.63	5626.65
206.00	6277.32
206.38	7702.70
206.76	9214.69
207.14	6415.41
207.51	5741.33
207.89	10466.88
208.27	6099.44
208.64	5188.97
209.02	6452.86
209.40	6817.98
209.77	5582.18
210.15	13654.69
210.53	5760.06
210.90	10647.10
211.28	6022.20
211.66	11339.90
212.03	6342.85
212.41	5708.57
212.79	6981.82
213.16	5802.19
213.54	7384.39
213.92	7648.87
214.29	5509.62
214.67	6314.77
215.05	6759.47
215.42	9217.03
215.80	6597.97
216.17	6525.41
216.55	7644.19
216.93	5713.25
217.30	8557.00
217.68	6202.42
218.05	6546.48
218.43	6324.13
218.81	6724.36
219.18	10506.66
219.56	6492.65
219.93	6443.49
220.31	6267.95
220.69	5680.48
221.06	5905.17
221.44	7349.28
221.81	5956.66
222.19	5668.78
222.56	5935.60
222.94	6628.40
223.32	7220.55
223.69	6228.17
224.07	8454.02
224.44	11985.88
224.82	7192.47
225.19	8095.91
225.57	7164.38
225.94	6593.29
226.32	6995.86
226.69	11859.49
227.07	8336.99
227.44	6349.87
227.82	7566.95
228.19	6808.62
228.57	8346.35
228.94	11131.59
229.32	9181.92
229.69	8704.45
230.07	6635.42
230.44	6001.13
230.82	10469.22
231.19	9109.36
231.57	5481.53
231.94	5523.66
232.32	8690.41
232.69	6621.38
233.07	7089.48
233.44	7878.24
233.82	6743.08
234.19	7267.36
234.57	9500.23
234.94	6270.30
235.31	6427.11
235.69	7108.21
236.06	7365.67
236.44	8224.64
236.81	5715.59
237.19	7564.61
237.56	11063.71
237.93	6188.38
238.31	7372.69
238.68	6801.60
239.06	7272.04
239.43	8393.16
239.81	7908.67
240.18	5851.34
240.55	6066.67
240.93	12212.92
241.30	7630.15
241.67	6988.84
242.05	8241.03
242.42	9167.88
242.80	5748.36
243.17	7459.29
243.54	7419.50
243.92	8919.78
244.29	6902.24
244.66	7389.07
245.04	9760.03
245.41	15396.04
245.78	5767.08
246.16	6626.06
246.53	8573.38
246.90	6909.26
247.28	12409.52
247.65	6715.00
248.02	6815.64
248.40	9563.43
248.77	7290.77
249.14	7892.29
249.52	6686.91
249.89	8311.24
250.26	6005.81
250.64	7152.68
251.01	14471.53
251.38	5633.67
251.75	7222.89
252.13	6389.66
252.50	8788.71
252.87	12812.09
253.25	5804.53
253.62	7513.12
253.99	5607.92
254.36	8894.04
254.74	6310.08
255.11	6022.20
255.48	5392.59
255.85	13582.13
256.23	5591.54
256.60	5188.97
256.97	6635.42
257.34	7819.73
257.71	7400.77
258.09	6293.70
258.46	7506.10
258.83	10729.02
259.20	9355.12
259.58	6750.10
259.95	6953.73
260.32	9053.19
260.69	5825.59
261.06	10310.06
261.44	6139.23
261.81	12741.88
262.18	7459.29
262.55	6153.27
262.92	7150.34
263.29	6291.36
263.67	5647.71
264.04	6558.18
264.41	6640.10
264.78	6197.74
265.15	9767.06
265.52	11742.47
265.90	7222.89
266.27	6129.86
266.64	5661.76
267.01	5324.72
267.38	7698.02
267.75	5902.83
268.12	5313.02
268.50	6834.36
268.87	6122.84
269.24	6167.31
269.61	7447.58
269.98	7826.75
270.35	7805.69
270.72	5849.00
271.09	6576.91
271.46	6286.68
271.83	7557.59
272.21	8940.85
272.58	5860.70
272.95	6160.29
273.32	7148.00
273.69	7108.21
274.06	5511.96
274.43	6036.24
274.80	6953.73
275.17	7620.78
275.54	14303.01
275.91	7059.06
276.28	7077.78
276.65	7368.01
277.02	10698.59
277.39	6094.76
277.76	6045.60
278.13	8044.42
278.50	8503.17
278.87	9839.61
279.24	8844.88
279.61	7995.27
279.98	9528.32
280.35	6195.40
280.72	7187.79
281.09	6974.80
281.46	7056.72
281.83	6207.10
282.20	7513.12
282.57	6235.19
282.94	7861.86
283.31	6296.04
283.68	7473.33
284.05	5631.33
284.42	5198.33
284.79	7382.05
285.16	8187.19
285.53	6986.50
285.90	7016.93
286.27	14012.79
286.64	5486.22
287.01	6099.44
287.38	8067.83
287.75	57502.28
288.12	8224.64
288.49	15740.10
288.86	5874.74
289.23	5921.56
289.59	6059.65
289.96	5818.57
290.33	6139.23
290.70	6277.32
291.07	8205.92
291.44	7445.24
291.81	5748.36
292.18	7124.59
292.55	6333.49
292.91	12072.48
293.28	7875.90
293.65	10394.32
294.02	7492.05
294.39	5523.66
294.76	6871.81
295.13	6995.86
295.50	6733.72
295.86	6780.53
296.23	6218.80
296.60	5755.38
296.97	6223.48
297.34	6761.81
297.71	8540.61
298.07	6995.86
298.44	5093.01
298.81	7578.65
299.18	7136.29
299.55	10221.12
299.91	6719.68
300.28	7112.89
300.65	5387.91
301.02	7272.04
301.39	7723.77
301.75	12765.28
302.12	7840.79
302.49	6778.19
302.86	9933.23
303.23	6986.50
303.59	5785.80
303.96	16262.04
304.33	9373.85
304.70	14059.60
305.06	6410.73
305.43	9851.31
305.80	7815.05
306.17	8751.26
306.53	6282.00
306.90	9029.79
307.27	7052.03
307.64	10162.61
308.00	6197.74
308.37	6148.59
308.74	11262.66
309.11	8512.53
309.47	6230.51
309.84	5348.12
310.21	6871.81
310.57	7276.73
310.94	6513.71
311.31	7082.46
311.67	7304.81
312.04	5320.04
312.41	9364.48
312.77	7812.71
313.14	6211.78
313.51	6808.62
313.87	6377.96
314.24	6237.53
314.61	6225.82
314.97	6338.17
315.34	6860.11
315.71	5315.36
316.07	8610.83
316.44	5689.84
316.81	8264.43
317.17	6029.22
317.54	14530.05
317.91	6300.72
318.27	5205.35
318.64	6586.27
319.00	8320.60
319.37	5390.25
319.74	8915.10
320.10	9163.20
320.47	6530.09
320.83	10218.78
321.20	6651.80
321.57	5760.06
321.93	6314.77
322.30	7279.07
322.66	6019.86
323.03	8294.86
323.40	7599.72
323.76	6211.78
324.13	6090.07
324.49	5413.66
324.86	17668.70
325.22	7185.44
325.59	6679.89
325.95	7625.47
326.32	9008.72
326.68	8592.11
327.05	6736.06
327.42	5884.11
327.78	6258.59
328.15	9046.17
328.51	6244.55
328.88	8009.31
329.24	10729.02
329.61	6970.12
329.97	8306.56
330.34	6050.28
330.70	7030.97
331.07	10164.95
331.43	8079.53
331.80	12477.40
332.16	9762.37
332.52	5942.62
332.89	7812.71
333.25	5338.76
333.62	11763.53
333.98	6483.28
334.35	6782.87
334.71	7180.76
335.08	5563.45
335.44	11454.58
335.81	11365.64
336.17	9525.98
336.53	6841.39
336.90	5797.51
337.26	8023.36
337.63	8798.07
337.99	7288.43
338.36	5692.18
338.72	8610.83
339.08	7103.53
339.45	5626.65
339.81	8945.53
340.18	6387.32
340.54	9825.57
340.90	6085.39
341.27	6682.23
341.63	7948.46
341.99	5235.78
342.36	9694.50
342.72	5746.02
343.09	10003.45
343.45	6274.98
343.81	10113.45
344.18	5378.55
344.54	6740.74
344.90	7545.89
345.27	7028.63
345.63	6827.34
345.99	8477.42
346.36	7117.57
346.72	5666.44
347.08	5701.54
347.45	5273.23
347.81	9418.32
348.17	7234.60
348.54	5586.86
348.90	8741.90
349.26	9041.49
349.62	10127.50
349.99	5308.34
350.35	5121.09
350.71	7269.70
351.08	6829.68
351.44	5078.96
351.80	12702.09
352.16	11059.03
352.53	5926.24
352.89	8116.98
353.25	10654.12
353.61	6450.52
353.98	8198.90
354.34	9565.77
354.70	6134.54
355.06	5184.29
355.43	6939.69
355.79	6600.31
356.15	6380.30
356.51	5792.83
356.88	5930.92
357.24	6331.15
357.60	5282.59
357.96	5032.15
358.32	14450.47
358.69	5420.68
359.05	7581.00
359.41	7066.08
359.77	5589.20
360.13	5912.19
360.49	5783.46
360.86	8430.61
361.22	10719.65
361.58	7482.69
361.94	10368.57
362.30	5678.14
362.66	8126.34
363.03	5085.98
363.39	5212.37
363.75	6076.03
364.11	9577.47
364.47	6139.23
364.83	10258.57
365.19	7288.43
365.56	8648.28
365.92	5254.50
366.28	8177.83
366.64	9352.78
367.00	5317.70
367.36	5280.25
367.72	9476.83
368.08	9081.28
368.44	6349.87
368.80	7899.31
369.17	6401.37
369.53	6607.33
369.89	5872.40
370.25	5661.76
370.61	5935.60
370.97	10162.61
371.33	6179.01
371.69	12285.47
372.05	8004.63
372.41	5722.61
372.77	6296.04
373.13	7337.58
373.49	4992.36
373.85	7730.79
374.21	7192.47
374.57	5659.42
374.93	8135.70
375.29	8732.54
375.65	7068.42
376.01	6874.15
376.37	9755.35
376.73	7927.39
377.09	5556.43
377.45	9341.08
377.81	6682.23
378.17	5657.07
378.53	5097.69
378.89	7953.14
379.25	10509.01
379.61	13500.21
379.97	8891.70
380.33	6225.82
380.69	5977.73
381.05	5518.98
381.41	8793.39
381.77	7012.24
382.13	8339.33
382.49	14132.15
382.85	6998.20
383.21	8442.31
383.57	5259.18
383.93	10036.22
384.28	5004.07
384.64	6389.66
385.00	7157.36
385.36	7035.65
385.72	8662.32
386.08	5818.57
386.44	8276.13
386.80	8547.64
387.16	10377.94
387.52	9069.58
387.87	13032.10
388.23	7590.36
388.59	5905.17
388.95	5364.51
389.31	6562.86
389.67	6560.52
390.03	5935.60
390.38	6249.23
390.74	4875.34
391.10	9055.53
391.46	7255.66
391.82	5540.05
392.18	8013.99
392.54	4877.68
392.89	5465.15
393.25	7801.01
393.61	5416.00
393.97	5338.76
394.33	7655.89
394.68	6487.96
395.04	5357.49
395.40	7016.93
395.76	8858.93
396.12	7124.59
396.47	5582.18
396.83	6705.63
397.19	5210.03
397.55	5591.54
397.90	7023.95
398.26	7000.54
398.62	5694.52
398.98	4821.50
399.33	6410.73
399.69	22930.23
400.05	7957.82
400.41	5591.54
400.76	8259.75
401.12	9605.56
401.48	7393.75
401.84	5774.10
402.19	6279.66
402.55	7393.75
402.91	6846.07
403.26	5214.71
403.62	7882.92
403.98	6712.66
404.34	4741.93
404.69	6771.17
405.05	8704.45
405.41	13390.20
405.76	5647.71
406.12	5729.63
406.48	6499.67
406.83	5813.89
407.19	7997.61
407.55	7632.49
407.90	13446.38
408.26	7964.84
408.62	8858.93
408.97	6771.17
409.33	5362.17
409.68	5643.03
410.04	7353.96
410.40	5900.49
410.75	7843.14
411.11	5593.88
411.47	7307.15
411.82	6338.17
412.18	6925.65
412.53	6572.22
412.89	6033.90
413.25	6520.73
413.60	6836.70
413.96	5116.41
414.31	6106.46
414.67	7002.88
415.03	5205.35
415.38	5563.45
415.74	6253.91
416.09	6270.30
416.45	8091.23
416.80	5900.49
417.16	8166.13
417.51	6420.09
417.87	6155.61
418.23	7431.20
418.58	7669.94
418.94	4861.29
419.29	5818.57
419.65	7307.15
420.00	8435.29
420.36	7786.96
420.71	7833.77
421.07	5298.97
421.42	6815.64
421.78	8858.93
422.13	6389.66
422.49	5280.25
422.84	7037.99
423.20	4945.55
423.55	5357.49
423.91	5097.69
424.26	13315.31
424.61	7948.46
424.97	10867.11
425.32	5867.72
425.68	6399.02
426.03	7346.94
426.39	9556.41
426.74	9666.41
427.10	8922.12
427.45	5930.92
427.80	7321.20
428.16	6553.50
428.51	6572.22
428.87	7295.45
429.22	9048.51
429.58	9809.19
429.93	9659.39
430.28	5947.30
430.64	6017.52
430.99	5125.77
431.35	7124.59
431.70	6356.90
432.05	6471.58
432.41	7751.85
432.76	7396.09
433.11	7571.63
433.47	7459.29
433.82	10066.64
434.17	7744.83
434.53	7679.30
434.88	13327.01
435.24	7330.56
435.59	7103.53
435.94	5357.49
436.30	7974.21
436.65	6235.19
437.00	8975.95
437.35	15405.41
437.71	6307.74
438.06	6043.26
438.41	5994.11
438.77	7611.42
439.12	5224.08
439.47	4704.48
439.83	7372.69
440.18	4917.47
440.53	6340.51
440.88	11597.35
441.24	8243.37
441.59	5336.42
441.94	6317.11
442.30	7786.96
442.65	11941.41
443.00	6834.36
443.35	10127.50
443.71	6277.32
444.06	9020.42
444.41	7597.38
444.76	10782.85
445.11	6637.76
445.47	9694.50
445.82	8697.43
446.17	5753.04
446.52	9853.66
446.88	6850.75
447.23	5125.77
447.58	7637.17
447.93	5776.44
448.28	28315.80
448.63	10485.60
448.99	6651.80
449.34	7901.65
449.69	8409.54
450.04	5944.96
450.39	5867.72
450.74	6773.51
451.10	6621.38
451.45	6874.15
451.80	7403.11
452.15	9783.44
452.50	7789.30
452.85	9434.70
453.21	8446.99
453.56	7410.14
453.91	6420.09
454.26	6995.86
454.61	5640.69
454.96	7885.26
455.31	6431.79
455.66	6052.63
456.01	7576.31
456.36	6202.42
456.72	5849.00
457.07	7468.65
457.42	9923.87
457.77	8760.63
458.12	5593.88
458.47	7101.19
458.82	9268.52
459.17	6729.04
459.52	7124.59
459.87	11281.38
460.22	5523.66
460.57	6864.79
460.92	5898.15
461.27	7889.95
461.62	6396.68
461.97	5600.90
462.32	11602.04
462.67	10267.93
463.02	13088.28
463.38	12716.13
463.73	8549.98
464.08	11578.63
464.43	7405.46
464.78	5493.24
465.12	7974.21
465.47	8231.66
465.82	27009.78
466.17	6195.40
466.52	8196.56
466.87	6150.93
467.22	5746.02
467.57	5114.07
467.92	7419.50
468.27	10513.69
468.62	14401.32
468.97	6502.01
469.32	4861.29
469.67	15110.50
470.02	13338.71
470.37	5980.07
470.72	7414.82
471.07	5142.16
471.42	6485.62
471.76	6576.91
472.11	6375.62
472.46	8189.53
472.81	14214.07
473.16	5795.17
473.51	5799.85
473.86	5011.09
474.21	6342.85
474.56	6069.01
474.90	6022.20
475.25	9282.56
475.60	8601.47
475.95	5846.66
476.30	10899.87
476.65	9926.21
477.00	14445.79
477.34	10803.91
477.69	5401.96
478.04	9172.56
478.39	6958.41
478.74	5614.95
479.09	5085.98
479.43	6644.78
479.78	4830.87
480.13	11939.07
480.48	9834.93
480.83	7061.40
481.17	5111.73
481.52	6939.69
481.87	6204.76
482.22	11342.24
482.57	6480.94
482.91	8709.13
483.26	7637.17
483.61	6211.78
483.96	7241.62
484.30	65535.00
484.65	10380.28
485.00	5654.73
485.35	6478.60
485.69	5696.86
486.04	6450.52
486.39	7382.05
486.74	7393.75
487.08	5240.46
487.43	7691.00
487.78	4945.55
488.12	7854.84
488.47	6019.86
488.82	9961.32
489.17	5640.69
489.51	5100.03
489.86	7683.98
490.21	4954.91
490.55	7449.93
490.90	5233.44
491.25	6239.87
491.59	5294.29
491.94	12191.85
492.29	5963.68
492.63	6757.13
492.98	4638.94
493.33	6899.90
493.67	6012.84
494.02	5259.18
494.37	5355.15
494.71	8037.40
495.06	5975.39
495.40	9884.08
495.75	5921.56
496.10	9884.08
496.44	6778.19
496.79	7992.93
497.13	5603.24
497.48	13579.79
497.83	9928.55
498.17	7903.99
498.52	6071.35
498.86	8318.26
499.21	6478.60
499.56	5795.17
499.90	6232.85
500.25	4999.38
500.59	6604.99
500.94	7342.26
501.28	8386.14
501.63	9305.97
501.97	6284.34
502.32	5650.05
502.67	7478.01
503.01	4985.34
503.36	6078.37
503.70	6036.24
504.05	7943.78
504.39	8753.60
504.74	6516.05
505.08	10239.84
505.43	4671.71
505.77	5256.84
506.12	7089.48
506.46	6228.17
506.81	5533.03
507.15	5511.96
507.49	6150.93
507.84	5600.90
508.18	7384.39
508.53	7122.25
508.87	6876.49
509.22	6326.47
509.56	65535.00
509.91	18761.73
510.25	6801.60
510.60	4919.81
510.94	8402.52
511.28	4720.86
511.63	8999.36
511.97	7489.71
512.32	8552.32
512.66	5570.48
513.00	6817.98
513.35	8957.23
513.69	5596.22
514.04	8051.44
514.38	8386.14
514.72	7318.86
515.07	5617.29
515.41	5504.94
515.76	5694.52
516.10	6857.77
516.44	8533.59
516.79	5872.40
517.13	5287.27
517.47	8910.42
517.82	7133.95
518.16	6502.01
518.50	6963.09
518.85	7269.70
519.19	9834.93
519.53	12767.62
519.88	8692.75
520.22	6310.08
520.56	6806.28
520.91	5205.35
521.25	5434.72
521.59	6572.22
521.93	7557.59
522.28	6312.42
522.62	7370.35
522.96	8758.28
523.31	6335.83
523.65	7777.60
523.99	8133.36
524.33	10759.44
524.68	8013.99
525.02	5177.26
525.36	7499.08
525.70	5046.20
526.05	5750.70
526.39	5427.70
526.73	8025.70
527.07	7014.59
527.41	10216.44
527.76	5661.76
528.10	6221.14
528.44	7665.25
528.78	6485.62
529.12	8231.66
529.47	6356.90
529.81	8561.68
530.15	8987.66
530.49	7803.35
530.83	4809.80
531.18	5352.81
531.52	6366.26
531.86	5090.67
532.20	6885.86
532.54	9320.01
532.88	4793.42
533.22	6415.41
533.57	5870.06
533.91	8861.27
534.25	5355.15
534.59	10375.59
534.93	8142.72
535.27	5624.31
535.61	6399.02
535.95	10623.69
536.30	5235.78
536.64	6633.08
536.98	4582.77
537.32	6169.65
537.66	4840.23
538.00	7768.24
538.34	7995.27
538.68	7691.00
539.02	11232.23
539.36	5881.77
539.70	5233.44
540.04	6597.97
540.39	18878.76
540.73	5678.14
541.07	6775.85
541.41	7243.96
541.75	7358.64
542.09	9652.37
542.43	7461.63
542.77	6754.79
543.11	7176.08
543.45	6677.55
543.79	8994.68
544.13	6284.34
544.47	6272.64
544.81	5626.65
545.15	7955.48
545.49	6497.33
545.83	5357.49
546.17	6260.93
546.51	4674.05
546.85	5898.15
547.19	10501.98
547.53	5282.59
547.87	8084.21
548.21	11250.96
548.54	6892.88
548.88	5916.87
549.22	5792.83
549.56	5163.22
549.90	5799.85
550.24	6579.25
550.58	5483.88
550.92	9362.14
551.26	6141.57
551.60	10471.56
551.94	6235.19
552.28	6146.25
552.61	7992.93
552.95	6293.70
553.29	5898.15
553.63	6995.86
553.97	10607.31
554.31	8903.40
554.65	10104.09
554.99	9841.95
555.32	6167.31
555.66	7754.19
556.00	4702.14
556.34	6223.48
556.68	7108.21
557.02	8711.47
557.36	7047.35
557.69	6621.38
558.03	5973.05
558.37	11878.22
558.71	14150.88
559.05	9886.42
559.38	10871.79
559.72	5605.58
560.06	8510.19
560.40	7920.37
560.74	9350.44
561.07	7515.46
561.41	8547.64
561.75	7632.49
562.09	5984.75
562.42	8716.16
562.76	7906.33
563.10	6864.79
563.44	23248.54
563.77	7389.07
564.11	7651.21
564.45	9263.84
564.79	7810.37
565.12	6949.05
565.46	7225.23
565.80	7501.42
566.14	7344.60
566.47	8961.91
566.81	5633.67
567.15	7283.75
567.48	7595.04
567.82	7723.77
568.16	7360.98
568.49	5556.43
568.83	5282.59
569.17	6626.06
569.50	7496.74
569.84	10300.70
570.18	7569.29
570.51	10824.98
570.85	6750.10
571.19	6324.13
571.52	5769.42
571.86	6960.75
572.20	6293.70
572.53	10328.78
572.87	5860.70
573.21	5572.82
573.54	5359.83
573.88	7375.03
574.21	6832.02
574.55	6663.51
574.89	6237.53
575.22	8449.33
575.56	6038.58
575.89	5912.19
576.23	6216.46
576.57	7468.65
576.90	5804.53
577.24	7023.95
577.57	5392.59
577.91	7290.77
578.24	5111.73
578.58	6649.46
578.91	7819.73
579.25	5811.55
579.59	7054.37
579.92	6527.75
580.26	5184.29
580.59	7660.57
580.93	7344.60
581.26	6193.06
581.60	7515.46
581.93	7995.27
582.27	10726.68
582.60	5570.48
582.94	7363.33
583.27	5453.45
583.61	6373.28
583.94	7232.26
584.28	5062.58
584.61	6207.10
584.94	7878.24
585.28	7709.72
585.61	8332.31
585.95	8023.36
586.28	10820.30
586.62	12521.87
586.95	6839.05
587.29	11705.02
587.62	14775.80
587.95	5509.62
588.29	7344.60
588.62	8013.99
588.96	8919.78
589.29	6101.78
589.62	6141.57
589.96	6595.63
590.29	5970.71
590.63	4990.02
590.96	8252.73
591.29	8475.08
591.63	9334.06
591.96	5472.17
592.29	6331.15
592.63	5944.96
592.96	7379.71
593.30	11157.33
593.63	7499.08
593.96	5521.32
594.30	6036.24
594.63	7552.91
594.96	11173.72
595.30	6817.98
595.63	6164.97
595.96	5823.25
596.29	7676.96
596.63	6188.38
596.96	8390.82
597.29	7854.84
597.63	5001.72
597.96	9795.14
598.29	9130.43
598.63	9013.40
598.96	5703.89
599.29	6003.47
599.62	5966.03
599.96	5966.03
600.29	6604.99
600.62	5558.77
600.95	6143.91
601.29	6513.71
601.62	7426.52
601.95	6576.91
602.28	5926.24
602.61	21886.35
602.95	6937.35
603.28	11363.30
603.61	5823.25
603.94	9088.30
604.27	5701.54
604.61	8147.40
604.94	7658.23
605.27	7220.55
605.60	5430.04
605.93	5914.53
606.27	8709.13
606.60	5572.82
606.93	5212.37
607.26	10731.36
607.59	6773.51
607.92	9537.68
608.26	5881.77
608.59	5851.34
608.92	6466.90
609.25	5453.45
609.58	7419.50
609.91	8002.29
610.24	13226.37
610.57	7812.71
610.90	8992.34
611.24	5088.32
611.57	5210.03
611.90	8622.53
612.23	6520.73
612.56	8669.34
612.89	8173.15
613.22	8402.52
613.55	5104.71
613.88	9100.00
614.21	5685.16
614.54	7604.40
614.87	5743.67
615.20	4636.60
615.53	9504.92
615.87	6045.60
616.20	6911.60
616.53	9760.03
616.86	6691.59
617.19	7735.47
617.52	6104.12
617.85	6246.89
618.18	5813.89
618.51	6375.62
618.84	8175.49
619.17	6654.14
619.50	10366.23
619.83	10033.88
620.16	8184.85
620.49	6040.92
620.82	13350.42
621.14	10216.44
621.47	7166.72
621.80	9355.12
622.13	7103.53
622.46	14036.19
622.79	8372.10
623.12	5383.23
623.45	8849.57
623.78	8177.83
624.11	5591.54
624.44	7389.07
624.77	5371.53
625.10	5708.57
625.43	5486.22
625.75	7042.67
626.08	5834.96
626.41	5818.57
626.74	6731.38
627.07	6139.23
627.40	11541.18
627.73	6256.25
628.06	5640.69
628.38	4599.15
628.71	8439.97
629.04	9511.94
629.37	8358.05
629.70	7232.26
630.03	5713.25
630.36	9291.93
630.68	8512.53
631.01	5987.09
631.34	10476.24
631.67	6069.01
632.00	4840.23
632.32	8470.40
632.65	9699.18
632.98	7393.75
633.31	6803.94
633.64	8760.63
633.96	5598.56
634.29	10501.98
634.62	7030.97
634.95	7461.63
635.27	7208.85
635.60	8180.17
635.93	7644.19
636.26	7496.74
636.58	6232.85
636.91	6143.91
637.24	5767.08
637.57	6956.07
637.89	8037.40
638.22	6146.25
638.55	6747.76
638.87	7370.35
639.20	8470.40
639.53	7597.38
639.86	5973.05
640.18	5509.62
640.51	7145.66
640.84	7625.47
641.16	5556.43
641.49	7314.17
641.82	5556.43
642.14	5582.18
642.47	13355.10
642.80	6623.72
643.12	8854.25
643.45	6745.42
643.78	7108.21
644.10	6005.81
644.43	6904.58
644.75	9647.69
645.08	5060.24
645.41	7880.58
645.73	5650.05
646.06	14675.16
646.39	8613.17
646.71	5963.68
647.04	5748.36
647.36	4915.12
647.69	8374.44
648.01	6925.65
648.34	5834.96
648.67	9411.29
648.99	9823.23
649.32	5799.85
649.64	5359.83
649.97	4645.96
650.29	5212.37
650.62	13848.95
650.94	6970.12
651.27	10448.15
651.59	6733.72
651.92	5734.31
652.25	7557.59
652.57	5626.65
652.90	5619.63
653.22	7295.45
653.55	7372.69
653.87	4950.23
654.20	7019.27
654.52	10712.63
654.84	6626.06
655.17	7672.28
655.49	10729.02
655.82	6342.85
656.14	7356.30
656.47	8393.16
656.79	11295.43
657.12	6415.41
657.44	6272.64
657.77	8571.04
658.09	7335.24
658.41	6567.54
658.74	8044.42
659.06	5310.68
659.39	6544.14
659.71	6066.67
660.03	6848.41
660.36	6396.68
660.68	9444.06
661.01	12552.29
661.33	10005.79
661.65	6071.35
661.98	13296.58
662.30	10045.58
662.63	6918.62
662.95	6403.71
663.27	6019.86
663.60	5437.06
663.92	6640.10
664.24	6504.35
664.57	5474.51
664.89	6087.73
665.21	6249.23
665.54	9022.77
665.86	6970.12
666.18	7119.91
666.51	9977.70
666.83	6263.27
667.15	14450.47
667.47	9371.50
667.80	7953.14
668.12	5926.24
668.44	7056.72
668.77	8248.05
669.09	9968.34
669.41	8599.13
669.73	5184.29
670.06	6834.36
670.38	6555.84
670.70	5210.03
671.02	7761.22
671.35	6033.90
671.67	10141.54
671.99	6546.48
672.31	9774.08
672.63	7435.88
672.96	10490.28
673.28	6171.99
673.60	7098.84
673.92	7047.35
674.24	5853.68
674.57	6005.81
674.89	9397.25
675.21	6607.33
675.53	8879.99
675.85	9500.23
676.17	9778.76
676.50	5748.36
676.82	9600.88
677.14	7232.26
677.46	13832.57
677.78	5224.08
678.10	9130.43
678.42	6782.87
678.75	6127.52
679.07	5533.03
679.39	6916.28
679.71	6321.79
680.03	6193.06
680.35	6169.65
680.67	6237.53
680.99	5916.87
681.31	5207.69
681.63	7765.90
681.96	9823.23
682.28	6101.78
682.60	5647.71
682.92	8100.59
683.24	5130.45
683.56	8180.17
683.88	5898.15
684.20	6771.17
684.52	6279.66
684.84	6157.95
685.16	6296.04
685.48	8634.24
685.80	7459.29
686.12	8229.32
686.44	11272.02
686.76	6717.34
687.08	5146.84
687.40	5687.50
687.72	8868.29
688.04	6513.71
688.36	13874.70
688.68	10555.82
689.00	7658.23
689.32	6532.44
689.64	6193.06
689.96	6771.17
690.28	9329.38
690.60	9865.36
690.92	5963.68
691.24	8191.88
691.56	6509.03
691.88	6717.34
692.19	5668.78
692.51	8994.68
692.83	7623.12
693.15	8610.83
693.47	7911.01
693.79	7096.50
694.11	9114.05
694.43	7655.89
694.75	6745.42
695.06	7042.67
695.38	9790.46
695.70	7007.56
696.02	6932.67
696.34	6427.11
696.66	6228.17
696.98	5111.73
697.29	7162.04
697.61	10869.45
697.93	9511.94
698.25	12908.05
698.57	7712.07
698.89	5277.91
699.20	6532.44
699.52	10642.42
699.84	5013.43
700.16	6684.57
700.48	9984.73
700.79	5757.72
701.11	11552.88
701.43	8917.44
701.75	5970.71
702.07	6492.65
702.38	11339.90
702.70	5844.32
703.02	5884.11
703.34	8500.83
703.65	7138.63
703.97	6532.44
704.29	4903.42
704.61	5607.92
704.92	8765.31
705.24	6361.58
705.56	9114.05
705.87	9572.79
706.19	6939.69
706.51	6668.19
706.82	9511.94
707.14	6024.54
707.46	5102.37
707.78	5774.10
708.09	8016.33
708.41	9214.69
708.73	7335.24
709.04	9781.10
709.36	6324.13
709.68	6981.82
709.99	12697.41
710.31	9895.78
710.62	7363.33
710.94	6384.98
711.26	7737.81
711.57	6438.81
711.89	5558.77
712.21	14558.13
712.52	7066.08
712.84	10349.85
713.15	7410.14
713.47	8982.98
713.79	5558.77
714.10	6099.44
714.42	6497.33
714.73	10256.23
715.05	5425.36
715.36	5523.66
715.68	5860.70
715.99	6429.45
716.31	9394.91
716.63	8145.06
716.94	9153.84
717.26	19058.98
717.57	8978.30
717.89	11103.50
718.20	5998.79
718.52	9071.92
718.83	6792.23
719.15	14134.50
719.46	13736.60
719.78	7667.60
720.09	6738.40
720.41	5916.87
720.72	5495.58
721.04	5694.52
721.35	6729.04
721.67	6628.40
721.98	6377.96
722.29	6143.91
722.61	6017.52
722.92	4980.66
723.24	6616.69
723.55	7173.74
723.87	7360.98
724.18	8725.52
724.50	5591.54
724.81	6792.23
725.12	6846.07
725.44	7866.54
725.75	7262.68
726.07	10169.63
726.38	8163.79
726.69	6466.90
727.01	8400.18
727.32	8809.78
727.63	6237.53
727.95	10445.81
728.26	6399.02
728.58	8568.70
728.89	6162.63
729.20	6897.56
729.52	5884.11
729.83	13050.83
730.14	8236.35
730.46	6878.83
730.77	9540.02
731.08	8486.78
731.39	6649.46
731.71	7119.91
732.02	8791.05
732.33	6930.33
732.65	6459.88
732.96	10553.48
733.27	8987.66
733.59	13671.07
733.90	9364.48
734.21	5460.47
734.52	6551.16
734.84	16269.06
735.15	6494.99
735.46	6677.55
735.77	7206.51
736.09	6899.90
736.40	10640.08
736.71	8828.50
737.02	5432.38
737.33	6469.24
737.65	6490.31
737.96	7162.04
738.27	7478.01
738.58	12936.14
738.89	8489.12
739.21	6228.17
739.52	5090.67
739.83	8472.74
740.14	6066.67
740.45	7171.40
740.76	6256.25
741.08	5561.11
741.39	6869.47
741.70	6382.64
742.01	7478.01
742.32	9771.74
742.63	7351.62
742.94	5912.19
743.26	8421.25
743.57	7953.14
743.88	9081.28
744.19	7712.07
744.50	6703.29
744.81	12180.15
745.12	6876.49
745.43	6953.73
745.74	14881.13
746.05	11213.51
746.36	5123.43
746.67	11782.26
746.99	6544.14
747.30	8262.09
747.61	6291.36
747.92	7595.04
748.23	9731.95
748.54	6616.69
748.85	6661.16
749.16	7239.28
749.47	5792.83
749.78	6207.10
750.09	6179.01
750.40	7878.24
750.71	7421.84
751.02	8210.60
751.33	6813.30
751.64	7997.61
751.95	7087.14
752.26	8271.45
752.57	8507.85
752.88	6637.76
753.19	7075.44
753.50	10197.71
753.81	6717.34
754.11	7185.44
754.42	16269.06
754.73	7742.49
755.04	7754.19
755.35	7569.29
755.66	13214.66
755.97	5799.85
756.28	5778.78
756.59	8461.04
756.90	16140.33
757.21	7864.20
757.52	10855.40
757.82	7960.16
758.13	6282.00
758.44	9621.94
758.75	8306.56
759.06	6310.08
759.37	5867.72
759.68	7716.75
759.98	6272.64
760.29	8489.12
760.60	7702.70
760.91	5280.25
761.22	6841.39
761.53	7365.67
761.83	6024.54
762.14	7302.47
762.45	6176.67
762.76	5509.62
763.07	7906.33
763.37	15503.71
763.68	10942.00
763.99	12666.98
764.30	11375.00
764.60	6282.00
764.91	9832.59
765.22	7302.47
765.53	12978.27
765.84	7810.37
766.14	6808.62
766.45	5376.21
766.76	10684.55
767.06	11433.52
767.37	6719.68
767.68	7145.66
767.99	6780.53
768.29	6274.98
768.60	7094.16
768.91	9891.10
769.21	12762.94
769.52	10824.98
769.83	6981.82
770.13	7250.98
770.44	6787.55
770.75	8676.37
771.05	7248.64
771.36	8608.49
771.67	7386.73
771.97	6733.72
772.28	6984.16
772.59	7548.23
772.89	9202.99
773.20	6228.17
773.51	6452.86
773.81	11470.97
774.12	5858.36
774.42	7211.19
774.73	5797.51
775.04	6157.95
775.34	20725.44
775.65	8102.93
775.95	12182.49
776.26	7983.57
776.56	6497.33
776.87	8299.54
777.18	65535.00
777.48	17172.51
777.79	7559.93
778.09	10548.79
778.40	6670.53
778.70	6640.10
779.01	10520.71
779.31	7377.37
779.62	6544.14
779.92	8762.97
780.23	8409.54
780.53	5542.39
780.84	6953.73
781.14	6368.60
781.45	6321.79
781.75	9130.43
782.06	6167.31
782.36	7662.91
782.67	5923.90
782.97	6218.80
783.28	12898.69
783.58	6633.08
783.89	6473.92
784.19	8276.13
784.49	12285.47
784.80	7054.37
785.10	12662.30
785.41	5987.09
785.71	8446.99
786.02	8030.38
786.32	13603.19
786.62	8908.08
786.93	11496.71
787.23	6490.31
787.54	6736.06
787.84	12219.94
788.14	8322.94
788.45	5212.37
788.75	10230.48
789.05	5809.21
789.36	6803.94
789.66	13151.47
789.96	8819.14
790.27	7218.21
790.57	7700.36
790.87	6052.63
791.18	6193.06
791.48	6003.47
791.78	8049.10
792.09	8580.40
792.39	6211.78
792.69	9221.71
793.00	8189.53
793.30	8636.58
793.60	5762.40
793.90	5327.06
794.21	8372.10
794.51	16177.78
794.81	10626.03
795.11	7227.57
795.42	6373.28
795.72	10904.56
796.02	9111.71
796.32	8175.49
796.63	8170.81
796.93	9713.22
797.23	8800.41
797.53	7758.88
797.84	10436.45
798.14	6118.16
798.44	7995.27
798.74	8241.03
799.04	7925.05
799.34	5790.49
799.65	15194.76
799.95	7576.31
800.25	6897.56
800.55	6567.54
800.85	7878.24
801.15	6307.74
801.46	7126.93
801.76	17216.98
802.06	6707.98
802.36	9011.06
802.66	6506.69
802.96	8985.32
803.26	10450.49
803.56	12643.57
803.87	15606.69
804.17	6967.77
804.47	9221.71
804.77	10221.12
805.07	10368.57
805.37	9116.39
805.67	8802.75
805.97	6841.39
806.27	7162.04
806.57	6520.73
806.87	11328.19
807.17	7833.77
807.47	10939.66
807.77	10506.66
808.07	6698.61
808.37	11157.33
808.67	7658.23
808.98	14824.95
809.28	6658.82
809.58	15400.72
809.88	10022.17
810.18	13965.98
810.47	6951.39
810.77	7023.95
811.07	9078.94
811.37	8168.47
811.67	6015.18
811.97	5341.10
812.27	5942.62
812.57	5289.61
812.87	6445.84
813.17	6249.23
813.47	6061.99
813.77	6736.06
814.07	6312.42
814.37	9671.09
814.67	6132.20
814.97	6984.16
815.27	6104.12
815.56	8493.80
815.86	10792.21
816.16	7782.28
816.46	5806.87
816.76	6317.11
817.06	10015.15
817.36	11941.41
817.66	7286.09
817.95	6040.92
818.25	8056.12
818.55	9521.30
818.85	9090.64
819.15	6569.88
819.45	12809.75
819.75	7143.32
820.04	7272.04
820.34	15000.49
820.64	9619.60
820.94	12074.82
821.24	6935.01
821.53	6881.18
821.83	6537.12
822.13	5785.80
822.43	6736.06
822.72	5533.03
823.02	6228.17
823.32	5966.03
823.62	7768.24
823.91	14403.66
824.21	5736.65
824.51	8198.90
824.81	6724.36
825.10	5626.65
825.40	9025.11
825.70	7536.52
826.00	12133.34
826.29	6555.84
826.59	7903.99
826.89	6724.36
827.18	6139.23
827.48	6349.87
827.78	5830.27
828.07	7459.29
828.37	8901.06
828.67	7962.50
828.96	7506.10
829.26	6141.57
829.56	10410.70
829.85	6370.94
830.15	8074.85
830.45	5584.52
830.74	11840.77
831.04	9158.52
831.34	9788.12
831.63	13027.42
831.93	9460.45
832.22	9006.38
832.52	7126.93
832.82	5767.08
833.11	5804.53
833.41	6094.76
833.70	6523.07
834.00	9991.75
834.29	7375.03
834.59	5657.07
834.89	8142.72
835.18	6759.47
835.48	12332.28
835.77	8777.01
836.07	8751.26
836.36	8641.26
836.66	9874.72
836.95	7122.25
837.25	6207.10
837.54	7138.63
837.84	6490.31
838.13	7733.13
838.43	6108.80
838.72	13142.11
839.02	10377.94
839.31	6092.41
839.61	10338.15
839.90	5533.03
840.20	7382.05
840.49	5720.27
840.78	7906.33
841.08	8695.09
841.37	6654.14
841.67	5724.95
841.96	8465.72
842.26	7770.58
842.55	5584.52
842.84	6019.86
843.14	9530.66
843.43	5582.18
843.73	7145.66
844.02	5682.82
844.31	6878.83
844.61	6312.42
844.90	8053.78
845.20	7431.20
845.49	5240.46
845.78	6619.04
846.08	5942.62
846.37	4847.25
846.66	8163.79
846.96	8772.33
847.25	8077.19
847.54	5551.75
847.84	8552.32
848.13	6892.88
848.42	9294.27
848.72	6277.32
849.01	8559.34
849.30	6207.10
849.59	6143.91
849.89	6174.33
850.18	11702.68
850.47	5928.58
850.76	15435.83
851.06	13811.50
851.35	8098.25
851.64	9242.78
851.93	7478.01
852.23	10401.34
852.52	6696.27
852.81	6424.77
853.10	6115.82
853.40	5303.65
853.69	5376.21
853.98	7098.84
854.27	9518.96
854.56	6485.62
854.86	8439.97
855.15	7473.33
855.44	7744.83
855.73	5303.65
856.02	6314.77
856.31	9385.55
856.61	7978.89
856.90	6593.29
857.19	5692.18
857.48	5448.77
857.77	5795.17
858.06	4884.70
858.35	5465.15
858.65	10824.98
858.94	8793.39
859.23	6803.94
859.52	8800.41
859.81	11248.61
860.10	6087.73
860.39	8793.39
860.68	7377.37
860.97	5820.91
861.26	6221.14
861.55	11541.18
861.85	7309.49
862.14	8980.64
862.43	9273.20
862.72	7419.50
863.01	5462.81
863.30	6539.46
863.59	7112.89
863.88	6881.18
864.17	6993.52
864.46	5949.64
864.75	13654.69
865.04	7311.83
865.33	5643.03
865.62	10281.97
865.91	6169.65
866.20	8383.80
866.49	6466.90
866.78	6684.57
867.07	6335.83
867.36	9612.58
867.65	9460.45
867.93	8571.04
868.22	7248.64
868.51	6745.42
868.80	7321.20
869.09	6787.55
869.38	5949.64
869.67	11985.88
869.96	11985.88
870.25	11985.88
