178.76	1928.60
179.14	1928.60
179.52	1928.60
179.90	1858.39
180.28	9699.18
180.66	8755.94
181.04	8613.17
181.42	6848.41
181.80	5757.72
182.18	9832.59
182.55	5535.37
182.93	6705.63
183.31	6520.73
183.69	7150.34
184.07	7431.20
184.45	6485.62
184.83	6747.76
185.21	6193.06
185.59	6347.53
185.97	14501.96
186.35	10757.10
186.72	6558.18
187.10	6726.70
187.48	10572.20
187.86	8372.10
188.24	6260.93
188.62	5968.37
189.00	10022.17
189.38	7487.37
189.75	7346.94
190.13	7424.18
190.51	6038.58
190.89	13467.44
191.27	18677.48
191.65	6586.27
192.03	7094.16
192.40	9284.91
192.78	7030.97
193.16	8063.15
193.54	11047.33
193.92	9900.47
194.30	6342.85
194.67	8751.26
195.05	7805.69
195.43	6897.56
195.81	6431.79
196.19	9694.50
196.56	7246.30
196.94	6829.68
197.32	10546.45
197.70	6134.54
198.08	7808.03
198.45	6373.28
198.83	7157.36
199.21	6506.69
199.59	11199.46
199.97	7646.53
200.34	5570.48
200.72	6221.14
201.10	12580.38
201.48	9116.39
201.85	6033.90
202.23	6541.80
202.61	6193.06
202.99	13973.00
203.36	6216.46
203.74	8201.24
204.12	6970.12
204.49	6122.84
204.87	8159.11
205.25	6635.42
205.63	5591.54
206.00	6010.50
206.38	7272.04
206.76	8772.33
207.14	6127.52
207.51	5591.54
207.89	9593.86
208.27	6029.22
208.64	5160.88
209.02	6380.30
209.40	6621.38
209.77	5425.36
210.15	13942.57
210.53	5657.07
210.90	10139.20
211.28	5788.14
211.66	10986.47
212.03	6186.04
212.41	5628.99
212.79	6565.20
213.16	5502.60
213.54	7105.87
213.92	7452.27
214.29	5371.53
214.67	6218.80
215.05	6328.81
215.42	8489.12
215.80	6466.90
216.17	6464.56
216.55	7290.77
216.93	5657.07
217.30	8388.48
217.68	6085.39
218.05	6333.49
218.43	6118.16
218.81	6452.86
219.18	10061.96
219.56	6490.31
219.93	6324.13
220.31	6202.42
220.69	5610.26
221.06	5837.30
221.44	7192.47
221.81	6057.31
222.19	5607.92
222.56	5947.30
222.94	6469.24
223.32	7164.38
223.69	6012.84
224.07	8198.90
224.44	9303.63
224.82	7061.40
225.19	7983.57
225.57	7309.49
225.94	6464.56
226.32	7016.93
226.69	11176.06
227.07	11197.12
227.44	6731.38
227.82	7625.47
228.19	6885.86
228.57	8407.20
228.94	10619.01
229.32	9130.43
229.69	8486.78
230.07	6796.92
230.44	6186.04
230.82	10178.99
231.19	9214.69
231.57	5813.89
231.94	5956.66
232.32	14104.07
232.69	7262.68
233.07	7585.68
233.44	7070.76
233.82	7145.66
234.19	7513.12
234.57	9699.18
234.94	6715.00
235.31	6972.46
235.69	7412.48
236.06	7761.22
236.44	8676.37
236.81	6340.51
237.19	7943.78
237.56	11454.58
237.93	6729.04
238.31	7967.18
238.68	7300.13
239.06	7850.16
239.43	8847.22
239.81	8196.56
240.18	6509.03
240.55	6642.44
240.93	12343.99
241.30	8035.06
241.67	7569.29
242.05	8676.37
242.42	9657.05
242.80	6291.36
243.17	8081.87
243.54	8276.13
243.92	9413.63
244.29	7611.42
244.66	8081.87
245.04	10155.58
245.41	15342.21
245.78	6469.24
246.16	7328.22
246.53	8985.32
246.90	7517.80
247.28	12807.41
247.65	7351.62
248.02	7489.71
248.40	9975.36
248.77	7927.39
249.14	8643.60
249.52	7332.90
249.89	8681.05
250.26	6937.35
250.64	7634.83
251.01	14864.74
251.38	6242.21
251.75	7665.25
252.13	7094.16
252.50	9202.99
252.87	13153.81
253.25	6459.88
253.62	8280.82
253.99	6478.60
254.36	9373.85
254.74	7014.59
255.11	6612.01
255.48	6193.06
255.85	13657.03
256.23	6284.34
256.60	5886.45
256.97	7281.41
257.34	8397.84
257.71	7793.98
258.09	7318.86
258.46	7976.55
258.83	11211.17
259.20	9781.10
259.58	7559.93
259.95	7779.94
260.32	9495.55
260.69	6651.80
261.06	10836.68
261.44	6876.49
261.81	12964.23
262.18	8297.20
262.55	6899.90
262.92	7906.33
263.29	7040.33
263.67	6427.11
264.04	7122.25
264.41	7482.69
264.78	7115.23
265.15	10572.20
265.52	12386.12
265.90	8051.44
266.27	7258.00
266.64	6565.20
267.01	6518.39
267.38	8671.68
267.75	7150.34
268.12	6335.83
268.50	7946.12
268.87	7463.97
269.24	6991.18
269.61	8542.96
269.98	9202.99
270.35	9085.96
270.72	7412.48
271.09	8135.70
271.46	7929.74
271.83	9163.20
272.21	10382.62
272.58	7620.78
272.95	8039.74
273.32	8826.16
273.69	8931.48
274.06	7407.80
274.43	8063.15
274.80	9128.09
275.17	9558.75
275.54	17144.42
275.91	9341.08
276.28	9200.65
276.65	9593.86
277.02	12730.17
277.39	8531.25
277.76	8678.71
278.13	10523.05
278.50	10897.53
278.87	12685.70
279.24	11489.69
279.61	10998.18
279.98	13568.09
280.35	9242.78
280.72	10272.61
281.09	9973.02
281.46	10190.69
281.83	9139.79
282.20	10895.19
282.57	9650.03
282.94	10937.32
283.31	9830.25
283.68	11030.94
284.05	9020.42
284.42	8879.99
284.79	10979.45
285.16	11630.12
285.53	10455.17
285.90	10527.73
286.27	17287.20
286.64	8968.93
287.01	9804.50
287.38	11777.58
287.75	57441.43
288.12	11758.85
288.49	18867.06
288.86	9387.89
289.23	9748.33
289.59	9816.21
289.96	9561.09
290.33	10071.33
290.70	10111.11
291.07	11882.90
291.44	11267.34
291.81	9593.86
292.18	10817.96
292.55	10061.96
292.91	15417.11
293.28	11772.89
293.65	13884.06
294.02	11281.38
294.39	9235.75
294.76	10434.11
295.13	10771.15
295.50	10530.07
295.86	10352.19
296.23	9848.97
296.60	9259.16
296.97	9858.34
297.34	10401.34
297.71	11894.60
298.07	10548.79
298.44	8760.63
298.81	10970.09
299.18	10712.63
299.55	13518.93
299.91	10237.50
300.28	10902.22
300.65	8622.53
301.02	10562.84
301.39	11124.57
301.75	15714.36
302.12	11220.53
302.49	9767.06
302.86	13198.28
303.23	10099.41
303.59	8894.04
303.96	18958.34
304.33	12233.98
304.70	16922.07
305.06	9413.63
305.43	12538.25
305.80	10829.66
306.17	11473.31
306.53	9217.03
306.90	12105.25
307.27	9827.91
307.64	12952.52
308.00	9184.26
308.37	9291.93
308.74	14139.18
309.11	11211.17
309.47	9085.96
309.84	8208.26
310.21	9657.05
310.57	9870.04
310.94	9062.55
311.31	9699.18
311.67	9989.41
312.04	7934.42
312.41	11892.26
312.77	10164.95
313.14	8676.37
313.51	9238.09
313.87	8809.78
314.24	8606.15
314.61	8589.77
314.97	8711.47
315.34	9249.80
315.71	7726.11
316.07	10871.79
316.44	8079.53
316.81	10490.28
317.17	8273.79
317.54	16114.59
317.91	8226.98
318.27	7482.69
318.64	8767.65
319.00	10424.75
319.37	7375.03
319.74	10766.46
320.10	10988.82
320.47	8425.93
320.83	12297.17
321.20	8716.16
321.57	7796.32
321.93	8308.90
322.30	9041.49
322.66	7845.48
323.03	9949.62
323.40	9614.92
323.76	8252.73
324.13	8112.30
324.49	7407.80
324.86	19168.99
325.22	8929.14
325.59	8613.17
325.95	9352.78
326.32	10698.59
326.68	10415.38
327.05	8594.45
327.42	7683.98
327.78	7889.95
328.15	11103.50
328.51	7747.17
328.88	8816.80
329.24	12035.03
329.61	8608.49
329.97	9907.49
330.34	7868.88
330.70	8786.37
331.07	11459.26
331.43	9778.76
331.80	13591.49
332.16	11000.52
332.52	7583.34
332.89	9252.14
333.25	7021.61
333.62	13135.09
333.98	8854.25
334.35	7763.56
334.71	8451.67
335.08	7080.12
335.44	12369.73
335.81	12554.63
336.17	10684.55
336.53	8313.58
336.90	7229.91
337.26	9369.16
337.63	14157.90
337.99	8751.26
338.36	7192.47
338.72	9579.81
339.08	8369.76
339.45	7052.03
339.81	10101.75
340.18	7801.01
340.54	10867.11
340.90	7412.48
341.27	7707.38
341.63	9195.96
341.99	6448.18
342.36	10766.46
342.72	6923.30
343.09	10970.09
343.45	7164.38
343.81	11201.80
344.18	6518.39
344.54	7967.18
344.90	8538.27
345.27	8189.53
345.63	7808.03
345.99	9425.34
346.36	8049.10
346.72	6864.79
347.08	6988.84
347.45	6555.84
347.81	10504.32
348.17	8229.32
348.54	6410.73
348.90	9525.98
349.26	9898.13
349.62	10820.30
349.99	6209.44
350.35	6047.94
350.71	8252.73
351.08	7857.18
351.44	6179.01
351.80	13268.50
352.16	11644.17
352.53	6927.99
352.89	8657.64
353.25	11157.33
353.61	7192.47
353.98	8936.17
354.34	10235.16
354.70	7021.61
355.06	6656.48
355.43	7889.95
355.79	7339.92
356.15	7206.51
356.51	6607.33
356.88	6766.49
357.24	7424.18
357.60	6387.32
357.96	5959.00
358.32	14941.98
358.69	6207.10
359.05	8400.18
359.41	7922.71
359.77	6895.22
360.13	6785.21
360.49	6621.38
360.86	9144.47
361.22	11283.72
361.58	8182.51
361.94	10663.48
362.30	6429.45
362.66	8631.90
363.03	5858.36
363.39	5820.91
363.75	6668.19
364.11	9966.00
364.47	6743.08
364.83	10565.18
365.19	7962.50
365.56	9078.94
365.92	6057.31
366.28	8896.38
366.64	9792.80
367.00	7026.29
367.36	6328.81
367.72	10174.31
368.08	10417.72
368.44	7295.45
368.80	8791.05
369.17	7094.16
369.53	7555.25
369.89	6679.89
370.25	6822.66
370.61	6789.89
370.97	10846.04
371.33	6986.50
371.69	12760.60
372.05	8800.41
372.41	6476.26
372.77	7260.34
373.13	7894.63
373.49	5877.09
373.85	8301.88
374.21	7812.71
374.57	6464.56
374.93	8751.26
375.29	9371.50
375.65	8009.31
376.01	7714.41
376.37	10186.01
376.73	8795.73
377.09	6509.03
377.45	9923.87
377.81	7506.10
378.17	6649.46
378.53	5991.77
378.89	8755.94
379.25	10782.85
379.61	13902.78
379.97	9762.37
380.33	6925.65
380.69	6832.02
381.05	6553.50
381.41	9336.40
381.77	7723.77
382.13	9188.94
382.49	14473.87
382.85	7829.09
383.21	9013.40
383.57	6106.46
383.93	10462.19
384.28	5937.94
384.64	7014.59
385.00	8107.62
385.36	7454.61
385.72	9137.45
386.08	6499.67
386.44	8924.46
386.80	9069.58
387.16	11915.67
387.52	9823.23
387.87	13394.89
388.23	8297.20
388.59	6689.25
388.95	6146.25
389.31	7337.58
389.67	7073.10
390.03	6729.04
390.38	6899.90
390.74	5795.17
391.10	9455.76
391.46	7901.65
391.82	6651.80
392.18	8554.66
392.54	5722.61
392.89	6485.62
393.25	8737.22
393.61	6413.07
393.97	6207.10
394.33	8362.73
394.68	7559.93
395.04	6242.21
395.40	7501.42
395.76	9430.02
396.12	8011.65
396.47	6314.77
396.83	7499.08
397.19	6242.21
397.55	6312.42
397.90	7695.68
398.26	7588.02
398.62	6392.00
398.98	5724.95
399.33	7379.71
399.69	22916.19
400.05	8486.78
400.41	6553.50
400.76	8809.78
401.12	10136.86
401.48	8266.77
401.84	6492.65
402.19	6855.43
402.55	7889.95
402.91	7559.93
403.26	5881.77
403.62	8674.03
403.98	7435.88
404.34	5369.19
404.69	7283.75
405.05	9177.24
405.41	13355.10
405.76	6424.77
406.12	6347.53
406.48	7159.70
406.83	6551.16
407.19	8524.23
407.55	8175.49
407.90	13511.91
408.26	8603.81
408.62	9291.93
408.97	7293.11
409.33	6059.65
409.68	6326.47
410.04	8049.10
410.40	6342.85
410.75	8362.73
411.11	6209.44
411.47	7836.11
411.82	6951.39
412.18	7410.14
412.53	7066.08
412.89	6715.00
413.25	7332.90
413.60	7358.64
413.96	5757.72
414.31	6684.57
414.67	7478.01
415.03	5774.10
415.38	6036.24
415.74	6822.66
416.09	6981.82
416.45	8542.96
416.80	6244.55
417.16	8547.64
417.51	7115.23
417.87	6623.72
418.23	7737.81
418.58	8142.72
418.94	5371.53
419.29	6476.26
419.65	7962.50
420.00	8917.44
420.36	7728.45
420.71	8187.19
421.07	6033.90
421.42	7335.24
421.78	9034.47
422.13	6965.43
422.49	6951.39
422.84	7606.74
423.20	5753.04
423.55	5919.21
423.91	5844.32
424.26	13069.55
424.61	8327.63
424.97	11033.29
425.32	6335.83
425.68	6654.14
426.03	7571.63
426.39	10246.87
426.74	9549.39
427.10	9165.54
427.45	6300.72
427.80	7639.51
428.16	6956.07
428.51	6958.41
428.87	7501.42
429.22	9195.96
429.58	10146.22
429.93	9659.39
430.28	6181.35
430.64	6335.83
430.99	5474.51
431.35	7625.47
431.70	6614.35
432.05	6775.85
432.41	7925.05
432.76	7531.84
433.11	7906.33
433.47	7630.15
433.82	10092.39
434.17	7976.55
434.53	8786.37
434.88	13046.15
435.24	7618.44
435.59	7314.17
435.94	5731.97
436.30	8013.99
436.65	6572.22
437.00	9231.07
437.35	14939.64
437.71	6710.32
438.06	6630.74
438.41	6303.06
438.77	8025.70
439.12	5481.53
439.47	5121.09
439.83	7679.30
440.18	5413.66
440.53	6537.12
440.88	11459.26
441.24	8255.07
441.59	5633.67
441.94	6504.35
442.30	7983.57
442.65	11775.24
443.00	6876.49
443.35	9909.83
443.71	6567.54
444.06	9029.79
444.41	7658.23
444.76	10719.65
445.11	6988.84
445.47	9628.96
445.82	8669.34
446.17	5914.53
446.52	9884.08
446.88	6923.30
447.23	5270.89
447.58	7698.02
447.93	5987.09
448.28	26822.54
448.63	10391.98
448.99	6710.32
449.34	7946.12
449.69	8458.70
450.04	6190.72
450.39	6171.99
450.74	6871.81
451.10	6768.83
451.45	7265.02
451.80	7426.52
452.15	9247.46
452.50	7843.14
452.85	9514.28
453.21	8526.57
453.56	7548.23
453.91	6684.57
454.26	6937.35
454.61	5502.60
454.96	7812.71
455.31	6541.80
455.66	6087.73
456.01	7688.66
456.36	6141.57
456.72	5907.51
457.07	7382.05
457.42	9528.32
457.77	8535.93
458.12	5736.65
458.47	7028.63
458.82	9146.81
459.17	6825.00
459.52	6937.35
459.87	32388.33
460.22	5902.83
460.57	6827.34
460.92	5937.94
461.27	7674.62
461.62	6422.43
461.97	5809.21
462.32	11166.70
462.67	9687.48
463.02	12381.43
463.38	12542.93
463.73	8477.42
464.08	12465.69
464.43	7190.13
464.78	5490.90
465.12	7803.35
465.47	7990.59
465.82	27168.94
466.17	6284.34
466.52	8037.40
466.87	6193.06
467.22	5809.21
467.57	5071.94
467.92	7421.84
468.27	10176.65
468.62	13439.36
468.97	6506.69
469.32	5355.15
469.67	14244.50
470.02	13053.17
470.37	5874.74
470.72	7033.31
471.07	5254.50
471.42	6310.08
471.76	6537.12
472.11	6333.49
472.46	7922.71
472.81	13727.24
473.16	6485.62
473.51	5746.02
473.86	5135.14
474.21	6359.24
474.56	6036.24
474.90	5930.92
475.25	9118.73
475.60	8135.70
475.95	5764.74
476.30	10307.72
476.65	9563.43
477.00	13530.64
477.34	10207.08
477.69	5401.96
478.04	8582.74
478.39	6820.32
478.74	5675.80
479.09	5071.94
479.43	19073.03
479.78	5163.22
480.13	11861.84
480.48	9355.12
480.83	6871.81
481.17	5193.65
481.52	7176.08
481.87	6260.93
482.22	10937.32
482.57	6321.79
482.91	8557.00
483.26	7335.24
483.61	6347.53
483.96	7052.03
484.30	65535.00
484.65	12524.21
485.00	5785.80
485.35	6420.09
485.69	5661.76
486.04	6249.23
486.39	7227.57
486.74	7042.67
487.08	5210.03
487.43	7644.19
487.78	4975.98
488.12	7688.66
488.47	5886.45
488.82	9675.77
489.17	5603.24
489.51	5032.15
489.86	7356.30
490.21	5041.51
490.55	7213.53
490.90	5219.39
491.25	6122.84
491.59	5308.34
491.94	11431.18
492.29	6136.88
492.63	6675.21
492.98	4711.50
493.33	6780.53
493.67	6054.97
494.02	5284.93
494.37	5418.34
494.71	7801.01
495.06	5933.26
495.40	9544.70
495.75	5799.85
496.10	9577.47
496.44	7454.61
496.79	7803.35
497.13	5495.58
497.48	12657.62
497.83	9411.29
498.17	7829.09
498.52	5973.05
498.86	7964.84
499.21	6963.09
499.56	5605.58
499.90	6073.69
500.25	5104.71
500.59	6394.34
500.94	7344.60
501.28	7934.42
501.63	8748.92
501.97	6054.97
502.32	5465.15
502.67	7152.68
503.01	5083.64
503.36	5902.83
503.70	5837.30
504.05	7868.88
504.39	8475.08
504.74	6246.89
505.08	9755.35
505.43	4629.58
505.77	5233.44
506.12	6883.52
506.46	6186.04
506.81	5530.69
507.15	5481.53
507.49	5900.49
507.84	5437.06
508.18	7063.74
508.53	6834.36
508.87	6558.18
509.22	6073.69
509.56	65535.00
509.91	17937.87
510.25	6579.25
510.60	4741.93
510.94	9633.64
511.28	4856.61
511.63	8713.81
511.97	7279.07
512.32	8346.35
512.66	5465.15
513.00	6689.25
513.35	8772.33
513.69	5411.32
514.04	7620.78
514.38	8065.49
514.72	7194.81
515.07	5530.69
515.41	5413.66
515.76	5591.54
516.10	7143.32
516.44	8107.62
516.79	5701.54
517.13	5179.61
517.47	8386.14
517.82	6967.77
518.16	7599.72
518.50	6808.62
518.85	6986.50
519.19	9277.88
519.53	12131.00
519.88	8407.20
520.22	6162.63
520.56	6424.77
520.91	4931.51
521.25	5191.31
521.59	6410.73
521.93	7346.94
522.28	6092.41
522.62	6464.56
522.96	8486.78
523.31	6146.25
523.65	7391.41
523.99	7995.27
524.33	10354.53
524.68	7517.80
525.02	5135.14
525.36	7143.32
525.70	4987.68
526.05	5614.95
526.39	5338.76
526.73	7812.71
527.07	6757.13
527.41	9558.75
527.76	5504.94
528.10	6298.38
528.44	7213.53
528.78	6370.94
529.12	7843.14
529.47	6069.01
529.81	8257.41
530.15	8444.65
530.49	7545.89
530.83	4896.40
531.18	5207.69
531.52	6214.12
531.86	5090.67
532.20	6597.97
532.54	8835.52
532.88	4692.77
533.22	6118.16
533.57	5738.99
533.91	9755.35
534.25	5261.52
534.59	9954.30
534.93	8060.80
535.27	5474.51
535.61	6256.25
535.95	9968.34
536.30	7693.34
536.64	6452.86
536.98	4461.06
537.32	6195.40
537.66	4826.18
538.00	7508.44
538.34	7726.11
538.68	7583.34
539.02	10583.90
539.36	5837.30
539.70	5156.20
540.04	6967.77
540.39	18132.13
540.73	5579.84
541.07	6670.53
541.41	7021.61
541.75	6981.82
542.09	9081.28
542.43	7342.26
542.77	6492.65
543.11	7023.95
543.45	6717.34
543.79	8652.96
544.13	6274.98
544.47	6141.57
544.81	6724.36
545.15	7793.98
545.49	6392.00
545.83	5324.72
546.17	6120.50
546.51	4613.20
546.85	5762.40
547.19	10059.62
547.53	5153.86
547.87	8023.36
548.21	10808.59
548.54	6661.16
548.88	5715.59
549.22	5893.47
549.56	5156.20
549.90	5729.63
550.24	6675.21
550.58	5561.11
550.92	8945.53
551.26	6043.26
551.60	9841.95
551.94	5905.17
552.28	6143.91
552.61	7728.45
552.95	7550.57
553.29	5792.83
553.63	6693.93
553.97	10225.80
554.31	8557.00
554.65	9577.47
554.99	9455.76
555.32	6008.16
555.66	7763.56
556.00	4674.05
556.34	6401.37
556.68	6883.52
557.02	8472.74
557.36	6944.37
557.69	6466.90
558.03	5884.11
558.37	11419.47
558.71	13404.25
559.05	9577.47
559.38	10457.51
559.72	5556.43
560.06	8280.82
560.40	7808.03
560.74	9135.11
561.07	7524.82
561.41	8486.78
561.75	7410.14
562.09	9214.69
562.42	8585.08
562.76	7803.35
563.10	6927.99
563.44	21757.62
563.77	7304.81
564.11	7698.02
564.45	9156.18
564.79	7669.94
565.12	6944.37
565.46	7197.15
565.80	7435.88
566.14	7164.38
566.47	8741.90
566.81	5753.04
567.15	7059.06
567.48	7562.27
567.82	7482.69
568.16	6853.09
568.49	5673.46
568.83	5371.53
569.17	6731.38
569.50	7515.46
569.84	10286.65
570.18	7510.78
570.51	10382.62
570.85	6593.29
571.19	6399.02
571.52	5898.15
571.86	8821.48
572.20	6349.87
572.53	10324.10
572.87	5884.11
573.21	5563.45
573.54	5362.17
573.88	7744.83
574.21	7129.27
574.55	6684.57
574.89	6640.10
575.22	8524.23
575.56	6106.46
575.89	6061.99
576.23	6672.87
576.57	7641.85
576.90	5940.28
577.24	7229.91
577.57	5598.56
577.91	7438.22
578.24	5362.17
578.58	6726.70
578.91	8025.70
579.25	5984.75
579.59	6942.03
579.92	6511.37
580.26	5621.97
580.59	7613.76
580.93	7454.61
581.26	6361.58
581.60	7606.74
581.93	8168.47
582.27	10300.70
582.60	5628.99
582.94	7255.66
583.27	5547.07
583.61	6487.96
583.94	7276.73
584.28	5366.85
584.61	6457.54
584.94	7901.65
585.28	7801.01
585.61	8975.95
585.95	7964.84
586.28	10892.85
586.62	12327.60
586.95	6967.77
587.29	11183.08
587.62	9451.08
587.95	5547.07
588.29	7344.60
588.62	8081.87
588.96	8833.18
589.29	6370.94
589.62	6249.23
589.96	6567.54
590.29	6373.28
590.63	5462.81
590.96	8472.74
591.29	8762.97
591.63	9366.82
591.96	5743.67
592.29	6487.96
592.63	6162.63
592.96	7529.50
593.30	10930.30
593.63	7634.83
593.96	6003.47
594.30	6335.83
594.63	7595.04
594.96	11852.47
595.30	6885.86
595.63	6537.12
595.96	6211.78
596.29	7801.01
596.63	6387.32
596.96	8439.97
597.29	7866.54
597.63	5401.96
597.96	9626.62
598.29	9406.61
598.63	9048.51
598.96	6087.73
599.29	6420.09
599.62	9074.26
599.96	6211.78
600.29	6689.25
600.62	5933.26
600.95	6483.28
601.29	6939.69
601.62	7564.61
601.95	6829.68
602.28	6216.46
602.61	41745.80
602.95	7286.09
603.28	11269.68
603.61	6108.80
603.94	9177.24
604.27	5891.13
604.61	8259.75
604.94	7742.49
605.27	7363.33
605.60	5849.00
605.93	6326.47
606.27	9008.72
606.60	6050.28
606.93	5537.71
607.26	10518.37
607.59	7059.06
607.92	9228.73
608.26	6518.39
608.59	6174.33
608.92	6698.61
609.25	5750.70
609.58	7602.06
609.91	8203.58
610.24	12737.20
610.57	7906.33
610.90	9294.27
611.24	5348.12
611.57	5455.79
611.90	8608.49
612.23	7246.30
612.56	8645.94
612.89	8395.50
613.22	8430.61
613.55	5462.81
613.88	8798.07
614.21	5879.43
614.54	7728.45
614.87	5935.60
615.20	5130.45
615.53	9535.34
615.87	6270.30
616.20	7105.87
616.53	9823.23
616.86	6991.18
617.19	7934.42
617.52	6267.95
617.85	6345.19
618.18	5905.17
618.51	6623.72
618.84	8519.55
619.17	6796.92
619.50	10129.84
619.83	10064.30
620.16	8313.58
620.49	6289.02
620.82	13090.62
621.14	10010.47
621.47	7655.89
621.80	9495.55
622.13	7185.44
622.46	13511.91
622.79	8212.94
623.12	5734.31
623.45	8793.39
623.78	8365.07
624.11	5806.87
624.44	7599.72
624.77	5996.45
625.10	6050.28
625.43	5636.01
625.75	7117.57
626.08	6193.06
626.41	5799.85
626.74	9921.53
627.07	6574.56
627.40	11461.60
627.73	6473.92
628.06	5860.70
628.38	4961.94
628.71	8549.98
629.04	9448.74
629.37	9076.60
629.70	7309.49
630.03	5947.30
630.36	9252.14
630.68	8662.32
631.01	6305.40
631.34	10265.59
631.67	6223.48
632.00	5273.23
632.32	8549.98
632.65	9535.34
632.98	7475.67
633.31	7101.19
633.64	8919.78
633.96	5895.81
634.29	10209.42
634.62	7129.27
634.95	7602.06
635.27	7274.38
635.60	8416.57
635.93	7541.21
636.26	7714.41
636.58	6476.26
636.91	6279.66
637.24	6003.47
637.57	7101.19
637.89	7992.93
638.22	6324.13
638.55	7344.60
638.87	7431.20
639.20	8365.07
639.53	8037.40
639.86	6310.08
640.18	5790.49
640.51	7204.17
640.84	7564.61
641.16	5710.91
641.49	7875.90
641.82	5458.13
642.14	5809.21
642.47	12926.78
642.80	6738.40
643.12	9060.21
643.45	6855.43
643.78	7073.10
644.10	6150.93
644.43	6984.16
644.75	9727.27
645.08	5282.59
645.41	7812.71
645.73	5853.68
646.06	13970.66
646.39	8606.15
646.71	6218.80
647.04	5996.45
647.36	5179.61
647.69	8203.58
648.01	7108.21
648.34	6111.14
648.67	9282.56
648.99	9664.07
649.32	5951.98
649.64	5408.98
649.97	5069.60
650.29	5551.75
650.62	13245.09
650.94	6974.80
651.27	10452.83
651.59	6750.10
651.92	6111.14
652.25	9905.15
652.57	5905.17
652.90	5973.05
653.22	7379.71
653.55	7372.69
653.87	5114.07
654.20	7119.91
654.52	10356.87
654.84	6771.17
655.17	7822.07
655.49	10417.72
655.82	6230.51
656.14	7267.36
656.47	10244.52
656.79	10869.45
657.12	6296.04
657.44	6221.14
657.77	8344.01
658.09	7131.61
658.41	6551.16
658.74	8196.56
659.06	5378.55
659.39	6560.52
659.71	6136.88
660.03	6782.87
660.36	6441.15
660.68	9212.35
661.01	12273.77
661.33	9703.86
661.65	6043.26
661.98	12566.34
662.30	9879.40
662.63	6888.20
662.95	6324.13
663.27	5949.64
663.60	5577.50
663.92	6513.71
664.24	6614.35
664.57	5556.43
664.89	5898.15
665.21	6169.65
665.54	8940.85
665.86	6951.39
666.18	7152.68
666.51	9467.47
666.83	6171.99
667.15	13689.79
667.47	9020.42
667.80	7815.05
668.12	5830.27
668.44	6925.65
668.77	8124.00
669.09	9558.75
669.41	8271.45
669.73	5345.78
670.06	6885.86
670.38	6380.30
670.70	5123.43
671.02	7686.32
671.35	6303.06
671.67	9802.16
671.99	6502.01
672.31	9593.86
672.63	7309.49
672.96	10221.12
673.28	6087.73
673.60	6965.43
673.92	7045.01
674.24	5514.30
674.57	5884.11
674.89	9191.28
675.21	6354.55
675.53	8463.38
675.85	9289.59
676.17	9329.38
676.50	5748.36
676.82	9179.58
677.14	7075.44
677.46	13109.34
677.78	5298.97
678.10	8919.78
678.42	6614.35
678.75	6132.20
679.07	5455.79
679.39	6775.85
679.71	6108.80
680.03	5954.32
680.35	6045.60
680.67	6108.80
680.99	5879.43
681.31	5561.11
681.63	7478.01
681.96	9502.58
682.28	6099.44
682.60	6794.58
682.92	8002.29
683.24	5448.77
683.56	7772.92
683.88	5902.83
684.20	6347.53
684.52	6225.82
684.84	6073.69
685.16	6537.12
685.48	8243.37
685.80	7248.64
686.12	7838.45
686.44	10766.46
686.76	6457.54
687.08	5078.96
687.40	5638.35
687.72	8596.79
688.04	5760.06
688.36	13083.59
688.68	10101.75
689.00	7389.07
689.32	6401.37
689.64	5956.66
689.96	6511.37
690.28	8816.80
690.60	9387.89
690.92	5795.17
691.24	7791.64
691.56	6104.12
691.88	6506.69
692.19	5458.13
692.51	8479.76
692.83	7384.39
693.15	8325.29
693.47	7562.27
693.79	7075.44
694.11	8823.82
694.43	7892.29
694.75	6663.51
695.06	7138.63
695.38	9385.55
695.70	6834.36
696.02	6846.07
696.34	6085.39
696.66	6057.31
696.98	4975.98
697.29	6406.05
697.61	10249.21
697.93	9172.56
698.25	30340.36
698.57	7803.35
698.89	5142.16
699.20	6459.88
699.52	10274.95
699.84	4901.08
700.16	10026.86
700.48	9701.52
700.79	5628.99
701.11	10855.40
701.43	8505.51
701.75	6115.82
702.07	6743.08
702.38	10717.31
702.70	5724.95
703.02	5650.05
703.34	7936.76
703.65	7052.03
703.97	6464.56
704.29	5018.11
704.61	5565.79
704.92	8397.84
705.24	6186.04
705.56	8594.45
705.87	9078.94
706.19	6502.01
706.51	6359.24
706.82	9076.60
707.14	5685.16
707.46	4966.62
707.78	5434.72
708.09	7609.08
708.41	8777.01
708.73	7192.47
709.04	9245.12
709.36	6263.27
709.68	6782.87
709.99	12025.67
710.31	9383.21
710.62	6707.98
710.94	6143.91
711.26	7588.02
711.57	6324.13
711.89	5334.08
712.21	13645.32
712.52	6682.23
712.84	9582.15
713.15	7246.30
713.47	8285.50
713.79	5261.52
714.10	5734.31
714.42	6342.85
714.73	9748.33
715.05	5071.94
715.36	5413.66
715.68	5621.97
715.99	6319.45
716.31	8788.71
716.63	7775.26
716.94	8606.15
717.26	17741.26
717.57	8465.72
717.89	10443.47
718.20	5771.76
718.52	8671.68
718.83	6420.09
719.15	13156.15
719.46	12732.51
719.78	7171.40
720.09	6551.16
720.41	5678.14
720.72	5334.08
721.04	5493.24
721.35	6551.16
721.67	6235.19
721.98	6066.67
722.29	6080.71
722.61	5902.83
722.92	4751.29
723.24	6354.55
723.55	6977.14
723.87	7152.68
724.18	8028.04
724.50	5387.91
724.81	6399.02
725.12	6775.85
725.44	7613.76
725.75	6899.90
726.07	9619.60
726.38	7667.60
726.69	6090.07
727.01	8105.28
727.32	7955.48
727.63	6146.25
727.95	9701.52
728.26	5879.43
728.58	8168.47
728.89	6071.35
729.20	6712.66
729.52	5577.50
729.83	12215.26
730.14	7967.18
730.46	6848.41
730.77	9078.94
731.08	8013.99
731.39	6427.11
731.71	6785.21
732.02	8407.20
732.33	6586.27
732.65	6195.40
732.96	9792.80
733.27	8482.10
733.59	13076.57
733.90	8978.30
734.21	5434.72
734.52	6097.10
734.84	15632.44
735.15	6202.42
735.46	6162.63
735.77	6904.58
736.09	6555.84
736.40	10148.56
736.71	8369.76
737.02	5282.59
737.33	6141.57
737.65	6171.99
737.96	6724.36
738.27	7201.83
738.58	12182.49
738.89	7960.16
739.21	6003.47
739.52	5095.35
739.83	8044.42
740.14	5849.00
740.45	6846.07
740.76	6012.84
741.08	5287.27
741.39	6466.90
741.70	6136.88
742.01	7379.71
742.32	9130.43
742.63	7105.87
742.94	5734.31
743.26	7948.46
743.57	7506.10
743.88	8372.10
744.19	7211.19
744.50	6394.34
744.81	11321.17
745.12	6441.15
745.43	6574.56
745.74	13755.33
746.05	10384.96
746.36	4861.29
746.67	11227.55
746.99	6420.09
747.30	7707.38
747.61	6125.18
747.92	7023.95
748.23	9359.80
748.54	6408.39
748.85	6420.09
749.16	6897.56
749.47	5699.20
749.78	6202.42
750.09	6169.65
750.40	7410.14
750.71	7148.00
751.02	7854.84
751.33	6576.91
751.64	7435.88
751.95	6731.38
752.26	7939.10
752.57	8044.42
752.88	6403.71
753.19	6612.01
753.50	10272.61
753.81	6420.09
754.11	6743.08
754.42	15262.63
754.73	7459.29
755.04	7356.30
755.35	7232.26
755.66	12411.86
755.97	5423.02
756.28	5495.58
756.59	8135.70
756.90	15264.97
757.21	7705.04
757.52	10010.47
757.82	7417.16
758.13	5919.21
758.44	9011.06
758.75	7903.99
759.06	5923.90
759.37	5619.63
759.68	7407.80
759.98	5963.68
760.29	8044.42
760.60	7166.72
760.91	5638.35
761.22	6480.94
761.53	7155.02
761.83	5774.10
762.14	7016.93
762.45	6022.20
762.76	5277.91
763.07	7627.81
763.37	14665.80
763.68	10321.76
763.99	11770.55
764.30	10729.02
764.60	6118.16
764.91	9193.62
765.22	6998.20
765.53	12173.13
765.84	7215.87
766.14	6445.84
766.45	5245.14
766.76	10284.31
767.06	10834.34
767.37	6324.13
767.68	6946.71
767.99	6368.60
768.29	5912.19
768.60	6700.95
768.91	9188.94
769.21	12032.69
769.52	10094.73
769.83	6675.21
770.13	6736.06
770.44	6506.69
770.75	8358.05
771.05	6869.47
771.36	8016.33
771.67	7115.23
771.97	6438.81
772.28	6511.37
772.59	7166.72
772.89	8699.77
773.20	5937.94
773.51	6047.94
773.81	10406.02
774.12	5668.78
774.42	6850.75
774.73	5788.14
775.04	5844.32
775.34	19094.09
775.65	7784.62
775.95	11501.39
776.26	8695.09
776.56	6298.38
776.87	7934.42
777.18	56107.32
777.48	11257.98
777.79	7143.32
778.09	9914.51
778.40	6408.39
778.70	6284.34
779.01	9797.48
779.31	7075.44
779.62	6317.11
779.92	8243.37
780.23	7871.22
780.53	5387.91
780.84	6736.06
781.14	6164.97
781.45	6090.07
781.75	8973.61
782.06	5626.65
782.36	7522.48
782.67	5696.86
782.97	5823.25
783.28	12049.08
783.58	6312.42
783.89	6024.54
784.19	7929.74
784.49	11522.46
784.80	6705.63
785.10	11714.38
785.41	5710.91
785.71	7918.03
786.02	7742.49
786.32	13226.37
786.62	8325.29
786.93	10918.60
787.23	6197.74
787.54	6546.48
787.84	12461.01
788.14	7960.16
788.45	7997.61
788.75	7918.03
789.05	5516.64
789.36	6555.84
789.66	12407.18
789.96	8545.30
790.27	6932.67
790.57	7431.20
790.87	5628.99
791.18	6448.18
791.48	5846.66
791.78	7929.74
792.09	8140.38
792.39	6167.31
792.69	8659.98
793.00	7709.72
793.30	8236.35
793.60	5607.92
793.90	5107.05
794.21	7679.30
794.51	15007.52
794.81	9942.60
795.11	6911.60
795.42	6061.99
795.72	10197.71
796.02	8549.98
796.32	7796.32
796.63	7815.05
796.93	9273.20
797.23	8423.59
797.53	7356.30
797.84	5804.53
798.14	5813.89
798.44	7414.82
798.74	7976.55
799.04	7536.52
799.34	5563.45
799.65	14401.32
799.95	7173.74
800.25	6602.65
800.55	6359.24
800.85	7562.27
801.15	5909.85
801.46	6738.40
801.76	15843.09
802.06	6223.48
802.36	7508.44
802.66	6265.61
802.96	8575.72
803.26	9968.34
803.56	12128.66
803.87	14700.90
804.17	6817.98
804.47	8929.14
804.77	9432.36
805.07	9628.96
805.37	8709.13
805.67	8381.46
805.97	6534.78
806.27	6881.18
806.57	6394.34
806.87	10394.32
807.17	7351.62
807.47	10296.02
807.77	9907.49
808.07	6373.28
808.37	10445.81
808.67	7215.87
808.98	13748.31
809.28	6434.13
809.58	14366.21
809.88	9516.62
810.18	13364.46
810.47	6731.38
810.77	5849.00
811.07	8585.08
811.37	7934.42
811.67	5893.47
811.97	4997.04
812.27	5818.57
812.57	5193.65
812.87	6113.48
813.17	5841.98
813.47	5795.17
813.77	6366.26
814.07	6024.54
814.37	9074.26
814.67	5914.53
814.97	6789.89
815.27	5858.36
815.56	7929.74
815.86	10333.47
816.16	7489.71
816.46	5582.18
816.76	5968.37
817.06	9518.96
817.36	12255.04
817.66	7000.54
817.95	5774.10
818.25	7564.61
818.55	9320.01
818.85	8662.32
819.15	6356.90
819.45	11941.41
819.75	6860.11
820.04	7110.55
820.34	14054.92
820.64	9032.13
820.94	11543.52
821.24	6642.44
821.53	7045.01
821.83	6251.57
822.13	5668.78
822.43	6448.18
822.72	5331.74
823.02	6141.57
823.32	5729.63
823.62	7662.91
823.91	13350.42
824.21	5504.94
824.51	7744.83
824.81	6415.41
825.10	5327.06
825.40	8395.50
825.70	7061.40
826.00	11367.98
826.29	6214.12
826.59	7590.36
826.89	6445.84
827.18	7314.17
827.48	5923.90
827.78	5575.16
828.07	7068.42
828.37	8908.08
828.67	7435.88
828.96	6825.00
829.26	6076.03
829.56	9359.80
829.85	6080.71
830.15	7716.75
830.45	5282.59
830.74	11143.29
831.04	8655.30
831.34	9184.26
831.63	12023.33
831.93	8769.99
832.22	8549.98
832.52	6974.80
832.82	5657.07
833.11	5596.22
833.41	5846.66
833.70	6195.40
834.00	9458.10
834.29	7201.83
834.59	5355.15
834.89	7939.10
835.18	6436.47
835.48	11705.02
835.77	8395.50
836.07	8451.67
836.36	8217.62
836.66	9277.88
836.95	6785.21
837.25	6043.26
837.54	7943.78
837.84	6497.33
838.13	7211.19
838.43	5935.60
838.72	12461.01
839.02	9643.01
839.31	5792.83
839.61	9537.68
839.90	5418.34
840.20	7037.99
840.49	5633.67
840.78	7485.03
841.08	8318.26
841.37	6319.45
841.67	5509.62
841.96	8257.41
842.26	7353.96
842.55	5317.70
842.84	5774.10
843.14	9020.42
843.43	5479.19
843.73	6693.93
844.02	5437.06
844.31	6595.63
844.61	6277.32
844.90	7571.63
845.20	6911.60
845.49	5055.56
845.78	6296.04
846.08	5631.33
846.37	4685.75
846.66	7791.64
846.96	8203.58
847.25	7630.15
847.54	5308.34
847.84	5959.00
848.13	6565.20
848.42	9097.66
848.72	5923.90
849.01	8414.23
849.30	6015.18
849.59	5647.71
849.89	5823.25
850.18	10686.89
850.47	5701.54
850.76	14384.93
851.06	13020.40
851.35	7772.92
851.64	8964.25
851.93	7197.15
852.23	16224.59
852.52	6399.02
852.81	6008.16
853.10	6661.16
853.40	5144.50
853.69	5259.18
853.98	6796.92
854.27	8777.01
854.56	6029.22
854.86	7971.86
855.15	7012.24
855.44	7393.75
855.73	5064.92
856.02	5942.62
856.31	8411.89
856.61	7482.69
856.90	6366.26
857.19	5418.34
857.48	5149.18
857.77	5430.04
858.06	4739.58
858.35	5217.05
858.65	10289.00
858.94	8362.73
859.23	6471.58
859.52	8367.42
859.81	10693.91
860.10	5919.21
860.39	8301.88
860.68	6696.27
860.97	5584.52
861.26	5811.55
861.55	10885.83
861.85	6932.67
862.14	8432.95
862.43	8758.28
862.72	8360.39
863.01	5280.25
863.30	6043.26
863.59	6787.55
863.88	6366.26
864.17	6424.77
864.46	5390.25
864.75	12882.31
865.04	7080.12
865.33	5404.30
865.62	9832.59
865.91	5977.73
866.20	7950.80
866.49	6303.06
866.78	6490.31
867.07	6209.44
867.36	9029.79
867.65	9008.72
867.93	8067.83
868.22	6827.34
868.51	6321.79
868.80	6815.64
869.09	6270.30
869.38	5668.78
869.67	11171.38
869.96	11171.38
870.25	11171.38
