178.76	2143.93
179.14	2143.93
179.52	2143.93
179.90	2078.40
180.28	5130.45
180.66	3691.02
181.04	4344.03
181.42	4163.81
181.80	3714.43
182.18	5193.65
182.55	3719.11
182.93	4121.68
183.31	3950.82
183.69	4362.76
184.07	4404.89
184.45	3981.25
184.83	4121.68
185.21	3957.85
185.59	4070.19
185.97	7148.00
186.35	5872.40
186.72	4271.48
187.10	4124.02
187.48	5514.30
187.86	4891.72
188.24	3990.61
188.62	3920.40
189.00	5467.49
189.38	4449.36
189.75	4526.60
190.13	4500.85
190.51	3936.78
190.89	6579.25
191.27	8891.70
191.65	4227.01
192.03	4540.64
192.40	5284.93
192.78	4447.02
193.16	4774.69
193.54	5879.43
193.92	5521.32
194.30	4105.30
194.67	5034.49
195.05	4594.47
195.43	4234.03
195.81	4138.07
196.19	5406.64
196.56	4498.51
196.94	4367.44
197.32	5586.86
197.70	4121.68
198.08	4737.24
198.45	4124.02
198.83	4451.70
199.21	4203.60
199.59	5909.85
199.97	4533.62
200.34	3786.99
200.72	4166.15
201.10	6476.26
201.48	5160.88
201.85	3948.48
202.23	4198.92
202.61	3920.40
202.99	6970.12
203.36	4121.68
203.74	4770.01
204.12	4386.16
204.49	4081.89
204.87	4695.11
205.25	4248.07
205.63	3772.94
206.00	3927.42
206.38	4444.68
206.76	5121.09
207.14	4105.30
207.51	3859.54
207.89	5378.55
208.27	4039.76
208.64	3723.79
209.02	4269.14
209.40	4145.09
209.77	3843.16
210.15	6951.39
210.53	3838.48
210.90	5614.95
211.28	3941.46
211.66	5818.57
212.03	4072.53
212.41	3850.18
212.79	4222.33
213.16	3822.09
213.54	4306.59
213.92	4524.26
214.29	3616.13
214.67	4065.51
215.05	4140.41
215.42	4898.74
215.80	4182.54
216.17	4107.64
216.55	4486.81
216.93	3817.41
217.30	4772.35
217.68	4016.36
218.05	4053.81
218.43	4070.19
218.81	4077.21
219.18	5467.49
219.56	4060.83
219.93	4014.02
220.31	4077.21
220.69	3819.75
221.06	3873.59
221.44	4381.48
221.81	3950.82
222.19	3772.94
222.56	3906.35
222.94	4184.88
223.32	4346.37
223.69	3962.53
224.07	4744.27
224.44	5090.67
224.82	4393.19
225.19	4758.31
225.57	4393.19
225.94	4100.62
226.32	4255.09
226.69	5947.30
227.07	4753.63
227.44	4337.01
227.82	4561.70
228.19	4138.07
228.57	4762.99
228.94	5575.16
229.32	5067.26
229.69	4856.61
230.07	4140.41
230.44	3889.97
230.82	5430.04
231.19	5020.45
231.57	3772.94
231.94	3794.01
232.32	6829.68
232.69	4238.71
233.07	4290.20
233.44	4126.36
233.82	4285.52
234.19	4259.78
234.57	5191.31
234.94	4074.87
235.31	4049.13
235.69	4301.90
236.06	4280.84
236.44	4601.49
236.81	3920.40
237.19	4404.89
237.56	5851.34
237.93	4018.70
238.31	4311.27
238.68	4142.75
239.06	4404.89
239.43	4758.31
239.81	4585.11
240.18	3847.84
240.55	3852.52
240.93	5987.09
241.30	4552.34
241.67	4315.95
242.05	4645.96
242.42	5064.92
242.80	3782.31
243.17	4360.42
243.54	4294.88
243.92	4908.10
244.29	4177.86
244.66	4355.74
245.04	5130.45
245.41	7166.72
245.78	3864.22
246.16	4163.81
246.53	4758.31
246.90	4135.73
247.28	6277.32
247.65	4198.92
248.02	4203.60
248.40	5165.56
248.77	4311.27
249.14	4718.52
249.52	4138.07
249.89	4594.47
250.26	3964.87
250.64	4306.59
251.01	7229.91
251.38	3789.33
251.75	4348.72
252.13	4081.89
252.50	4800.44
252.87	6223.48
253.25	3894.65
253.62	4498.51
253.99	3779.97
254.36	5004.07
254.74	4077.21
255.11	3803.37
255.48	3679.32
255.85	6399.02
256.23	3684.00
256.60	3735.50
256.97	4187.22
257.34	4692.77
257.71	4414.25
258.09	4278.50
258.46	4425.95
258.83	5760.06
259.20	5118.75
259.58	4203.60
259.95	4248.07
260.32	4952.57
260.69	3878.27
261.06	5514.30
261.44	3971.89
261.81	6179.01
262.18	4533.62
262.55	3948.48
262.92	4290.20
263.29	4014.02
263.67	3789.33
264.04	4121.68
264.41	4395.53
264.78	4112.32
265.15	5313.02
265.52	5818.57
265.90	4322.97
266.27	4072.53
266.64	3751.88
267.01	3627.83
267.38	4451.70
267.75	3918.06
268.12	3564.64
268.50	4133.39
268.87	3997.64
269.24	3815.07
269.61	4456.38
269.98	4578.09
270.35	4521.92
270.72	3882.95
271.09	4184.88
271.46	3995.29
271.83	4468.08
272.21	4926.83
272.58	3829.12
272.95	4004.66
273.32	4198.92
273.69	4196.58
274.06	3789.33
274.43	4098.28
274.80	4166.15
275.17	4475.10
275.54	5605.58
275.91	4334.67
276.28	4306.59
276.65	4421.27
277.02	5680.48
277.39	3950.82
277.76	3892.31
278.13	4496.17
278.50	4734.90
278.87	5303.65
279.24	4870.65
279.61	4554.68
279.98	5624.31
280.35	3960.19
280.72	4386.16
281.09	4173.18
281.46	4217.65
281.83	3857.20
282.20	4421.27
282.57	4081.89
282.94	4437.66
283.31	4105.30
283.68	4496.17
284.05	3691.02
284.42	3719.11
284.79	4435.32
285.16	4648.30
285.53	4234.03
285.90	4276.16
286.27	6757.13
286.64	3786.99
287.01	4025.72
287.38	4777.03
287.75	26794.45
288.12	5111.73
288.49	7208.85
288.86	3934.44
289.23	3878.27
289.59	3948.48
289.96	3864.22
290.33	3901.67
290.70	4079.55
291.07	4636.60
291.44	4489.15
291.81	3838.48
292.18	4259.78
292.55	4086.58
292.91	6223.48
293.28	4741.93
293.65	5310.68
294.02	4496.17
294.39	3801.03
294.76	4152.11
295.13	4395.53
295.50	4182.54
295.86	4210.62
296.23	4065.51
296.60	3791.67
296.97	4025.72
297.34	4203.60
297.71	4713.84
298.07	4285.52
298.44	3648.90
298.81	4514.89
299.18	4322.97
299.55	5467.49
299.91	4198.92
300.28	4400.21
300.65	3644.21
301.02	4339.35
301.39	4528.94
301.75	6333.49
302.12	4641.28
302.49	4079.55
302.86	5359.83
303.23	4367.44
303.59	3871.25
303.96	7461.63
304.33	5172.58
304.70	6773.51
305.06	4133.39
305.43	5195.99
305.80	4631.92
306.17	4770.01
306.53	4030.40
306.90	4975.98
307.27	4355.74
307.64	5359.83
308.00	3889.97
308.37	4058.49
308.74	5795.17
309.11	4833.21
309.47	3880.61
309.84	3815.07
310.21	4212.96
310.57	4402.55
310.94	4028.06
311.31	4156.79
311.67	4428.29
312.04	3452.29
312.41	5048.54
312.77	4524.26
313.14	3920.40
313.51	4304.25
313.87	4007.00
314.24	3971.89
314.61	3976.57
314.97	4044.45
315.34	4208.28
315.71	3691.02
316.07	4870.65
316.44	3861.88
316.81	4734.90
317.17	3889.97
317.54	6789.89
317.91	4032.74
318.27	3669.96
318.64	4124.02
319.00	4723.20
319.37	3700.39
319.74	4849.59
320.10	4912.78
320.47	4035.08
320.83	5430.04
321.20	4159.13
321.57	3845.50
321.93	3997.64
322.30	4360.42
322.66	3859.54
323.03	4777.03
323.40	4592.13
323.76	4004.66
324.13	3885.29
324.49	3728.47
324.86	8133.36
325.22	4292.54
325.59	4133.39
325.95	4421.27
326.32	5015.77
326.68	4844.91
327.05	4184.88
327.42	3791.67
327.78	3976.57
328.15	4905.76
328.51	3978.91
328.88	4205.94
329.24	5502.60
329.61	4236.37
329.97	4758.31
330.34	4229.35
330.70	4248.07
331.07	5392.59
331.43	4671.71
331.80	6129.86
332.16	5121.09
332.52	3861.88
332.89	4599.15
333.25	3667.62
333.62	5884.11
333.98	4669.37
334.35	3847.84
334.71	4168.49
335.08	3829.12
335.44	5668.78
335.81	5738.99
336.17	5263.86
336.53	4215.30
336.90	3798.69
337.26	4629.58
337.63	6363.92
337.99	4411.91
338.36	3765.92
338.72	4784.06
339.08	4297.22
339.45	3843.16
339.81	4973.64
340.18	4065.51
340.54	5203.01
340.90	3948.48
341.27	4142.75
341.63	4440.00
341.99	3545.91
342.36	5219.39
342.72	3768.26
343.09	5228.76
343.45	3911.04
343.81	5308.34
344.18	3744.86
344.54	4283.18
344.90	4386.16
345.27	4227.01
345.63	4154.45
345.99	4641.28
346.36	4161.47
346.72	3749.54
347.08	3819.75
347.45	3655.92
347.81	5055.56
348.17	4437.66
348.54	3829.12
348.90	4706.82
349.26	5107.05
349.62	5221.74
349.99	3662.94
350.35	3541.23
350.71	4283.18
351.08	4166.15
351.44	3632.51
351.80	6111.14
352.16	5680.48
352.53	3801.03
352.89	4575.75
353.25	5408.98
353.61	4044.45
353.98	4662.35
354.34	5104.71
354.70	4044.45
355.06	3815.07
355.43	4159.13
355.79	3976.57
356.15	3981.25
356.51	3789.33
356.88	3712.09
357.24	4051.47
357.60	3665.28
357.96	3508.46
358.32	6867.13
358.69	3669.96
359.05	4418.93
359.41	4259.78
359.77	3894.65
360.13	3843.16
360.49	3868.91
360.86	4898.74
361.22	5526.00
361.58	4262.12
361.94	5350.46
362.30	3714.43
362.66	4458.72
363.03	3527.19
363.39	3447.61
363.75	3777.62
364.11	5060.24
364.47	3929.76
364.83	5289.61
365.19	4285.52
365.56	4755.97
365.92	3623.15
366.28	4784.06
366.64	4959.60
367.00	4021.04
367.36	3611.45
367.72	5179.61
368.08	5174.92
368.44	4007.00
368.80	4484.47
369.17	3899.33
369.53	3925.08
369.89	3833.80
370.25	3733.15
370.61	3747.20
370.97	5280.25
371.33	3901.67
371.69	5959.00
372.05	4568.73
372.41	3620.81
372.77	3892.31
373.13	4250.41
373.49	3496.76
373.85	4411.91
374.21	4227.01
374.57	3702.73
374.93	4594.47
375.29	4891.72
375.65	4266.80
376.01	4250.41
376.37	5163.22
376.73	4699.80
377.09	3726.13
377.45	5008.75
377.81	4154.45
378.17	3716.77
378.53	3475.70
378.89	4641.28
379.25	5404.30
379.61	6473.92
379.97	4898.74
380.33	3943.80
380.69	3857.20
381.05	3625.49
381.41	4793.42
381.77	4145.09
382.13	4622.56
382.49	6658.82
382.85	4285.52
383.21	4683.41
383.57	3595.06
383.93	5191.31
384.28	3400.80
384.64	3880.61
385.00	4280.84
385.36	4219.99
385.72	4751.29
386.08	3765.92
386.44	4774.69
386.80	4823.84
387.16	5944.96
387.52	4975.98
387.87	6326.47
388.23	4542.98
388.59	3845.50
388.95	3625.49
389.31	4007.00
389.67	3871.25
390.03	3826.78
390.38	3894.65
390.74	3466.33
391.10	4950.23
391.46	4344.03
391.82	3791.67
392.18	4542.98
392.54	3452.29
392.89	3646.55
393.25	4491.49
393.61	3559.95
393.97	3644.21
394.33	4320.63
394.68	4067.85
395.04	3566.98
395.40	4117.00
395.76	4837.89
396.12	4250.41
396.47	3763.58
396.83	4079.55
397.19	3501.44
397.55	3763.58
397.90	4257.43
398.26	4252.75
398.62	3618.47
398.98	3447.61
399.33	3934.44
399.69	9989.41
400.05	4706.82
400.41	3693.37
400.76	4706.82
401.12	5165.56
401.48	4463.40
401.84	3805.71
402.19	3885.29
402.55	4283.18
402.91	3988.27
403.26	3529.53
403.62	4428.29
403.98	4084.23
404.34	3412.50
404.69	4037.42
405.05	4748.95
405.41	6387.32
405.76	3700.39
406.12	3698.05
406.48	4079.55
406.83	3667.62
407.19	4655.33
407.55	4444.68
407.90	6504.35
408.26	4685.75
408.62	4788.74
408.97	4187.22
409.33	3538.89
409.68	3707.41
410.04	4339.35
410.40	3669.96
410.75	4332.33
411.11	3634.85
411.47	4332.33
411.82	3913.38
412.18	4088.92
412.53	4007.00
412.89	3812.73
413.25	4114.66
413.60	4140.41
413.96	3585.70
414.31	3957.85
414.67	4285.52
415.03	3557.61
415.38	3672.30
415.74	3906.35
416.09	3946.14
416.45	4531.28
416.80	3836.14
417.16	4613.20
417.51	4173.18
417.87	3964.87
418.23	4365.10
418.58	4517.23
418.94	3449.95
419.29	3749.54
419.65	4339.35
420.00	4903.42
420.36	4358.08
420.71	4475.10
421.07	3688.68
421.42	4166.15
421.78	4830.87
422.13	3969.55
422.49	4145.09
422.84	4234.03
423.20	3564.64
423.55	3602.08
423.91	3948.48
424.26	6338.17
424.61	4566.39
424.97	5561.11
425.32	3796.35
425.68	3969.55
426.03	4294.88
426.39	5364.51
426.74	5132.79
427.10	4844.91
427.45	3784.65
427.80	4409.57
428.16	4037.42
428.51	3976.57
428.87	4273.82
429.22	5390.25
429.58	5217.05
429.93	5217.05
430.28	3946.14
430.64	3969.55
430.99	3543.57
431.35	4271.48
431.70	3957.85
432.05	4030.40
432.41	4477.44
432.76	4498.51
433.11	4360.42
433.47	4329.99
433.82	5322.38
434.17	4482.13
434.53	4690.43
434.88	6459.88
435.24	4400.21
435.59	4203.60
435.94	3581.02
436.30	4547.66
436.65	4060.83
437.00	4978.32
437.35	7131.61
437.71	3871.25
438.06	4063.17
438.41	3847.84
438.77	4526.60
439.12	3543.57
439.47	3506.12
439.83	4308.93
440.18	3522.51
440.53	3941.46
440.88	5832.62
441.24	4573.41
441.59	3578.68
441.94	3896.99
442.30	4538.30
442.65	5877.09
443.00	4189.56
443.35	6452.86
443.71	3995.29
444.06	4975.98
444.41	4517.23
444.76	5514.30
445.11	4149.77
445.47	5149.18
445.82	4863.63
446.17	3815.07
446.52	5282.59
446.88	4238.71
447.23	3499.10
447.58	4423.61
447.93	3805.71
448.28	11250.96
448.63	5617.29
448.99	4030.40
449.34	4587.45
449.69	4849.59
450.04	3866.56
450.39	3939.12
450.74	4152.11
451.10	4126.36
451.45	4234.03
451.80	4365.10
452.15	5107.05
452.50	4404.89
452.85	5172.58
453.21	4837.89
453.56	4369.78
453.91	4067.85
454.26	4175.52
454.61	3857.20
454.96	4447.02
455.31	3899.33
455.66	3988.27
456.01	4533.62
456.36	3882.95
456.72	3803.37
457.07	4255.09
457.42	5366.85
457.77	4734.90
458.12	3609.11
458.47	4248.07
458.82	5022.79
459.17	4079.55
459.52	4095.94
459.87	14389.61
460.22	3946.14
460.57	4180.20
460.92	3810.39
461.27	4521.92
461.62	3934.44
461.97	3665.28
462.32	5846.66
462.67	5334.08
463.02	6223.48
463.38	6274.98
463.73	4681.07
464.08	6282.00
464.43	4381.48
464.78	3618.47
465.12	4510.21
465.47	4613.20
465.82	11714.38
466.17	4051.47
466.52	4709.16
466.87	3885.29
467.22	3847.84
467.57	3555.27
467.92	4259.78
468.27	5385.57
468.62	6705.63
468.97	4070.19
469.32	3684.00
469.67	6841.39
470.02	6710.32
470.37	3882.95
470.72	4250.41
471.07	3637.19
471.42	3992.95
471.76	4002.32
472.11	4044.45
472.46	4641.28
472.81	6970.12
473.16	3852.52
473.51	3777.62
473.86	3447.61
474.21	3927.42
474.56	3913.38
474.90	3786.99
475.25	5004.07
475.60	4739.58
475.95	3735.50
476.30	5446.43
476.65	5228.76
477.00	6745.42
477.34	5614.95
477.69	3578.68
478.04	4858.95
478.39	4152.11
478.74	3716.77
479.09	3445.27
479.43	8198.90
479.78	3639.53
480.13	6001.13
480.48	5104.71
480.83	4219.99
481.17	3538.89
481.52	4301.90
481.87	3990.61
482.22	5736.65
482.57	3946.14
482.91	4758.31
483.26	4418.93
483.61	3957.85
483.96	4297.22
484.30	27239.15
484.65	4154.45
485.00	3691.02
485.35	3983.59
485.69	3789.33
486.04	3866.56
486.39	4297.22
486.74	4187.22
487.08	3566.98
487.43	4301.90
487.78	3438.25
488.12	4482.13
488.47	3878.27
488.82	5273.23
489.17	3702.73
489.51	3424.20
489.86	4358.08
490.21	3531.87
490.55	4234.03
490.90	3609.11
491.25	3847.84
491.59	3548.25
491.94	5839.64
492.29	3896.99
492.63	4138.07
492.98	3288.45
493.33	4149.77
493.67	3885.29
494.02	3620.81
494.37	3517.83
494.71	4458.72
495.06	3789.33
495.40	5273.23
495.75	3768.26
496.10	5060.24
496.44	4440.00
496.79	4559.36
497.13	3705.07
497.48	6399.02
497.83	5191.31
498.17	4622.56
498.52	3925.08
498.86	4587.45
499.21	4241.05
499.56	3679.32
499.90	3950.82
500.25	3428.88
500.59	3882.95
500.94	4280.84
501.28	4720.86
501.63	5100.03
501.97	3808.05
502.32	3716.77
502.67	7632.49
503.01	3667.62
503.36	3843.16
503.70	3819.75
504.05	4589.79
504.39	4809.80
504.74	4063.17
505.08	5275.57
505.43	3265.05
505.77	3513.14
506.12	4133.39
506.46	3911.04
506.81	3646.55
507.15	3595.06
507.49	3794.01
507.84	3651.24
508.18	4133.39
508.53	4194.24
508.87	4084.23
509.22	3915.72
509.56	65535.00
509.91	13172.54
510.25	4322.97
510.60	3485.06
510.94	5259.18
511.28	3426.54
511.63	4847.25
511.97	4325.31
512.32	4720.86
512.66	3721.45
513.00	3943.80
513.35	4980.66
513.69	3719.11
514.04	4477.44
514.38	4695.11
514.72	4266.80
515.07	3639.53
515.41	3714.43
515.76	3695.71
516.10	4222.33
516.44	4774.69
516.79	3786.99
517.13	3506.12
517.47	4793.42
517.82	4173.18
518.16	3939.12
518.50	4189.56
518.85	4161.47
519.19	5090.67
519.53	6033.90
519.88	4662.35
520.22	3875.93
520.56	4081.89
520.91	3492.08
521.25	3627.83
521.59	3981.25
521.93	4388.50
522.28	3939.12
522.62	3995.29
522.96	4784.06
523.31	3943.80
523.65	4301.90
523.99	4545.32
524.33	5617.29
524.68	4622.56
525.02	3662.94
525.36	4175.52
525.70	3435.91
526.05	3695.71
526.39	3538.89
526.73	4430.63
527.07	4159.13
527.41	5305.99
527.76	3712.09
528.10	3826.78
528.44	4252.75
528.78	4088.92
529.12	4550.00
529.47	3927.42
529.81	4849.59
530.15	4847.25
530.49	4489.15
530.83	3508.46
531.18	3538.89
531.52	3929.76
531.86	3473.36
532.20	4016.36
532.54	4835.55
532.88	3288.45
533.22	3936.78
533.57	3779.97
533.91	4777.03
534.25	3576.34
534.59	5305.99
534.93	4601.49
535.27	3637.19
535.61	3845.50
535.95	5315.36
536.30	4475.10
536.64	4039.76
536.98	3225.26
537.32	3852.52
537.66	3440.59
538.00	4468.08
538.34	4395.53
538.68	4376.80
539.02	5589.20
539.36	3758.90
539.70	3522.51
540.04	4194.24
540.39	8407.20
540.73	3854.86
541.07	4100.62
541.41	4327.65
541.75	4294.88
542.09	5114.07
542.43	4526.60
542.77	4060.83
543.11	4168.49
543.45	4194.24
543.79	4865.97
544.13	3932.10
544.47	3866.56
544.81	4126.36
545.15	4561.70
545.49	3992.95
545.83	3653.58
546.17	3887.63
546.51	3286.11
546.85	3765.92
547.19	5331.74
547.53	3494.42
547.87	4566.39
548.21	5708.57
548.54	4187.22
548.88	3819.75
549.22	3803.37
549.56	3520.17
549.90	3749.54
550.24	4074.87
550.58	3662.94
550.92	4978.32
551.26	3878.27
551.60	5280.25
551.94	3906.35
552.28	3812.73
552.61	4437.66
552.95	3901.67
553.29	3770.60
553.63	4140.41
553.97	5427.70
554.31	5085.98
554.65	5144.50
554.99	5224.08
555.32	3882.95
555.66	4362.76
556.00	3316.54
556.34	3899.33
556.68	4276.16
557.02	4849.59
557.36	4145.09
557.69	4112.32
558.03	3801.03
558.37	6263.27
558.71	6752.45
559.05	5280.25
559.38	5624.31
559.72	3737.84
560.06	4664.69
560.40	4519.57
560.74	4997.04
561.07	4465.74
561.41	4702.14
561.75	4341.69
562.09	4957.25
562.42	4807.46
562.76	4472.76
563.10	4238.71
563.44	9708.54
563.77	4325.31
564.11	4423.61
564.45	5027.47
564.79	4437.66
565.12	4229.35
565.46	4308.93
565.80	4376.80
566.14	4271.48
566.47	4823.84
566.81	3702.73
567.15	4074.87
567.48	4437.66
567.82	4496.17
568.16	4201.26
568.49	3651.24
568.83	3583.36
569.17	4056.15
569.50	4940.87
569.84	5359.83
570.18	4449.36
570.51	5364.51
570.85	4079.55
571.19	3964.87
571.52	3763.58
571.86	4271.48
572.20	3990.61
572.53	5327.06
572.87	3782.31
573.21	3639.53
573.54	3639.53
573.88	4496.17
574.21	4102.96
574.55	4074.87
574.89	4166.15
575.22	4760.65
575.56	3808.05
575.89	3700.39
576.23	3995.29
576.57	4388.50
576.90	3730.81
577.24	4147.43
577.57	3644.21
577.91	4358.08
578.24	3613.79
578.58	3721.45
578.91	4580.43
579.25	3742.52
579.59	4264.46
579.92	4046.79
580.26	3576.34
580.59	4360.42
580.93	4348.72
581.26	3885.29
581.60	4416.59
581.93	4519.57
582.27	5439.40
582.60	3665.28
582.94	4163.81
583.27	3604.42
583.61	4081.89
583.94	4224.67
584.28	3721.45
584.61	4058.49
584.94	4482.13
585.28	4617.88
585.61	4777.03
585.95	4638.94
586.28	5612.60
586.62	6164.97
586.95	4224.67
587.29	5750.70
587.62	5050.88
587.95	3632.51
588.29	4292.54
588.62	4458.72
588.96	4898.74
589.29	3791.67
589.62	3784.65
589.96	3904.01
590.29	3794.01
590.63	3588.04
590.96	4631.92
591.29	5137.48
591.63	5006.41
591.96	3676.98
592.29	3817.41
592.63	3805.71
592.96	4180.20
593.30	5757.72
593.63	4339.35
593.96	3693.37
594.30	3918.06
594.63	4395.53
594.96	5994.11
595.30	4072.53
595.63	3964.87
595.96	3777.62
596.29	4465.74
596.63	3995.29
596.96	4692.77
597.29	4503.19
597.63	3557.61
597.96	5151.52
598.29	4975.98
598.63	4894.06
598.96	3798.69
599.29	3925.08
599.62	4795.76
599.96	3829.12
600.29	3941.46
600.62	3758.90
600.95	3859.54
601.29	4046.79
601.62	4266.80
601.95	4112.32
602.28	3777.62
602.61	19190.05
602.95	4496.17
603.28	6099.44
603.61	3868.91
603.94	4877.68
604.27	3721.45
604.61	4627.24
604.94	4517.23
605.27	4402.55
605.60	3639.53
605.93	3843.16
606.27	4847.25
606.60	4180.20
606.93	3564.64
607.26	5397.28
607.59	4128.70
607.92	4994.70
608.26	3969.55
608.59	3819.75
608.92	4100.62
609.25	4458.72
609.58	4404.89
609.91	4383.82
610.24	6143.91
610.57	4365.10
610.90	5025.13
611.24	3613.79
611.57	3475.70
611.90	4795.76
612.23	4014.02
612.56	4854.27
612.89	4631.92
613.22	4645.96
613.55	3630.17
613.88	5027.47
614.21	3679.32
614.54	4512.55
614.87	3808.05
615.20	3342.28
615.53	5128.11
615.87	3784.65
616.20	4210.62
616.53	5167.90
616.86	4135.73
617.19	4503.19
617.52	4823.84
617.85	4002.32
618.18	3779.97
618.51	3950.82
618.84	4580.43
619.17	4004.66
619.50	5359.83
619.83	5313.02
620.16	4660.01
620.49	3808.05
620.82	6384.98
621.14	5387.91
621.47	4306.59
621.80	4966.62
622.13	4311.27
622.46	6761.81
622.79	4723.20
623.12	3583.36
623.45	4957.25
623.78	4676.39
624.11	3667.62
624.44	4329.99
624.77	3735.50
625.10	3810.39
625.43	3637.19
625.75	4306.59
626.08	3786.99
626.41	3784.65
626.74	5203.01
627.07	4142.75
627.40	5722.61
627.73	3988.27
628.06	3761.24
628.38	3370.37
628.71	4704.48
629.04	4978.32
629.37	4973.64
629.70	4259.78
630.03	3747.20
630.36	4980.66
630.68	4676.39
631.01	3868.91
631.34	5348.12
631.67	3840.82
632.00	3527.19
632.32	4667.03
632.65	5085.98
632.98	4327.65
633.31	4042.11
633.64	4760.65
633.96	3693.37
634.29	5207.69
634.62	4243.39
634.95	4358.08
635.27	4344.03
635.60	4662.35
635.93	4491.49
636.26	4308.93
636.58	3875.93
636.91	3882.95
637.24	3751.88
637.57	4138.07
637.89	4425.95
638.22	3887.63
638.55	4212.96
638.87	4301.90
639.20	4716.18
639.53	4638.94
639.86	3887.63
640.18	3686.34
640.51	4259.78
640.84	4320.63
641.16	3665.28
641.49	4304.25
641.82	3721.45
642.14	3662.94
642.47	6506.69
642.80	4222.33
643.12	4877.68
643.45	4035.08
643.78	4234.03
644.10	3756.56
644.43	4126.36
644.75	5188.97
645.08	3456.97
645.41	4482.13
645.73	3784.65
646.06	6768.83
646.39	4894.06
646.71	3808.05
647.04	3702.73
647.36	3428.88
647.69	4613.20
648.01	4086.58
648.34	3763.58
648.67	5032.15
648.99	5160.88
649.32	3740.18
649.64	3534.21
649.97	3442.93
650.29	3585.70
650.62	6387.32
650.94	4184.88
651.27	5373.87
651.59	4114.66
651.92	3887.63
652.25	4449.36
652.57	3634.85
652.90	3709.75
653.22	4278.50
653.55	4505.53
653.87	3377.39
654.20	4126.36
654.52	5446.43
654.84	4028.06
655.17	4533.62
655.49	5514.30
655.82	3969.55
656.14	4320.63
656.47	5305.99
656.79	5657.07
657.12	3957.85
657.44	3911.04
657.77	4685.75
658.09	4208.28
658.41	3896.99
658.74	4685.75
659.06	3538.89
659.39	4035.08
659.71	3824.44
660.03	4205.94
660.36	3978.91
660.68	5095.35
661.01	6176.67
661.33	5331.74
661.65	3911.04
661.98	6410.73
662.30	5090.67
662.63	4189.56
662.95	3894.65
663.27	3758.90
663.60	3599.74
663.92	4063.17
664.24	4016.36
664.57	3672.30
664.89	3815.07
665.21	3735.50
665.54	4940.87
665.86	4131.05
666.18	4248.07
666.51	5214.71
666.83	3953.16
667.15	6722.02
667.47	5039.17
667.80	4676.39
668.12	3798.69
668.44	4117.00
668.77	4716.18
669.09	5188.97
669.41	4709.16
669.73	3473.36
670.06	4077.21
670.38	4035.08
670.70	3588.04
671.02	4524.26
671.35	3901.67
671.67	5275.57
671.99	3967.21
672.31	5104.71
672.63	4397.87
672.96	5472.17
673.28	3899.33
673.60	4217.65
673.92	4168.49
674.24	3758.90
674.57	3707.41
674.89	5004.07
675.21	4002.32
675.53	4688.09
675.85	5139.82
676.17	4978.32
676.50	3665.28
676.82	5191.31
677.14	4320.63
677.46	6527.75
677.78	3576.34
678.10	4929.17
678.42	4039.76
678.75	3843.16
679.07	3611.45
679.39	4163.81
679.71	3932.10
680.03	3885.29
680.35	4058.49
680.67	3941.46
680.99	3684.00
681.31	3541.23
681.63	4407.23
681.96	5050.88
682.28	3840.82
682.60	3478.04
682.92	4547.66
683.24	3688.68
683.56	4521.92
683.88	3770.60
684.20	3950.82
684.52	3824.44
684.84	3854.86
685.16	3943.80
685.48	4685.75
685.80	4379.14
686.12	4737.24
686.44	5720.27
686.76	4117.00
687.08	3506.12
687.40	3688.68
687.72	4926.83
688.04	3901.67
688.36	6548.82
688.68	5500.26
689.00	4477.44
689.32	3962.53
689.64	3922.74
689.96	4053.81
690.28	4905.76
690.60	5193.65
690.92	3644.21
691.24	4542.98
691.56	3948.48
691.88	4009.34
692.19	3679.32
692.51	4767.67
692.83	4552.34
693.15	4784.06
693.47	4360.42
693.79	4252.75
694.11	4950.23
694.43	4327.65
694.75	4042.11
695.06	4269.14
695.38	5240.46
695.70	4236.37
696.02	4248.07
696.34	3899.33
696.66	3892.31
696.98	3398.46
697.29	4072.53
697.61	5434.72
697.93	5214.71
698.25	15194.76
698.57	4758.31
698.89	3513.14
699.20	4053.81
699.52	5418.34
699.84	3513.14
700.16	4028.06
700.48	5287.27
700.79	3719.11
701.11	5650.05
701.43	4959.60
701.75	4014.02
702.07	3992.95
702.38	5680.48
702.70	3763.58
703.02	3721.45
703.34	4606.17
703.65	4241.05
703.97	4002.32
704.29	3536.55
704.61	3604.42
704.92	4777.03
705.24	4046.79
705.56	5060.24
705.87	5121.09
706.19	4121.68
706.51	4070.19
706.82	5207.69
707.14	3679.32
707.46	3447.61
707.78	3681.66
708.09	4582.77
708.41	4945.55
708.73	4379.14
709.04	5095.35
709.36	3999.98
709.68	4142.75
709.99	6069.01
710.31	5172.58
710.62	4121.68
710.94	4046.79
711.26	4517.23
711.57	3990.61
711.89	3684.00
712.21	6925.65
712.52	4313.61
712.84	5327.06
713.15	4271.48
713.47	4887.04
713.79	3632.51
714.10	3838.48
714.42	3882.95
714.73	5273.23
715.05	3705.07
715.36	3737.84
715.68	3864.22
715.99	3918.06
716.31	5011.09
716.63	4531.28
716.94	4880.02
717.26	8496.14
717.57	4891.72
717.89	5610.26
718.20	3822.09
718.52	4917.47
718.83	4049.13
719.15	6403.71
719.46	6513.71
719.78	4444.68
720.09	4051.47
720.41	3871.25
720.72	3709.75
721.04	3782.31
721.35	3992.95
721.67	4044.45
721.98	3992.95
722.29	3967.21
722.61	4079.55
722.92	3454.63
723.24	4018.70
723.55	4292.54
723.87	4451.70
724.18	4629.58
724.50	3808.05
724.81	4215.30
725.12	4273.82
725.44	4573.41
725.75	4386.16
726.07	5270.89
726.38	4669.37
726.69	4044.45
727.01	4985.34
727.32	4587.45
727.63	4042.11
727.95	5406.64
728.26	3915.72
728.58	4821.50
728.89	3957.85
729.20	4166.15
729.52	3777.62
729.83	6307.74
730.14	4725.54
730.46	4278.50
730.77	5071.94
731.08	4704.48
731.39	4007.00
731.71	4255.09
732.02	4898.74
732.33	4231.69
732.65	4021.04
732.96	5399.62
733.27	4849.59
733.59	6597.97
733.90	5043.85
734.21	3655.92
734.52	3889.97
734.84	7332.90
735.15	3960.19
735.46	4152.11
735.77	4297.22
736.09	4259.78
736.40	5502.60
736.71	4870.65
737.02	3599.74
737.33	3957.85
737.65	4140.41
737.96	4456.38
738.27	4299.56
738.58	6319.45
738.89	4723.20
739.21	3878.27
739.52	3625.49
739.83	4603.83
740.14	7623.12
740.45	4409.57
740.76	3981.25
741.08	3658.26
741.39	4156.79
741.70	3957.85
742.01	4397.87
742.32	5170.24
742.63	4325.31
742.94	3812.73
743.26	4606.17
743.57	4550.00
743.88	4903.42
744.19	4402.55
744.50	3999.98
744.81	5895.81
745.12	4145.09
745.43	4128.70
745.74	7066.08
746.05	5657.07
746.36	3679.32
746.67	5982.41
746.99	4140.41
747.30	4550.00
747.61	3976.57
747.92	4407.23
748.23	5291.95
748.54	4079.55
748.85	4102.96
749.16	4334.67
749.47	3730.81
749.78	3985.93
750.09	4053.81
750.40	4430.63
750.71	4322.97
751.02	4652.98
751.33	4138.07
751.64	4571.07
751.95	4201.26
752.26	4634.26
752.57	4683.41
752.88	4088.92
753.19	4346.37
753.50	5612.60
753.81	4074.87
754.11	4486.81
754.42	7485.03
754.73	4397.87
755.04	4512.55
755.35	4374.46
755.66	6541.80
755.97	3726.13
756.28	3707.41
756.59	4678.73
756.90	7398.43
757.21	4657.67
757.52	5497.92
757.82	4645.96
758.13	4025.72
758.44	5128.11
758.75	4667.03
759.06	3887.63
759.37	3906.35
759.68	4458.72
759.98	3894.65
760.29	4760.65
760.60	4313.61
760.91	3887.63
761.22	4140.41
761.53	4285.52
761.83	3847.84
762.14	4320.63
762.45	3962.53
762.76	3644.21
763.07	4493.83
763.37	7239.28
763.68	5720.27
763.99	6279.66
764.30	5699.20
764.60	3962.53
764.91	5231.10
765.22	4435.32
765.53	6258.59
765.84	4465.74
766.14	4079.55
766.45	3665.28
766.76	5607.92
767.06	5781.12
767.37	4135.73
767.68	4287.86
767.99	4114.66
768.29	3990.61
768.60	4194.24
768.91	5116.41
769.21	6223.48
769.52	5439.40
769.83	4238.71
770.13	4215.30
770.44	4072.53
770.75	4863.63
771.05	4379.14
771.36	4774.69
771.67	4337.01
771.97	4074.87
772.28	4283.18
772.59	4423.61
772.89	4983.00
773.20	3953.16
773.51	3971.89
773.81	5776.44
774.12	3932.10
774.42	4262.12
774.73	3953.16
775.04	3901.67
775.34	9092.98
775.65	4692.77
775.95	5998.79
776.26	4486.81
776.56	4081.89
776.87	4566.39
777.18	63524.48
777.48	6581.59
777.79	4388.50
778.09	5404.30
778.40	4180.20
778.70	4117.00
779.01	5315.36
779.31	4376.80
779.62	3981.25
779.92	4882.36
780.23	4610.86
780.53	3669.96
780.84	4109.98
781.14	3962.53
781.45	3969.55
781.75	4835.55
782.06	3840.82
782.36	4580.43
782.67	3822.09
782.97	3812.73
783.28	6197.74
783.58	4018.70
783.89	4102.96
784.19	4758.31
784.49	6022.20
784.80	4196.58
785.10	6195.40
785.41	3906.35
785.71	4613.20
786.02	4580.43
786.32	6757.13
786.62	4971.30
786.93	5797.51
787.23	4138.07
787.54	4126.36
787.84	5968.37
788.14	4617.88
788.45	4688.09
788.75	5469.83
789.05	3857.20
789.36	4180.20
789.66	6443.49
789.96	4961.94
790.27	4243.39
790.57	4514.89
790.87	3885.29
791.18	3943.80
791.48	3812.73
791.78	4660.01
792.09	4748.95
792.39	3892.31
792.69	5090.67
793.00	4594.47
793.30	4891.72
793.60	3756.56
793.90	3618.47
794.21	4620.22
794.51	7353.96
794.81	5561.11
795.11	4421.27
795.42	3983.59
795.72	5579.84
796.02	5018.11
796.32	4730.22
796.63	4608.51
796.93	5200.67
797.23	4842.57
797.53	4505.53
797.84	3868.91
798.14	3999.98
798.44	4451.70
798.74	4683.41
799.04	4538.30
799.34	3737.84
799.65	7169.06
799.95	4587.45
800.25	4154.45
800.55	4119.34
800.85	4580.43
801.15	3908.69
801.46	4491.49
801.76	7691.00
802.06	4046.79
802.36	4571.07
802.66	4007.00
802.96	4919.81
803.26	5561.11
803.56	6607.33
803.87	7360.98
804.17	4318.29
804.47	5135.14
804.77	5385.57
805.07	5378.55
805.37	5057.90
805.67	4884.70
805.97	4208.28
806.27	4519.57
806.57	4039.76
806.87	5792.83
807.17	4489.15
807.47	5504.94
807.77	5401.96
808.07	4114.66
808.37	5687.50
808.67	4395.53
808.98	6860.11
809.28	4145.09
809.58	7204.17
809.88	5298.97
810.18	6726.70
810.47	4180.20
810.77	4222.33
811.07	4971.30
811.37	4655.33
811.67	4058.49
811.97	3609.11
812.27	3920.40
812.57	3709.75
812.87	3995.29
813.17	3922.74
813.47	3932.10
813.77	4109.98
814.07	4014.02
814.37	5078.96
814.67	3990.61
814.97	4304.25
815.27	3817.41
815.56	4634.26
815.86	5664.10
816.16	4655.33
816.46	3749.54
816.76	3885.29
817.06	5310.68
817.36	6256.25
817.66	4416.59
817.95	3861.88
818.25	4585.11
818.55	5343.44
818.85	4959.60
819.15	4105.30
819.45	6179.01
819.75	4320.63
820.04	4428.29
820.34	7129.27
820.64	5238.12
820.94	6026.88
821.24	4241.05
821.53	4252.75
821.83	4081.89
822.13	3726.13
822.43	4208.28
822.72	3723.79
823.02	3985.93
823.32	3765.92
823.62	4627.24
823.91	7204.17
824.21	3796.35
824.51	4741.93
824.81	4135.73
825.10	3794.01
825.40	4971.30
825.70	4362.76
826.00	5959.00
826.29	4138.07
826.59	4538.30
826.89	4182.54
827.18	4524.26
827.48	3983.59
827.78	3864.22
828.07	4292.54
828.37	4994.70
828.67	4608.51
828.96	4386.16
829.26	4002.32
829.56	5191.31
829.85	4077.21
830.15	4622.56
830.45	3604.42
830.74	5977.73
831.04	4966.62
831.34	5364.51
831.63	6333.49
831.93	5071.94
832.22	5022.79
832.52	4292.54
832.82	3822.09
833.11	3646.55
833.41	3969.55
833.70	4072.53
834.00	5289.61
834.29	4355.74
834.59	3758.90
834.89	4730.22
835.18	4126.36
835.48	6115.82
835.77	4964.28
836.07	4966.62
836.36	4786.40
836.66	5252.16
836.95	4182.54
837.25	4056.15
837.54	4737.24
837.84	4046.79
838.13	4430.63
838.43	3969.55
838.72	6429.45
839.02	5404.30
839.31	3836.14
839.61	5423.02
839.90	3733.15
840.20	4755.97
840.49	3770.60
840.78	4643.62
841.08	4809.80
841.37	4138.07
841.67	3770.60
841.96	4816.82
842.26	4440.00
842.55	3707.41
842.84	3868.91
843.14	5074.28
843.43	3744.86
843.73	4252.75
844.02	3541.23
844.31	4201.26
844.61	3981.25
844.90	4542.98
845.20	4388.50
845.49	3569.32
845.78	4049.13
846.08	3751.88
846.37	3414.84
846.66	4582.77
846.96	4837.89
847.25	4545.32
847.54	3702.73
847.84	3843.16
848.13	4114.66
848.42	5448.77
848.72	3978.91
849.01	4751.29
849.30	3983.59
849.59	3904.01
849.89	3896.99
850.18	5703.89
850.47	3838.48
850.76	7016.93
851.06	6733.72
851.35	4674.05
851.64	5029.81
851.93	4383.82
852.23	7822.07
852.52	4243.39
852.81	3939.12
853.10	4252.75
853.40	3569.32
853.69	3651.24
853.98	4187.22
854.27	4980.66
854.56	4018.70
854.86	4585.11
855.15	4266.80
855.44	4739.58
855.73	3592.72
856.02	3896.99
856.31	4994.70
856.61	4442.34
856.90	4112.32
857.19	3730.81
857.48	3494.42
857.77	3782.31
858.06	3412.50
858.35	3578.68
858.65	5518.98
858.94	4926.83
859.23	4004.66
859.52	4713.84
859.81	5731.97
860.10	3899.33
860.39	4814.48
860.68	5795.17
860.97	3875.93
861.26	3854.86
861.55	5659.42
861.85	4224.67
862.14	4711.50
862.43	4922.15
862.72	5088.32
863.01	3613.79
863.30	3943.80
863.59	4496.17
863.88	4067.85
864.17	4194.24
864.46	3775.28
864.75	6537.12
865.04	4322.97
865.33	3946.14
865.62	5334.08
865.91	3878.27
866.20	4758.31
866.49	3960.19
866.78	4049.13
867.07	4007.00
867.36	5240.46
867.65	5081.30
867.93	4762.99
868.22	4287.86
868.51	4014.02
868.80	4278.50
869.09	4058.49
869.38	3782.31
869.67	6176.67
869.96	6176.67
870.25	6176.67
