178.76	1654.76
179.14	1654.76
179.52	1654.76
179.90	1710.93
180.28	11147.97
180.66	6249.23
181.04	8266.77
181.42	7239.28
181.80	6300.72
182.18	11206.48
182.55	5902.83
182.93	7318.86
183.31	7075.44
183.69	8109.96
184.07	8301.88
184.45	7199.49
184.83	7424.18
185.21	6740.74
185.59	6902.24
185.97	16617.80
186.35	12042.06
186.72	7108.21
187.10	7262.68
187.48	11672.25
187.86	9092.98
188.24	6640.10
188.62	6321.79
189.00	11192.44
189.38	7915.69
189.75	7524.82
190.13	8039.74
190.51	6406.05
190.89	15396.04
191.27	21500.16
191.65	6970.12
192.03	7925.05
192.40	10553.48
192.78	7653.55
193.16	8837.86
193.54	12428.24
193.92	11122.23
194.30	6967.77
194.67	9614.92
195.05	8624.87
195.43	7353.96
195.81	7112.89
196.19	10712.63
196.56	7730.79
196.94	7346.94
197.32	11735.45
197.70	6576.91
198.08	8779.35
198.45	6759.47
198.83	7644.19
199.21	6853.09
199.59	12573.36
199.97	8205.92
200.34	5994.11
200.72	6810.96
201.10	14335.78
201.48	10239.84
201.85	6473.92
202.23	6981.82
202.61	6693.93
202.99	16231.62
203.36	6684.57
203.74	9301.29
204.12	7213.53
204.49	6705.63
204.87	9025.11
205.25	7314.17
205.63	5912.19
206.00	6534.78
206.38	8109.96
206.76	9893.44
207.14	6574.56
207.51	6052.63
207.89	11115.20
208.27	6415.41
208.64	5411.32
209.02	6757.13
209.40	7101.19
209.77	5689.84
210.15	13231.05
210.53	5923.90
210.90	11510.75
211.28	6253.91
211.66	12287.81
212.03	6738.40
212.41	5860.70
212.79	7133.95
213.16	5970.71
213.54	7606.74
213.92	7962.50
214.29	5685.16
214.67	6499.67
215.05	6937.35
215.42	9502.58
215.80	7073.10
216.17	6757.13
216.55	7960.16
216.93	5811.55
217.30	8985.32
217.68	6370.94
218.05	6717.34
218.43	6682.23
218.81	6965.43
219.18	11318.83
219.56	6740.74
219.93	6656.48
220.31	6637.76
220.69	6003.47
221.06	6195.40
221.44	7669.94
221.81	6345.19
222.19	5792.83
222.56	6232.85
222.94	6951.39
223.32	7796.32
223.69	6244.55
224.07	8982.98
224.44	12868.27
224.82	7639.51
225.19	8491.46
225.57	7585.68
225.94	6539.46
226.32	7311.83
226.69	12566.34
227.07	8667.00
227.44	6897.56
227.82	7925.05
228.19	7033.31
228.57	8896.38
228.94	11824.39
229.32	9806.84
229.69	8819.14
230.07	6897.56
230.44	6171.99
230.82	11110.52
231.19	9586.83
231.57	5600.90
231.94	5724.95
232.32	9158.52
232.69	6937.35
233.07	7576.31
233.44	8283.16
233.82	7035.65
234.19	7384.39
234.57	10207.08
234.94	6546.48
235.31	6796.92
235.69	7335.24
236.06	7550.57
236.44	8779.35
236.81	6008.16
237.19	7871.22
237.56	12109.93
237.93	6497.33
238.31	7700.36
238.68	7054.37
239.06	7569.29
239.43	8917.44
239.81	8203.58
240.18	6122.84
240.55	6319.45
240.93	13097.64
241.30	7906.33
241.67	7375.03
242.05	8648.28
242.42	9724.93
242.80	5895.81
243.17	7765.90
243.54	7691.00
243.92	9245.12
244.29	7241.62
244.66	7606.74
245.04	10363.89
245.41	16627.17
245.78	5944.96
246.16	6801.60
246.53	9034.47
246.90	7126.93
247.28	13057.85
247.65	7061.40
248.02	7138.63
248.40	10127.50
248.77	7581.00
249.14	8491.46
249.52	7140.97
249.89	8608.49
250.26	6380.30
250.64	7517.80
251.01	15580.95
251.38	5776.44
251.75	7461.63
252.13	6890.54
252.50	9224.05
252.87	13792.78
253.25	5970.71
253.62	8049.10
253.99	5989.43
254.36	9387.89
254.74	6696.27
255.11	6150.93
255.48	5654.73
255.85	14239.82
256.23	5818.57
256.60	5497.92
256.97	6916.28
257.34	8208.26
257.71	7595.04
258.09	6712.66
258.46	7843.14
258.83	11501.39
259.20	9816.21
259.58	7206.51
259.95	7304.81
260.32	9380.87
260.69	6122.84
261.06	10916.26
261.44	6277.32
261.81	13235.73
262.18	7992.93
262.55	6368.60
262.92	7412.48
263.29	6604.99
263.67	5884.11
264.04	6637.76
264.41	6888.20
264.78	6544.14
265.15	10490.28
265.52	12573.36
265.90	7557.59
266.27	6511.37
266.64	5778.78
267.01	5575.16
267.38	8114.64
267.75	6218.80
268.12	5331.74
268.50	7187.79
268.87	6286.68
269.24	6263.27
269.61	7655.89
269.98	8262.09
270.35	8187.19
270.72	6221.14
271.09	7117.57
271.46	6497.33
271.83	7934.42
272.21	9376.19
272.58	6197.74
272.95	6466.90
273.32	7524.82
273.69	7344.60
274.06	5748.36
274.43	6303.06
274.80	7096.50
275.17	7868.88
275.54	11871.20
275.91	7295.45
276.28	7426.52
276.65	7698.02
277.02	11492.03
277.39	6298.38
277.76	6321.79
278.13	8390.82
278.50	9022.77
278.87	10691.57
279.24	9263.84
279.61	8704.45
279.98	9954.30
280.35	6548.82
280.72	7623.12
281.09	7077.78
281.46	7564.61
281.83	6335.83
282.20	8084.21
282.57	6569.88
282.94	8217.62
283.31	6616.69
283.68	7939.10
284.05	5738.99
284.42	5425.36
284.79	7742.49
285.16	8664.66
285.53	7403.11
285.90	7398.43
286.27	14946.66
286.64	5722.61
287.01	6366.26
287.38	8439.97
287.75	59302.15
288.12	8706.79
288.49	16863.56
288.86	6129.86
289.23	6150.93
289.59	6223.48
289.96	6101.78
290.33	6457.54
290.70	6745.42
291.07	8418.91
291.44	7920.37
291.81	5930.92
292.18	7485.03
292.55	6637.76
292.91	12697.41
293.28	8292.52
293.65	11112.86
294.02	7873.56
294.39	5741.33
294.76	7047.35
295.13	7611.42
295.50	7145.66
295.86	7183.10
296.23	6630.74
296.60	5968.37
296.97	6523.07
297.34	7239.28
297.71	9041.49
298.07	7342.26
298.44	5453.45
298.81	8004.63
299.18	7506.10
299.55	10761.78
299.91	7192.47
300.28	7475.67
300.65	5544.73
301.02	7737.81
301.39	8313.58
301.75	13483.83
302.12	8304.22
302.49	7215.87
302.86	10714.97
303.23	7623.12
303.59	5975.39
303.96	17551.68
304.33	9858.34
304.70	15227.53
305.06	6607.33
305.43	10253.89
305.80	8500.83
306.17	9144.47
306.53	6417.75
306.90	9647.69
307.27	7300.13
307.64	10609.65
308.00	6431.79
308.37	6459.88
308.74	12231.64
309.11	8992.34
309.47	6523.07
309.84	5731.97
310.21	7253.32
310.57	7597.38
310.94	6839.05
311.31	7405.46
311.67	7908.67
312.04	5645.37
312.41	10008.13
312.77	8262.09
313.14	6424.77
313.51	6965.43
313.87	6672.87
314.24	6715.00
314.61	6483.28
314.97	6757.13
315.34	7211.19
315.71	5575.16
316.07	9228.73
316.44	5827.93
316.81	9104.68
317.17	6363.92
317.54	15910.96
317.91	6567.54
318.27	5486.22
318.64	6965.43
319.00	8870.63
319.37	5565.79
319.74	9380.87
320.10	9490.87
320.47	6696.27
320.83	11094.14
321.20	7068.42
321.57	6040.92
321.93	6703.29
322.30	7492.05
322.66	6523.07
323.03	8849.57
323.40	8128.68
323.76	6574.56
324.13	6377.96
324.49	5481.53
324.86	18848.33
325.22	7529.50
325.59	7014.59
325.95	7950.80
326.32	9628.96
326.68	9350.44
327.05	7014.59
327.42	6195.40
327.78	6499.67
328.15	9624.28
328.51	6455.20
328.88	8765.31
329.24	11426.50
329.61	7389.07
329.97	8755.94
330.34	6572.22
330.70	7318.86
331.07	10719.65
331.43	8718.50
331.80	13441.70
332.16	10141.54
332.52	6127.52
332.89	8259.75
333.25	5554.09
333.62	12531.23
333.98	7548.23
334.35	7007.56
334.71	7421.84
335.08	5760.06
335.44	12217.60
335.81	12046.74
336.17	10279.63
336.53	7424.18
336.90	6106.46
337.26	8620.19
337.63	9441.72
337.99	7735.47
338.36	5989.43
338.72	9238.09
339.08	7527.16
339.45	5851.34
339.81	9785.78
340.18	7002.88
340.54	10377.94
340.90	6279.66
341.27	7061.40
341.63	8437.63
341.99	5338.76
342.36	10630.71
342.72	5973.05
343.09	10637.73
343.45	6420.09
343.81	10815.62
344.18	5710.91
344.54	7070.76
344.90	7871.22
345.27	7494.40
345.63	6906.92
345.99	9102.34
346.36	7276.73
346.72	5860.70
347.08	6132.20
347.45	5556.43
347.81	9893.44
348.17	7613.76
348.54	5708.57
348.90	9172.56
349.26	9727.27
349.62	10846.04
349.99	5437.06
350.35	5247.48
350.71	7845.48
351.08	7258.00
351.44	5298.97
351.80	13547.02
352.16	11712.04
352.53	6026.88
352.89	8470.40
353.25	11382.03
353.61	6700.95
353.98	8975.95
354.34	10209.42
354.70	6370.94
355.06	5458.13
355.43	7410.14
355.79	6717.34
356.15	6693.93
356.51	5926.24
356.88	6115.82
357.24	6740.74
357.60	5617.29
357.96	5404.30
358.32	15585.63
358.69	5437.06
359.05	8133.36
359.41	7552.91
359.77	5937.94
360.13	6216.46
360.49	6108.80
360.86	8917.44
361.22	11492.03
361.58	7660.57
361.94	11087.12
362.30	5935.60
362.66	8603.81
363.03	5181.95
363.39	5254.50
363.75	6200.08
364.11	10132.18
364.47	6326.47
364.83	10733.70
365.19	7566.95
365.56	9018.08
365.92	5376.21
366.28	8758.28
366.64	10050.26
367.00	5446.43
367.36	5479.19
367.72	10061.96
368.08	9413.63
368.44	6544.14
368.80	8308.90
369.17	6644.78
369.53	6801.60
369.89	6090.07
370.25	6129.86
370.61	6282.00
370.97	10827.32
371.33	6450.52
371.69	12685.70
372.05	8374.44
372.41	5951.98
372.77	6642.44
373.13	7669.94
373.49	5156.20
373.85	7943.78
374.21	7756.54
374.57	5715.59
374.93	8741.90
375.29	9282.56
375.65	7555.25
376.01	7265.02
376.37	10326.44
376.73	8725.52
377.09	5785.80
377.45	9846.63
377.81	6977.14
378.17	5975.39
378.53	5287.27
378.89	8475.08
379.25	11192.44
379.61	14420.04
379.97	9504.92
380.33	6502.01
380.69	6223.48
381.05	5678.14
381.41	9280.22
381.77	7295.45
382.13	8720.84
382.49	15091.77
382.85	7461.63
383.21	8933.82
383.57	5483.88
383.93	10602.63
384.28	5221.74
384.64	6677.55
385.00	7566.95
385.36	7325.88
385.72	9109.36
386.08	5982.41
386.44	8887.01
386.80	9130.43
387.16	10836.68
387.52	9565.77
387.87	13933.21
388.23	8016.33
388.59	6139.23
388.95	5509.62
389.31	6885.86
389.67	6991.18
390.03	6312.42
390.38	6534.78
390.74	5046.20
391.10	9413.63
391.46	7719.09
391.82	6064.33
392.18	8489.12
392.54	4940.87
392.89	5640.69
393.25	8538.27
393.61	5795.17
393.97	5486.22
394.33	7878.24
394.68	6853.09
395.04	5568.13
395.40	7365.67
395.76	9420.66
396.12	7709.72
396.47	5825.59
396.83	7110.55
397.19	5753.04
397.55	5947.30
397.90	7494.40
398.26	7243.96
398.62	5743.67
398.98	5013.43
399.33	6747.76
399.69	24533.50
400.05	8351.03
400.41	5935.60
400.76	8734.88
401.12	10359.21
401.48	7962.50
401.84	6083.05
402.19	6242.21
402.55	7735.47
402.91	7325.88
403.26	5392.59
403.62	8454.02
403.98	7133.95
404.34	4931.51
404.69	7101.19
405.05	9158.52
405.41	14279.61
405.76	6012.84
406.12	6141.57
406.48	6661.16
406.83	6143.91
407.19	8418.91
407.55	8006.97
407.90	14218.75
408.26	8561.68
408.62	9387.89
408.97	7075.44
409.33	5540.05
409.68	5827.93
410.04	7817.39
410.40	6118.16
410.75	8294.86
411.11	5959.00
411.47	7714.41
411.82	6691.59
412.18	7194.81
412.53	6944.37
412.89	6291.36
413.25	6757.13
413.60	7250.98
413.96	5298.97
414.31	6417.75
414.67	7501.42
415.03	5383.23
415.38	5809.21
415.74	6569.88
416.09	6651.80
416.45	8723.18
416.80	5994.11
417.16	8519.55
417.51	6871.81
417.87	6558.18
418.23	8070.17
418.58	8133.36
418.94	5062.58
419.29	6129.86
419.65	7756.54
420.00	8896.38
420.36	8402.52
420.71	8280.82
421.07	5551.75
421.42	7227.57
421.78	9149.15
422.13	6712.66
422.49	5547.07
422.84	7304.81
423.20	5282.59
423.55	5614.95
423.91	5371.53
424.26	14108.75
424.61	8283.16
424.97	11681.61
425.32	5959.00
425.68	6745.42
426.03	7857.18
426.39	10209.42
426.74	10026.86
427.10	9469.81
427.45	6141.57
427.80	7749.51
428.16	6993.52
428.51	6949.05
428.87	7676.96
429.22	9444.06
429.58	10265.59
429.93	10310.06
430.28	6045.60
430.64	6284.34
430.99	5242.80
431.35	7517.80
431.70	6654.14
432.05	6806.28
432.41	8325.29
432.76	7791.64
433.11	8114.64
433.47	7817.39
433.82	11138.61
434.17	8175.49
434.53	7861.86
434.88	14656.43
435.24	7768.24
435.59	7438.22
435.94	5661.76
436.30	8332.31
436.65	6455.20
437.00	9675.77
437.35	16631.85
437.71	6675.21
438.06	6406.05
438.41	6249.23
438.77	7939.10
439.12	5247.48
439.47	4819.16
439.83	7707.38
440.18	5317.70
440.53	6738.40
440.88	12465.69
441.24	8622.53
441.59	5717.93
441.94	6560.52
442.30	8439.97
442.65	12863.58
443.00	6972.46
443.35	10523.05
443.71	6516.05
444.06	9582.15
444.41	8063.15
444.76	11618.42
445.11	7197.15
445.47	10464.54
445.82	9160.86
446.17	5919.21
446.52	10338.15
446.88	7316.51
447.23	5308.34
447.58	8032.72
447.93	6054.97
448.28	30316.96
448.63	10949.03
448.99	7042.67
449.34	8372.10
449.69	8987.66
450.04	6523.07
450.39	6333.49
450.74	7295.45
451.10	6925.65
451.45	7258.00
451.80	7536.52
452.15	10092.39
452.50	8231.66
452.85	9980.04
453.21	9191.28
453.56	7683.98
453.91	6682.23
454.26	7421.84
454.61	5853.68
454.96	8379.12
455.31	6768.83
455.66	6422.43
456.01	8229.32
456.36	6532.44
456.72	6148.59
457.07	7894.63
457.42	10399.00
457.77	9275.54
458.12	5865.38
458.47	7405.46
458.82	9888.76
459.17	7250.98
459.52	7321.20
459.87	11988.22
460.22	5713.25
460.57	7501.42
460.92	6127.52
461.27	8367.42
461.62	6829.68
461.97	5984.75
462.32	12327.60
462.67	10780.51
463.02	13795.12
463.38	13650.00
463.73	9055.53
464.08	12437.61
464.43	7662.91
464.78	5748.36
465.12	8446.99
465.47	8765.31
465.82	28896.25
466.17	6530.09
466.52	8854.25
466.87	6387.32
467.22	5984.75
467.57	5210.03
467.92	8009.31
468.27	11262.66
468.62	15047.30
468.97	6616.69
469.32	5097.69
469.67	16135.65
470.02	14485.58
470.37	6246.89
470.72	7709.72
471.07	5603.24
471.42	6792.23
471.76	7033.31
472.11	6747.76
472.46	8650.62
472.81	15367.96
473.16	5987.09
473.51	6120.50
473.86	5219.39
474.21	6672.87
474.56	6427.11
474.90	6333.49
475.25	9905.15
475.60	8861.27
475.95	6094.76
476.30	11473.31
476.65	10373.25
477.00	15454.56
477.34	11454.58
477.69	5643.03
478.04	9600.88
478.39	7389.07
478.74	5856.02
479.09	5247.48
479.43	7082.46
479.78	5195.99
480.13	12645.91
480.48	10396.66
480.83	7480.35
481.17	5490.90
481.52	7005.22
481.87	6413.07
482.22	12105.25
482.57	6864.79
482.91	9329.38
483.26	8035.06
483.61	6616.69
483.96	7571.63
484.30	65535.00
484.65	12746.56
485.00	6012.84
485.35	6782.87
485.69	5823.25
486.04	6614.35
486.39	7976.55
486.74	7838.45
487.08	5444.09
487.43	8058.46
487.78	4990.02
488.12	8409.54
488.47	6274.98
488.82	10654.12
489.17	5940.28
489.51	5188.97
489.86	8049.10
490.21	5348.12
490.55	7899.31
490.90	5401.96
491.25	6569.88
491.59	5570.48
491.94	13048.49
492.29	6413.07
492.63	7187.79
492.98	4868.31
493.33	7431.20
493.67	6296.04
494.02	5549.41
494.37	5645.37
494.71	8315.92
495.06	6164.97
495.40	10541.77
495.75	6211.78
496.10	10576.88
496.44	6958.41
496.79	8355.71
497.13	5872.40
497.48	14534.73
497.83	10490.28
498.17	8311.24
498.52	6342.85
498.86	8751.26
499.21	6698.61
499.56	6043.26
499.90	6604.99
500.25	5303.65
500.59	7082.46
500.94	7934.42
501.28	8762.97
501.63	9825.57
501.97	6679.89
502.32	5781.12
502.67	7995.27
503.01	5404.30
503.36	6352.21
503.70	6338.17
504.05	8444.65
504.39	9252.14
504.74	6841.39
505.08	11014.56
505.43	4805.12
505.77	5727.29
506.12	7463.97
506.46	6750.10
506.81	5851.34
507.15	5788.14
507.49	6534.78
507.84	5713.25
508.18	7819.73
508.53	7520.14
508.87	7290.77
509.22	6612.01
509.56	65535.00
509.91	19433.47
510.25	7178.42
510.60	4966.62
510.94	9121.07
511.28	5011.09
511.63	9511.94
511.97	7878.24
512.32	9188.94
512.66	5830.27
513.00	7155.02
513.35	9692.16
513.69	5500.26
514.04	8659.98
514.38	8926.80
514.72	7744.83
515.07	5900.49
515.41	5879.43
515.76	5984.75
516.10	7302.47
516.44	9191.28
516.79	6331.15
517.13	5497.92
517.47	9570.45
517.82	7375.03
518.16	6829.68
518.50	7449.93
518.85	7581.00
519.19	10305.38
519.53	13692.13
519.88	8823.82
520.22	6576.91
520.56	7185.44
520.91	5472.17
521.25	5738.99
521.59	6909.26
521.93	7999.95
522.28	6754.79
522.62	7882.92
522.96	9322.35
523.31	6771.17
523.65	8088.89
523.99	8664.66
524.33	11723.74
524.68	8313.58
525.02	5511.96
525.36	7889.95
525.70	5219.39
526.05	6026.88
526.39	5722.61
526.73	8416.57
527.07	7461.63
527.41	10710.29
527.76	5738.99
528.10	6733.72
528.44	8081.87
528.78	6981.82
529.12	8957.23
529.47	6752.45
529.81	9612.58
530.15	9598.54
530.49	8266.77
530.83	5210.03
531.18	5713.25
531.52	6806.28
531.86	5479.19
532.20	7248.64
532.54	9886.42
532.88	4875.34
533.22	6766.49
533.57	6181.35
533.91	9706.20
534.25	5586.86
534.59	10995.84
534.93	8809.78
535.27	6040.92
535.61	6656.48
535.95	11140.95
536.30	5322.38
536.64	7037.99
536.98	4730.22
537.32	6612.01
537.66	5081.30
538.00	8191.88
538.34	8360.39
538.68	8269.11
539.02	11882.90
539.36	6389.66
539.70	5497.92
540.04	6911.60
540.39	20528.84
540.73	5811.55
541.07	7311.83
541.41	7763.56
541.75	7932.08
542.09	10368.57
542.43	8018.68
542.77	7112.89
543.11	7543.55
543.45	7136.29
543.79	9563.43
544.13	6604.99
544.47	6497.33
544.81	5771.76
545.15	8428.27
545.49	6899.90
545.83	5767.08
546.17	6504.35
546.51	4858.95
546.85	6167.31
547.19	11311.81
547.53	5291.95
547.87	8678.71
548.21	12477.40
548.54	7293.11
548.88	6223.48
549.22	5933.26
549.56	5268.55
549.90	6211.78
550.24	6916.28
550.58	5823.25
550.92	9853.66
551.26	6431.79
551.60	10991.16
551.94	6169.65
552.28	6602.65
552.61	8355.71
552.95	6752.45
553.29	6186.04
553.63	7290.77
553.97	11442.88
554.31	9572.79
554.65	10483.26
554.99	10448.15
555.32	6370.94
555.66	8170.81
556.00	4905.76
556.34	6885.86
556.68	7435.88
557.02	9329.38
557.36	7433.54
557.69	7126.93
558.03	6099.44
558.37	12978.27
558.71	15133.90
559.05	10478.58
559.38	11559.91
559.72	5916.87
560.06	8966.59
560.40	8519.55
560.74	10024.51
561.07	8088.89
561.41	9813.87
561.75	7995.27
562.09	6293.70
562.42	9118.73
562.76	8418.91
563.10	7342.26
563.44	24896.28
563.77	7866.54
564.11	8245.71
564.45	10024.51
564.79	8273.79
565.12	7360.98
565.46	7679.30
565.80	7845.48
566.14	7747.17
566.47	9451.08
566.81	5942.62
567.15	7468.65
567.48	8152.09
567.82	8533.59
568.16	7691.00
568.49	5977.73
568.83	5654.73
569.17	7054.37
569.50	7929.74
569.84	10832.00
570.18	7873.56
570.51	11461.60
570.85	6946.71
571.19	6649.46
571.52	6073.69
571.86	7543.55
572.20	6494.99
572.53	10960.73
572.87	6064.33
573.21	5771.76
573.54	5593.88
573.88	7691.00
574.21	7466.31
574.55	6899.90
574.89	6459.88
575.22	9146.81
575.56	6272.64
575.89	6216.46
576.23	6700.95
576.57	7819.73
576.90	6157.95
577.24	7529.50
577.57	5671.12
577.91	7948.46
578.24	5273.23
578.58	6899.90
578.91	8301.88
579.25	6061.99
579.59	7421.84
579.92	6958.41
580.26	5572.82
580.59	7836.11
580.93	7723.77
581.26	6525.41
581.60	7960.16
581.93	8432.95
582.27	11391.39
582.60	5858.36
582.94	7445.24
583.27	5797.51
583.61	6698.61
583.94	7564.61
584.28	5303.65
584.61	6626.06
584.94	8236.35
585.28	8121.66
585.61	8980.64
585.95	8636.58
586.28	11716.72
586.62	13355.10
586.95	7138.63
587.29	12486.76
587.62	15536.48
587.95	5659.42
588.29	7723.77
588.62	8219.96
588.96	9418.32
589.29	6511.37
589.62	6296.04
589.96	6822.66
590.29	6335.83
590.63	5371.53
590.96	8940.85
591.29	9053.19
591.63	9891.10
591.96	5692.18
592.29	6604.99
592.63	6406.05
592.96	7758.88
593.30	11880.56
593.63	7903.99
593.96	5827.93
594.30	6583.93
594.63	7929.74
594.96	11910.99
595.30	7248.64
595.63	6679.89
595.96	6064.33
596.29	8095.91
596.63	6654.14
596.96	8826.16
597.29	8327.63
597.63	5139.82
597.96	10251.55
598.29	9666.41
598.63	9685.14
598.96	6076.03
599.29	6359.24
599.62	6157.95
599.96	6286.68
600.29	6923.30
600.62	5792.83
600.95	6452.86
601.29	7040.33
601.62	7686.32
601.95	7208.85
602.28	6202.42
602.61	21778.68
602.95	7412.48
603.28	12018.65
603.61	6083.05
603.94	9540.02
604.27	5900.49
604.61	8622.53
604.94	8065.49
605.27	7531.84
605.60	5778.78
605.93	6111.14
606.27	9252.14
606.60	6033.90
606.93	5383.23
607.26	11260.32
607.59	7625.47
607.92	10150.90
608.26	6211.78
608.59	6176.67
608.92	6782.87
609.25	5654.73
609.58	7852.50
609.91	8510.19
610.24	13701.50
610.57	8088.89
610.90	9940.26
611.24	5266.21
611.57	5390.25
611.90	9188.94
612.23	7103.53
612.56	9011.06
612.89	8575.72
613.22	8772.33
613.55	5266.21
613.88	9554.07
614.21	5930.92
614.54	8114.64
614.87	5900.49
615.20	4896.40
615.53	10111.11
615.87	6347.53
616.20	7307.15
616.53	10445.81
616.86	7023.95
617.19	8292.52
617.52	6251.57
617.85	6511.37
618.18	6090.07
618.51	6705.63
618.84	8758.28
619.17	6946.71
619.50	11056.69
619.83	10541.77
620.16	8564.02
620.49	6352.21
620.82	14476.21
621.14	10801.57
621.47	6785.21
621.80	10214.10
622.13	7672.28
622.46	15173.69
622.79	8851.91
623.12	5523.66
623.45	9575.13
623.78	8730.20
624.11	5823.25
624.44	7817.39
624.77	5619.63
625.10	6099.44
625.43	5785.80
625.75	7440.56
626.08	6143.91
626.41	5933.26
626.74	7162.04
627.07	6513.71
627.40	12493.78
627.73	6635.42
628.06	6066.67
628.38	4861.29
628.71	8950.21
629.04	10045.58
629.37	8706.79
629.70	7463.97
630.03	6036.24
630.36	10183.67
630.68	9074.26
631.01	6499.67
631.34	11068.39
631.67	6389.66
632.00	5013.43
632.32	9210.01
632.65	10150.90
632.98	7749.51
633.31	7307.15
633.64	9348.10
633.96	5902.83
634.29	11026.26
634.62	7433.54
634.95	7962.50
635.27	7634.83
635.60	8608.49
635.93	8102.93
636.26	8035.06
636.58	6422.43
636.91	6384.98
637.24	6071.35
637.57	7456.95
637.89	8521.89
638.22	6504.35
638.55	7496.74
638.87	7681.64
639.20	8786.37
639.53	8161.45
639.86	6286.68
640.18	5710.91
640.51	7386.73
640.84	8065.49
641.16	5626.65
641.49	7751.85
641.82	5820.91
642.14	5928.58
642.47	14127.47
642.80	7066.08
643.12	9439.38
643.45	7157.36
643.78	7590.36
644.10	6204.76
644.43	7213.53
644.75	10445.81
645.08	5336.42
645.41	8182.51
645.73	5879.43
646.06	15536.48
646.39	9231.07
646.71	6312.42
647.04	5994.11
647.36	5259.18
647.69	8795.73
648.01	7669.94
648.34	6115.82
648.67	10057.28
648.99	10532.41
649.32	6122.84
649.64	5460.47
649.97	4795.76
650.29	5600.90
650.62	14817.93
650.94	7482.69
651.27	11447.56
651.59	6967.77
651.92	6162.63
652.25	8102.93
652.57	5877.09
652.90	5912.19
653.22	7786.96
653.55	7857.18
653.87	5177.26
654.20	7466.31
654.52	11351.60
654.84	6951.39
655.17	8381.46
655.49	11559.91
655.82	6679.89
656.14	7845.48
656.47	8697.43
656.79	12004.61
657.12	6684.57
657.44	6600.31
657.77	9069.58
658.09	7492.05
658.41	7037.99
658.74	8573.38
659.06	5666.44
659.39	6946.71
659.71	6401.37
660.03	7241.62
660.36	6656.48
660.68	10043.24
661.01	13694.47
661.33	10944.34
661.65	6399.02
661.98	14218.75
662.30	10780.51
662.63	7330.56
662.95	6715.00
663.27	6403.71
663.60	5472.17
663.92	6979.48
664.24	7052.03
664.57	5891.13
664.89	6298.38
665.21	6356.90
665.54	9778.76
665.86	7566.95
666.18	7585.68
666.51	10705.61
666.83	6565.20
667.15	15527.11
667.47	9907.49
667.80	8250.39
668.12	6141.57
668.44	7501.42
668.77	8940.85
669.09	10562.84
669.41	9135.11
669.73	5530.69
670.06	7421.84
670.38	6869.47
670.70	5371.53
671.02	8290.18
671.35	6487.96
671.67	10958.39
671.99	7021.61
672.31	10410.70
672.63	7822.07
672.96	11419.47
673.28	6478.60
673.60	7595.04
673.92	7529.50
674.24	6005.81
674.57	6370.94
674.89	9954.30
675.21	6953.73
675.53	9327.03
675.85	10148.56
676.17	10391.98
676.50	5933.26
676.82	10134.52
677.14	7721.43
677.46	15131.56
677.78	5535.37
678.10	9549.39
678.42	7232.26
678.75	6450.52
679.07	5764.74
679.39	7342.26
679.71	6630.74
680.03	6445.84
680.35	6424.77
680.67	6633.08
680.99	6139.23
681.31	5408.98
681.63	8290.18
681.96	10319.42
682.28	6600.31
682.60	6024.54
682.92	8772.33
683.24	5453.45
683.56	8723.18
683.88	6373.28
684.20	7082.46
684.52	6597.97
684.84	6548.82
685.16	6670.53
685.48	9263.84
685.80	7854.84
686.12	8786.37
686.44	12016.31
686.76	7030.97
687.08	5392.59
687.40	5806.87
687.72	9591.52
688.04	6881.18
688.36	14799.21
688.68	11180.74
689.00	8124.00
689.32	6839.05
689.64	6658.82
689.96	7030.97
690.28	9968.34
690.60	10616.67
690.92	6277.32
691.24	8587.43
691.56	6771.17
691.88	6984.16
692.19	5966.03
692.51	9549.39
692.83	8226.98
693.15	9167.88
693.47	8278.47
693.79	7520.14
694.11	9968.34
694.43	8018.68
694.75	7084.80
695.06	7501.42
695.38	10399.00
695.70	7691.00
696.02	7569.29
696.34	6506.69
696.66	6565.20
696.98	5331.74
697.29	7658.23
697.61	11562.25
697.93	9846.63
698.25	14068.96
698.57	8173.15
698.89	5661.76
699.20	6995.86
699.52	11318.83
699.84	5172.58
700.16	7080.12
700.48	10719.65
700.79	5839.64
701.11	12102.91
701.43	9544.70
701.75	6242.21
702.07	6888.20
702.38	12039.72
702.70	6263.27
703.02	5959.00
703.34	9067.24
703.65	7616.10
703.97	6883.52
704.29	5020.45
704.61	5851.34
704.92	9202.99
705.24	6839.05
705.56	9720.24
705.87	10029.20
706.19	7281.41
706.51	5273.23
706.82	10101.75
707.14	6078.37
707.46	5366.85
707.78	5991.77
708.09	8526.57
708.41	9865.36
708.73	7838.45
709.04	10403.68
709.36	6860.11
709.68	7194.81
709.99	13706.18
710.31	10501.98
710.62	7440.56
710.94	6745.42
711.26	8093.57
711.57	6963.09
711.89	5823.25
712.21	15714.36
712.52	7405.46
712.84	10944.34
713.15	7995.27
713.47	9448.74
713.79	5607.92
714.10	6363.92
714.42	6902.24
714.73	10881.15
715.05	5511.96
715.36	5867.72
715.68	6038.58
715.99	6700.95
716.31	9720.24
716.63	8748.92
716.94	9848.97
717.26	20355.64
717.57	9502.58
717.89	11728.42
718.20	6263.27
718.52	8821.48
718.83	7066.08
719.15	15215.82
719.46	14553.45
719.78	7988.25
720.09	7122.25
720.41	6104.12
720.72	5769.42
721.04	6071.35
721.35	7098.84
721.67	7087.14
721.98	6846.07
722.29	6672.87
722.61	6403.71
722.92	5217.05
723.24	6888.20
723.55	7496.74
723.87	8018.68
724.18	8858.93
724.50	5811.55
724.81	7063.74
725.12	7358.64
725.44	8641.26
725.75	7576.31
726.07	11028.60
726.38	8542.96
726.69	6832.02
727.01	8957.23
727.32	8779.35
727.63	6799.26
727.95	11150.31
728.26	6413.07
728.58	9137.45
728.89	6633.08
729.20	7178.42
729.52	5975.39
729.83	14026.83
730.14	8774.67
730.46	7260.34
730.77	10068.98
731.08	8798.07
731.39	6977.14
731.71	7557.59
732.02	9380.87
732.33	7232.26
732.65	6820.32
732.96	11218.19
733.27	9584.49
733.59	14752.40
733.90	9947.28
734.21	5879.43
734.52	7131.61
734.84	17717.86
735.15	6595.63
735.46	7002.88
735.77	7552.91
736.09	7213.53
736.40	11281.38
736.71	9329.38
737.02	5717.93
737.33	6679.89
737.65	6970.12
737.96	7449.93
738.27	7878.24
738.58	13757.67
738.89	8702.11
739.21	6530.09
739.52	5163.22
739.83	8819.14
740.14	6310.08
740.45	7452.27
740.76	6576.91
741.08	5734.31
741.39	7164.38
741.70	6864.79
742.01	8039.74
742.32	10452.83
742.63	7882.92
742.94	6069.01
743.26	9008.72
743.57	8519.55
743.88	9540.02
744.19	8142.72
744.50	6986.50
744.81	12856.56
745.12	7211.19
745.43	7379.71
745.74	15840.75
746.05	11630.12
746.36	5329.40
746.67	12645.91
746.99	7019.27
747.30	8620.19
747.61	6672.87
747.92	7908.67
748.23	10494.96
748.54	6923.30
748.85	6984.16
749.16	7644.19
749.47	6179.01
749.78	6700.95
750.09	6567.54
750.40	8418.91
750.71	8004.63
751.02	8741.90
751.33	7414.82
751.64	8238.69
751.95	7253.32
752.26	8802.75
752.57	9006.38
752.88	7033.31
753.19	7360.98
753.50	10733.70
753.81	6991.18
754.11	7524.82
754.42	17556.36
754.73	7660.57
755.04	8168.47
755.35	8023.36
755.66	14038.53
755.97	5998.79
756.28	6036.24
756.59	8992.34
756.90	17565.72
757.21	8388.48
757.52	11548.20
757.82	8322.94
758.13	6656.48
758.44	10347.51
758.75	8727.86
759.06	6553.50
759.37	6162.63
759.68	8292.52
759.98	6612.01
760.29	8695.09
760.60	8133.36
760.91	5671.12
761.22	7185.44
761.53	7730.79
761.83	6310.08
762.14	7639.51
762.45	6633.08
762.76	5692.18
763.07	8496.14
763.37	16648.23
763.68	11616.08
763.99	13448.72
764.30	11985.88
764.60	6619.04
764.91	10384.96
765.22	7896.97
765.53	14015.13
765.84	8016.33
766.14	7258.00
766.45	5596.22
766.76	11515.44
767.06	12318.24
767.37	7014.59
767.68	7627.81
767.99	6918.62
768.29	6696.27
768.60	7550.57
768.91	10249.21
769.21	13687.45
769.52	11274.36
769.83	7243.96
770.13	7447.58
770.44	7016.93
770.75	9289.59
771.05	7613.76
771.36	9170.22
771.67	7887.61
771.97	7035.65
772.28	7192.47
772.59	8063.15
772.89	9834.93
773.20	6633.08
773.51	6459.88
773.81	12327.60
774.12	5980.07
774.42	7419.50
774.73	6164.97
775.04	6377.96
775.34	22150.83
775.65	8580.40
775.95	12872.95
776.26	8327.63
776.56	6724.36
776.87	8713.81
777.18	65535.00
777.48	18038.51
777.79	7971.86
778.09	11199.46
778.40	6932.67
778.70	6932.67
779.01	11108.18
779.31	7616.10
779.62	7061.40
779.92	9151.49
780.23	8828.50
780.53	5767.08
780.84	7330.56
781.14	6738.40
781.45	6619.04
781.75	9696.84
782.06	6401.37
782.36	8334.65
782.67	6141.57
782.97	6523.07
783.28	13654.69
783.58	6932.67
783.89	6761.81
784.19	8910.42
784.49	13219.35
784.80	7419.50
785.10	13490.85
785.41	6284.34
785.71	8936.17
786.02	8390.82
786.32	14525.36
786.62	9654.71
786.93	11962.48
787.23	6843.73
787.54	7300.13
787.84	12924.44
788.14	8774.67
788.45	5490.90
788.75	7744.83
789.05	6001.13
789.36	7410.14
789.66	14260.88
789.96	9619.60
790.27	7740.15
790.57	7637.17
790.87	6375.62
791.18	6729.04
791.48	6342.85
791.78	8571.04
792.09	8968.93
792.39	6546.48
792.69	9736.63
793.00	9525.98
793.30	9160.86
793.60	5923.90
793.90	5549.41
794.21	8629.56
794.51	17394.86
794.81	11140.95
795.11	7789.30
795.42	6670.53
795.72	11599.70
796.02	9673.43
796.32	8624.87
796.63	8760.63
796.93	10476.24
797.23	9444.06
797.53	8180.17
797.84	10731.36
798.14	6590.95
798.44	8320.60
798.74	9057.87
799.04	8365.07
799.34	6054.97
799.65	16222.25
799.95	7925.05
800.25	7269.70
800.55	7030.97
800.85	8107.62
801.15	6502.01
801.46	7541.21
801.76	18307.67
802.06	7000.54
802.36	9607.90
802.66	6909.26
802.96	9628.96
803.26	11257.98
803.56	13518.93
803.87	16915.05
804.17	7407.80
804.47	10073.67
804.77	10995.84
805.07	11096.48
805.37	10097.07
805.67	9275.54
805.97	7332.90
806.27	7517.80
806.57	7126.93
806.87	11927.37
807.17	8280.82
807.47	11728.42
807.77	11180.74
808.07	6860.11
808.37	11859.49
808.67	8032.72
808.98	15864.15
809.28	7028.63
809.58	16365.03
809.88	10855.40
810.18	14934.96
810.47	7293.11
810.77	7353.96
811.07	9701.52
811.37	8856.59
811.67	6293.70
811.97	5465.15
812.27	6291.36
812.57	5357.49
812.87	6644.78
813.17	6569.88
813.47	6403.71
813.77	6925.65
814.07	6869.47
814.37	10111.11
814.67	6572.22
814.97	7435.88
815.27	6310.08
815.56	8772.33
815.86	11517.78
816.16	8297.20
816.46	6031.56
816.76	6523.07
817.06	10600.29
817.36	12575.70
817.66	7688.66
817.95	6162.63
818.25	8617.85
818.55	10342.83
818.85	9579.81
819.15	6930.33
819.45	13455.74
819.75	7606.74
820.04	7573.97
820.34	16320.56
820.64	10197.71
820.94	12894.01
821.24	7250.98
821.53	7187.79
821.83	6817.98
822.13	6003.47
822.43	7070.76
822.72	5804.53
823.02	6562.86
823.32	6289.02
823.62	8212.94
823.91	15159.65
824.21	6017.52
824.51	8624.87
824.81	7148.00
825.10	5736.65
825.40	9458.10
825.70	7662.91
826.00	12711.45
826.29	6764.15
826.59	8482.10
826.89	7211.19
827.18	6492.65
827.48	6628.40
827.78	6155.61
828.07	7815.05
828.37	9551.73
828.67	8542.96
828.96	7730.79
829.26	6572.22
829.56	10794.55
829.85	6700.95
830.15	8435.29
830.45	5748.36
830.74	12510.16
831.04	9486.19
831.34	10303.04
831.63	13802.14
831.93	10094.73
832.22	9654.71
832.52	7651.21
832.82	6043.26
833.11	6251.57
833.41	6373.28
833.70	7033.31
834.00	10459.85
834.29	7981.23
834.59	5813.89
834.89	8622.53
835.18	7267.36
835.48	13315.31
835.77	9352.78
836.07	9462.79
836.36	9092.98
836.66	10450.49
836.95	7426.52
837.25	6747.76
837.54	7442.90
837.84	6672.87
838.13	8119.32
838.43	6387.32
838.72	14066.62
839.02	10909.24
839.31	6380.30
839.61	10932.64
839.90	5792.83
840.20	7896.97
840.49	6083.05
840.78	8463.38
841.08	9165.54
841.37	6937.35
841.67	5865.38
841.96	9025.11
842.26	8278.47
842.55	5792.83
842.84	6209.44
843.14	10448.15
843.43	5858.36
843.73	7655.89
844.02	5860.70
844.31	7253.32
844.61	7028.63
844.90	8510.19
845.20	7826.75
845.49	5432.38
845.78	6904.58
846.08	6001.13
846.37	4997.04
846.66	8746.58
846.96	9055.53
847.25	8636.58
847.54	5820.91
847.84	8992.34
848.13	7384.39
848.42	9841.95
848.72	6459.88
849.01	8894.04
849.30	6759.47
849.59	6338.17
849.89	6509.03
850.18	12468.03
850.47	6303.06
850.76	16479.71
851.06	14934.96
851.35	8549.98
851.64	9806.84
851.93	8030.38
852.23	11054.35
852.52	6911.60
852.81	6700.95
853.10	6445.84
853.40	5504.94
853.69	5617.29
853.98	7459.29
854.27	9844.29
854.56	6572.22
854.86	8826.16
855.15	7740.15
855.44	8411.89
855.73	5551.75
856.02	6677.55
856.31	9745.99
856.61	8262.09
856.90	6984.16
857.19	5928.58
857.48	5764.74
857.77	6059.65
858.06	5228.76
858.35	5774.10
858.65	11438.20
858.94	9554.07
859.23	7435.88
859.52	9259.16
859.81	12255.04
860.10	6567.54
860.39	9343.42
860.68	7749.51
860.97	6022.20
861.26	6368.60
861.55	12255.04
861.85	7758.88
862.14	9507.26
862.43	9715.56
862.72	7964.84
863.01	5661.76
863.30	6965.43
863.59	7396.09
863.88	7265.02
864.17	7527.16
864.46	6296.04
864.75	14794.53
865.04	7796.32
865.33	5909.85
865.62	11166.70
865.91	6436.47
866.20	8901.06
866.49	6895.22
866.78	7098.84
867.07	6661.16
867.36	10293.68
867.65	10073.67
867.93	9048.51
868.22	7627.81
868.51	7250.98
868.80	7747.17
869.09	7089.48
869.38	6310.08
869.67	12578.04
869.96	12578.04
870.25	12578.04
