178.76	1727.32
179.14	1727.32
179.52	1727.32
179.90	1736.68
180.28	10988.82
180.66	6169.65
181.04	8294.86
181.42	7520.14
181.80	6305.40
182.18	11206.48
182.55	5830.27
182.93	7360.98
183.31	7183.10
183.69	7934.42
184.07	8067.83
184.45	7026.29
184.83	7398.43
185.21	6541.80
185.59	6759.47
185.97	16393.11
186.35	11889.92
186.72	7061.40
187.10	7246.30
187.48	11517.78
187.86	9121.07
188.24	6593.29
188.62	6368.60
189.00	11077.76
189.38	8002.29
189.75	7384.39
190.13	7918.03
190.51	6293.70
190.89	15257.95
191.27	21247.38
191.65	7040.33
192.03	7733.13
192.40	10249.21
192.78	7728.45
193.16	8655.30
193.54	12304.20
193.92	10792.21
194.30	6787.55
194.67	9591.52
195.05	8659.98
195.43	7463.97
195.81	7021.61
196.19	10665.82
196.56	7658.23
196.94	7398.43
197.32	11770.55
197.70	6560.52
198.08	8648.28
198.45	6682.23
198.83	7702.70
199.21	6789.89
199.59	12535.91
199.97	8088.89
200.34	5837.30
200.72	6628.40
201.10	13900.44
201.48	10024.51
201.85	6260.93
202.23	6909.26
202.61	6991.18
202.99	40758.09
203.36	6904.58
203.74	9137.45
204.12	7206.51
204.49	6656.48
204.87	8706.79
205.25	7358.64
205.63	5722.61
206.00	6427.11
206.38	7889.95
206.76	9753.01
207.14	6593.29
207.51	5980.07
207.89	11042.65
208.27	6445.84
208.64	5565.79
209.02	6658.82
209.40	7082.46
209.77	5813.89
210.15	15770.53
210.53	5874.74
210.90	11236.91
211.28	6253.91
211.66	12028.01
212.03	6614.35
212.41	5804.53
212.79	7094.16
213.16	6097.10
213.54	7793.98
213.92	7957.82
214.29	5596.22
214.67	6595.63
215.05	6850.75
215.42	9432.36
215.80	6752.45
216.17	6796.92
216.55	7700.36
216.93	5879.43
217.30	8936.17
217.68	6462.22
218.05	6794.58
218.43	6586.27
218.81	6799.26
219.18	11206.48
219.56	6719.68
219.93	6581.59
220.31	6464.56
220.69	5966.03
221.06	6181.35
221.44	7634.83
221.81	6363.92
222.19	5762.40
222.56	6139.23
222.94	6799.26
223.32	7550.57
223.69	6459.88
224.07	8870.63
224.44	12521.87
224.82	7595.04
225.19	8463.38
225.57	7562.27
225.94	6670.53
226.32	7372.69
226.69	12547.61
227.07	8662.32
227.44	6689.25
227.82	7901.65
228.19	7087.14
228.57	8741.90
228.94	11644.17
229.32	9802.16
229.69	8915.10
230.07	6757.13
230.44	6249.23
230.82	10916.26
231.19	9472.15
231.57	5685.16
231.94	5678.14
232.32	9226.39
232.69	6799.26
233.07	7573.97
233.44	8095.91
233.82	6993.52
234.19	7559.93
234.57	10090.05
234.94	6307.74
235.31	6792.23
235.69	7211.19
236.06	7368.01
236.44	8500.83
236.81	5888.79
237.19	8009.31
237.56	11761.19
237.93	6392.00
238.31	7651.21
238.68	6747.76
239.06	7517.80
239.43	8924.46
239.81	7999.95
240.18	5933.26
240.55	6188.38
240.93	12641.23
241.30	7693.34
241.67	7283.75
242.05	8613.17
242.42	9500.23
242.80	5853.68
243.17	7906.33
243.54	7838.45
243.92	9275.54
244.29	7054.37
244.66	7618.44
245.04	10148.56
245.41	16287.79
245.78	5944.96
246.16	6942.03
246.53	8861.27
246.90	7103.53
247.28	12896.35
247.65	7005.22
248.02	7171.40
248.40	10125.16
248.77	7602.06
249.14	8486.78
249.52	7042.67
249.89	8400.18
250.26	6179.01
250.64	7520.14
251.01	15372.64
251.38	5755.38
251.75	7421.84
252.13	6766.49
252.50	9149.15
252.87	13469.78
253.25	5940.28
253.62	7901.65
253.99	5753.04
254.36	9331.72
254.74	6544.14
255.11	6221.14
255.48	5666.44
255.85	14225.78
256.23	5743.67
256.60	5469.83
256.97	7021.61
257.34	8245.71
257.71	7606.74
258.09	6328.81
258.46	7730.79
258.83	11283.72
259.20	9549.39
259.58	7045.01
259.95	7440.56
260.32	9488.53
260.69	6017.52
261.06	10750.08
261.44	6328.81
261.81	13181.90
262.18	7836.11
262.55	6478.60
262.92	7286.09
263.29	6546.48
263.67	5830.27
264.04	6588.61
264.41	6836.70
264.78	6387.32
265.15	10296.02
265.52	12451.65
265.90	7372.69
266.27	6293.70
266.64	5731.97
267.01	5547.07
267.38	8091.23
267.75	6179.01
268.12	5231.10
268.50	7084.80
268.87	6338.17
269.24	6448.18
269.61	7758.88
269.98	8224.64
270.35	8145.06
270.72	6050.28
271.09	6993.52
271.46	6516.05
271.83	7943.78
272.21	9060.21
272.58	6078.37
272.95	6476.26
273.32	7332.90
273.69	7368.01
274.06	5631.33
274.43	6186.04
274.80	7030.97
275.17	7707.38
275.54	17696.79
275.91	7339.92
276.28	7377.37
276.65	7599.72
277.02	10956.05
277.39	6218.80
277.76	6181.35
278.13	8404.86
278.50	8720.84
278.87	10399.00
279.24	9200.65
279.61	8521.89
279.98	9825.57
280.35	6427.11
280.72	7283.75
281.09	7021.61
281.46	7590.36
281.83	6150.93
282.20	7826.75
282.57	6335.83
282.94	8128.68
283.31	6417.75
283.68	7974.21
284.05	5703.89
284.42	5289.61
284.79	7702.70
285.16	8388.48
285.53	7190.13
285.90	7103.53
286.27	14771.12
286.64	5500.26
287.01	6298.38
287.38	8484.44
287.75	58705.32
288.12	8482.10
288.49	16533.54
288.86	5963.68
289.23	6064.33
289.59	6085.39
289.96	5966.03
290.33	6359.24
290.70	6537.12
291.07	8379.12
291.44	7730.79
291.81	5853.68
292.18	7435.88
292.55	6738.40
292.91	12575.70
293.28	8107.62
293.65	10918.60
294.02	7894.63
294.39	5434.72
294.76	6850.75
295.13	7295.45
295.50	6972.46
295.86	7080.12
296.23	6305.40
296.60	5748.36
296.97	6279.66
297.34	6998.20
297.71	8793.39
298.07	7246.30
298.44	5268.55
298.81	7817.39
299.18	7377.37
299.55	10679.86
299.91	6930.33
300.28	7115.23
300.65	5423.02
301.02	7566.95
301.39	8088.89
301.75	13263.82
302.12	8156.77
302.49	6944.37
302.86	10408.36
303.23	7276.73
303.59	5954.32
303.96	16943.14
304.33	9600.88
304.70	14824.95
305.06	6551.16
305.43	10216.44
305.80	8257.41
306.17	9057.87
306.53	6356.90
306.90	9502.58
307.27	7248.64
307.64	10413.04
308.00	6356.90
308.37	6237.53
308.74	11868.86
309.11	8858.93
309.47	6162.63
309.84	5605.58
310.21	7098.84
310.57	7513.12
310.94	6658.82
311.31	7379.71
311.67	7756.54
312.04	5357.49
312.41	9769.40
312.77	8142.72
313.14	6171.99
313.51	6923.30
313.87	6448.18
314.24	6338.17
314.61	6366.26
314.97	6518.39
315.34	7166.72
315.71	5495.58
316.07	8952.55
316.44	5834.96
316.81	8741.90
317.17	6188.38
317.54	15477.96
317.91	6490.31
318.27	5310.68
318.64	6782.87
319.00	8713.81
319.37	5497.92
319.74	9308.31
320.10	9570.45
320.47	6745.42
320.83	10719.65
321.20	6799.26
321.57	5937.94
321.93	6480.94
322.30	7630.15
322.66	6073.69
323.03	8667.00
323.40	7852.50
323.76	6480.94
324.13	6387.32
324.49	5518.98
324.86	18607.26
325.22	7433.54
325.59	6995.86
325.95	7758.88
326.32	9502.58
326.68	8917.44
327.05	6906.92
327.42	6031.56
327.78	6193.06
328.15	9331.72
328.51	6352.21
328.88	8425.93
329.24	10927.96
329.61	7213.53
329.97	8547.64
330.34	6263.27
330.70	7421.84
331.07	10801.57
331.43	8627.21
331.80	13076.57
332.16	10249.21
332.52	6085.39
332.89	8131.02
333.25	5430.04
333.62	12334.62
333.98	6871.81
334.35	6967.77
334.71	7269.70
335.08	5816.23
335.44	11871.20
335.81	11817.36
336.17	9991.75
336.53	7241.62
336.90	6036.24
337.26	8432.95
337.63	9233.41
337.99	7660.57
338.36	5832.62
338.72	8959.57
339.08	7503.76
339.45	5774.10
339.81	9570.45
340.18	6836.70
340.54	10436.45
340.90	6235.19
341.27	6942.03
341.63	8301.88
341.99	5305.99
342.36	10551.14
342.72	5834.96
343.09	10476.24
343.45	6207.10
343.81	10743.06
344.18	5544.73
344.54	6953.73
344.90	7749.51
345.27	7506.10
345.63	7007.56
345.99	8882.33
346.36	7250.98
346.72	5813.89
347.08	6033.90
347.45	5509.62
347.81	10008.13
348.17	7700.36
348.54	5610.26
348.90	8716.16
349.26	9750.67
349.62	10768.80
349.99	5434.72
350.35	5240.46
350.71	7749.51
351.08	7148.00
351.44	5188.97
351.80	13364.46
352.16	11674.59
352.53	6108.80
352.89	8491.46
353.25	11353.94
353.61	6647.12
353.98	8755.94
354.34	10083.03
354.70	6597.97
355.06	5430.04
355.43	7258.00
355.79	6668.19
356.15	6658.82
356.51	5884.11
356.88	6181.35
357.24	6808.62
357.60	5600.90
357.96	5371.53
358.32	15484.98
358.69	5437.06
359.05	7894.63
359.41	7590.36
359.77	5757.72
360.13	6307.74
360.49	6071.35
360.86	9032.13
361.22	11220.53
361.58	7712.07
361.94	11000.52
362.30	5865.38
362.66	8421.25
363.03	5224.08
363.39	5270.89
363.75	6260.93
364.11	10017.49
364.47	6164.97
364.83	10534.75
365.19	7660.57
365.56	8777.01
365.92	5146.84
366.28	8557.00
366.64	9818.55
367.00	5408.98
367.36	5359.83
367.72	9834.93
368.08	9490.87
368.44	6516.05
368.80	8177.83
369.17	6590.95
369.53	6871.81
369.89	5930.92
370.25	5891.13
370.61	6169.65
370.97	10937.32
371.33	6401.37
371.69	12863.58
372.05	8428.27
372.41	6054.97
372.77	6607.33
373.13	7433.54
373.49	5170.24
373.85	8030.38
374.21	7461.63
374.57	5767.08
374.93	8671.68
375.29	9210.01
375.65	7536.52
376.01	7201.83
376.37	10164.95
376.73	8465.72
377.09	5762.40
377.45	9738.97
377.81	6846.07
378.17	5963.68
378.53	5310.68
378.89	8336.99
379.25	10951.37
379.61	14195.35
379.97	9298.95
380.33	6509.03
380.69	6230.51
381.05	5645.37
381.41	9013.40
381.77	7229.91
382.13	8615.51
382.49	14913.89
382.85	7253.32
383.21	8861.27
383.57	5329.40
383.93	10413.04
384.28	5188.97
384.64	6506.69
385.00	7456.95
385.36	7365.67
385.72	8980.64
386.08	5942.62
386.44	8690.41
386.80	8945.53
387.16	11023.92
387.52	9533.00
387.87	13870.01
388.23	7955.48
388.59	6258.59
388.95	5514.30
389.31	6700.95
389.67	6679.89
390.03	6188.38
390.38	6558.18
390.74	5109.39
391.10	9394.91
391.46	7602.06
391.82	6120.50
392.18	8458.70
392.54	5083.64
392.89	5678.14
393.25	8358.05
393.61	5701.54
393.97	5411.32
394.33	7861.86
394.68	6745.42
395.04	5430.04
395.40	7239.28
395.76	9270.86
396.12	7545.89
396.47	5771.76
396.83	6972.46
397.19	5507.28
397.55	5844.32
397.90	7295.45
398.26	7246.30
398.62	5692.18
398.98	4978.32
399.33	6700.95
399.69	24587.33
400.05	8175.49
400.41	5778.78
400.76	9109.36
401.12	10129.84
401.48	8006.97
401.84	6017.52
402.19	6396.68
402.55	7936.76
402.91	7080.12
403.26	5324.72
403.62	8477.42
403.98	7014.59
404.34	4844.91
404.69	6916.28
405.05	9071.92
405.41	13963.64
405.76	5989.43
406.12	5898.15
406.48	6890.54
406.83	6129.86
407.19	8290.18
407.55	7836.11
407.90	14059.60
408.26	8517.21
408.62	9109.36
408.97	7162.04
409.33	5348.12
409.68	5837.30
410.04	7620.78
410.40	6017.52
410.75	8170.81
411.11	5849.00
411.47	7555.25
411.82	6490.31
412.18	7068.42
412.53	6806.28
412.89	6263.27
413.25	6752.45
413.60	7267.36
413.96	5151.52
414.31	6373.28
414.67	7360.98
415.03	5352.81
415.38	5619.63
415.74	6583.93
416.09	6637.76
416.45	8521.89
416.80	6005.81
417.16	8273.79
417.51	6626.06
417.87	6443.49
418.23	7758.88
418.58	8079.53
418.94	4994.70
419.29	6071.35
419.65	7768.24
420.00	8739.56
420.36	8156.77
420.71	8210.60
421.07	5542.39
421.42	7087.14
421.78	9090.64
422.13	6747.76
422.49	5582.18
422.84	7468.65
423.20	5193.65
423.55	5582.18
423.91	5500.26
424.26	13858.31
424.61	8252.73
424.97	11426.50
425.32	5970.71
425.68	6633.08
426.03	7566.95
426.39	10106.43
426.74	9937.91
427.10	9455.76
427.45	6202.42
427.80	7679.30
428.16	6857.77
428.51	6895.22
428.87	7721.43
429.22	9455.76
429.58	10253.89
429.93	10050.26
430.28	6038.58
430.64	6146.25
430.99	5235.78
431.35	7557.59
431.70	6319.45
432.05	6832.02
432.41	8280.82
432.76	7679.30
433.11	7852.50
433.47	7744.83
433.82	10574.54
434.17	8079.53
434.53	7932.08
434.88	14286.63
435.24	7707.38
435.59	7447.58
435.94	5596.22
436.30	8147.40
436.65	6410.73
437.00	9490.87
437.35	16416.52
437.71	6637.76
438.06	6200.08
438.41	6221.14
438.77	7803.35
439.12	5345.78
439.47	4734.90
439.83	7683.98
440.18	5284.93
440.53	6637.76
440.88	12229.30
441.24	8477.42
441.59	5621.97
441.94	6567.54
442.30	8175.49
442.65	12496.12
443.00	6956.07
443.35	10377.94
443.71	6642.44
444.06	9561.09
444.41	8088.89
444.76	11386.71
445.11	7091.82
445.47	10162.61
445.82	9153.84
446.17	5806.87
446.52	10370.91
446.88	7068.42
447.23	5224.08
447.58	7901.65
447.93	5933.26
448.28	29486.07
448.63	10960.73
448.99	6920.96
449.34	8517.21
449.69	8730.20
450.04	6314.77
450.39	6263.27
450.74	7000.54
451.10	6801.60
451.45	7199.49
451.80	7705.04
452.15	10155.58
452.50	8196.56
452.85	10012.81
453.21	8910.42
453.56	7871.22
453.91	6904.58
454.26	7433.54
454.61	5762.40
454.96	8416.57
455.31	6698.61
455.66	6277.32
456.01	8067.83
456.36	6427.11
456.72	6092.41
457.07	7873.56
457.42	10401.34
457.77	9170.22
458.12	5912.19
458.47	7358.64
458.82	9570.45
459.17	7023.95
459.52	7410.14
459.87	12105.25
460.22	5689.84
460.57	7140.97
460.92	6022.20
461.27	8163.79
461.62	6583.93
461.97	5827.93
462.32	11936.73
462.67	10717.31
463.02	13628.94
463.38	13399.57
463.73	9020.42
464.08	12369.73
464.43	5317.70
464.78	5612.60
465.12	8095.91
465.47	8641.26
465.82	28851.78
466.17	6499.67
466.52	8730.20
466.87	6211.78
467.22	5914.53
467.57	5383.23
467.92	7786.96
468.27	10963.07
468.62	15026.24
468.97	6820.32
469.32	4950.23
469.67	15939.05
470.02	14157.90
470.37	6148.59
470.72	7639.51
471.07	5383.23
471.42	6553.50
471.76	6869.47
472.11	6712.66
472.46	8493.80
472.81	15183.06
473.16	6059.65
473.51	6038.58
473.86	5231.10
474.21	6560.52
474.56	6310.08
474.90	6167.31
475.25	9790.46
475.60	8856.59
475.95	6015.18
476.30	11227.55
476.65	10148.56
477.00	15096.46
477.34	11204.14
477.69	5640.69
478.04	9224.05
478.39	7412.48
478.74	5701.54
479.09	6071.35
479.43	6979.48
479.78	4954.91
480.13	12451.65
480.48	10272.61
480.83	7274.38
481.17	5495.58
481.52	7248.64
481.87	6532.44
482.22	11892.26
482.57	6640.10
482.91	9308.31
483.26	7997.61
483.61	6534.78
483.96	7609.08
484.30	65535.00
484.65	12762.94
485.00	5914.53
485.35	6757.13
485.69	5968.37
486.04	6574.56
486.39	7627.81
486.74	7709.72
487.08	5345.78
487.43	8116.98
487.78	4968.96
488.12	8252.73
488.47	6094.76
488.82	10590.92
489.17	5872.40
489.51	5116.41
489.86	8116.98
490.21	5123.43
490.55	7805.69
490.90	5432.38
491.25	6422.43
491.59	5352.81
491.94	12594.42
492.29	6441.15
492.63	7005.22
492.98	4744.27
493.33	7400.77
493.67	6345.19
494.02	5479.19
494.37	5591.54
494.71	8313.58
495.06	6239.87
495.40	10682.20
495.75	5970.71
496.10	10431.77
496.44	6897.56
496.79	8168.47
497.13	5914.53
497.48	14080.66
497.83	10160.27
498.17	8135.70
498.52	6169.65
498.86	8762.97
499.21	6649.46
499.56	5881.77
499.90	6537.12
500.25	5380.89
500.59	7084.80
500.94	7777.60
501.28	8582.74
501.63	9771.74
501.97	6539.46
502.32	5818.57
502.67	7868.88
503.01	5364.51
503.36	6277.32
503.70	6296.04
504.05	8327.63
504.39	9090.64
504.74	6654.14
505.08	10761.78
505.43	4610.86
505.77	5575.16
506.12	7435.88
506.46	6525.41
506.81	5729.63
507.15	5804.53
507.49	6375.62
507.84	5792.83
508.18	7740.15
508.53	7215.87
508.87	7089.48
509.22	6518.39
509.56	65535.00
509.91	19351.55
510.25	7133.95
510.60	5043.85
510.94	8971.27
511.28	4842.57
511.63	9378.53
511.97	7721.43
512.32	9015.74
512.66	5825.59
513.00	7169.06
513.35	9493.21
513.69	5481.53
514.04	8404.86
514.38	8685.73
514.72	7545.89
515.07	5872.40
515.41	5818.57
515.76	5893.47
516.10	7887.61
516.44	8826.16
516.79	6279.66
517.13	5500.26
517.47	9371.50
517.82	7293.11
518.16	6773.51
518.50	7274.38
518.85	7442.90
519.19	10235.16
519.53	13572.77
519.88	8828.50
520.22	6551.16
520.56	7126.93
520.91	5273.23
521.25	5556.43
521.59	6780.53
521.93	7812.71
522.28	6626.06
522.62	7421.84
522.96	9025.11
523.31	6691.59
523.65	7915.69
523.99	8594.45
524.33	11412.45
524.68	8175.49
525.02	5462.81
525.36	7822.07
525.70	5310.68
526.05	5909.85
526.39	5497.92
526.73	8421.25
527.07	7213.53
527.41	10796.89
527.76	5811.55
528.10	6457.54
528.44	8004.63
528.78	6787.55
529.12	8559.34
529.47	6520.73
529.81	9240.44
530.15	9331.72
530.49	8264.43
530.83	4926.83
531.18	5589.20
531.52	6696.27
531.86	5247.48
532.20	7035.65
532.54	9827.91
532.88	4875.34
533.22	6546.48
533.57	7222.89
533.91	9554.07
534.25	5528.35
534.59	10743.06
534.93	8709.13
535.27	5907.51
535.61	6366.26
535.95	10832.00
536.30	8692.75
536.64	7009.90
536.98	4660.01
537.32	6546.48
537.66	5015.77
538.00	8060.80
538.34	8360.39
538.68	8159.11
539.02	11662.89
539.36	6221.14
539.70	5287.27
540.04	7515.46
540.39	20287.76
540.73	5696.86
541.07	7002.88
541.41	7536.52
541.75	7644.19
542.09	10169.63
542.43	7906.33
542.77	6906.92
543.11	7412.48
543.45	7068.42
543.79	9500.23
544.13	6211.78
544.47	6502.01
544.81	5687.50
545.15	8372.10
545.49	6867.13
545.83	5682.82
546.17	6590.95
546.51	4835.55
546.85	6157.95
547.19	11103.50
547.53	5310.68
547.87	8489.12
548.21	11992.90
548.54	6998.20
548.88	6040.92
549.22	5919.21
549.56	5177.26
549.90	6129.86
550.24	6909.26
550.58	5689.84
550.92	9846.63
551.26	6331.15
551.60	10981.79
551.94	6373.28
552.28	6478.60
552.61	8280.82
552.95	6565.20
553.29	6026.88
553.63	7180.76
553.97	11330.53
554.31	9366.82
554.65	10553.48
554.99	10387.30
555.32	6256.25
555.66	8194.22
556.00	4807.46
556.34	6626.06
556.68	7536.52
557.02	9256.82
557.36	7337.58
557.69	6778.19
558.03	6211.78
558.37	12519.53
558.71	14604.94
559.05	10462.19
559.38	11630.12
559.72	5954.32
560.06	8685.73
560.40	8376.78
560.74	9741.31
561.07	8170.81
561.41	9008.72
561.75	7854.84
562.09	6197.74
562.42	9067.24
562.76	8336.99
563.10	7108.21
563.44	24493.71
563.77	7749.51
564.11	8313.58
564.45	9839.61
564.79	7941.44
565.12	7229.91
565.46	7564.61
565.80	7899.31
566.14	7557.59
566.47	9289.59
566.81	5872.40
567.15	7566.95
567.48	7901.65
567.82	8189.53
568.16	7768.24
568.49	5844.32
568.83	5455.79
569.17	6925.65
569.50	7822.07
569.84	10743.06
570.18	7964.84
570.51	11356.28
570.85	6960.75
571.19	6487.96
571.52	5832.62
571.86	9521.30
572.20	6523.07
572.53	10981.79
572.87	5900.49
573.21	5755.38
573.54	5394.93
573.88	7564.61
574.21	7272.04
574.55	6808.62
574.89	9895.78
575.22	9135.11
575.56	6260.93
575.89	6047.94
576.23	6724.36
576.57	7829.09
576.90	5865.38
577.24	7564.61
577.57	5394.93
577.91	7721.43
578.24	5226.42
578.58	6810.96
578.91	8278.47
579.25	5942.62
579.59	7447.58
579.92	6705.63
580.26	5383.23
580.59	7913.35
580.93	7854.84
581.26	6478.60
581.60	8072.51
581.93	8362.73
582.27	11002.86
582.60	5657.07
582.94	7496.74
583.27	5497.92
583.61	6579.25
583.94	7384.39
584.28	5174.92
584.61	6506.69
584.94	8390.82
585.28	8098.25
585.61	8800.41
585.95	8252.73
586.28	11616.08
586.62	13207.64
586.95	7192.47
587.29	12182.49
587.62	15470.94
587.95	5612.60
588.29	7470.99
588.62	8372.10
588.96	9458.10
589.29	6347.53
589.62	6328.81
589.96	6677.55
590.29	6298.38
590.63	5413.66
590.96	8554.66
591.29	8840.20
591.63	9518.96
591.96	5678.14
592.29	6532.44
592.63	6277.32
592.96	7698.02
593.30	12128.66
593.63	7737.81
593.96	5940.28
594.30	6314.77
594.63	7880.58
594.96	11665.23
595.30	7129.27
595.63	6441.15
595.96	5977.73
596.29	7765.90
596.63	6377.96
596.96	8744.24
597.29	8072.51
597.63	5181.95
597.96	9980.04
598.29	9659.39
598.63	9453.42
598.96	5951.98
599.29	6282.00
599.62	6139.23
599.96	6038.58
600.29	6792.23
600.62	5710.91
600.95	6368.60
601.29	6904.58
601.62	7791.64
601.95	6965.43
602.28	5933.26
602.61	20308.83
602.95	7232.26
603.28	11896.94
603.61	6022.20
603.94	9474.49
604.27	5802.19
604.61	8393.16
604.94	7896.97
605.27	7557.59
605.60	5727.29
605.93	6216.46
606.27	9226.39
606.60	6913.94
606.93	5432.38
607.26	11295.43
607.59	7000.54
607.92	9694.50
608.26	6244.55
608.59	6190.72
608.92	6778.19
609.25	5776.44
609.58	7873.56
609.91	8184.85
610.24	13582.13
610.57	8063.15
610.90	9757.69
611.24	5221.74
611.57	5348.12
611.90	8992.34
612.23	7000.54
612.56	8910.42
612.89	8594.45
613.22	8676.37
613.55	5228.76
613.88	9502.58
614.21	5823.25
614.54	7838.45
614.87	5851.34
615.20	4807.46
615.53	9996.43
615.87	6026.88
616.20	7122.25
616.53	10207.08
616.86	6984.16
617.19	8060.80
617.52	6183.70
617.85	6319.45
618.18	6115.82
618.51	6527.75
618.84	8549.98
619.17	6876.49
619.50	10787.53
619.83	10417.72
620.16	8451.67
620.49	6256.25
620.82	14398.98
621.14	10815.62
621.47	6539.46
621.80	9778.76
622.13	7613.76
622.46	14864.74
622.79	8573.38
623.12	5640.69
623.45	9109.36
623.78	8470.40
624.11	5715.59
624.44	7934.42
624.77	6015.18
625.10	6181.35
625.43	5673.46
625.75	7391.41
626.08	6019.86
626.41	5884.11
626.74	7117.57
627.07	6588.61
627.40	12273.77
627.73	6527.75
628.06	5968.37
628.38	4716.18
628.71	8664.66
629.04	9696.84
629.37	8887.01
629.70	7545.89
630.03	5832.62
630.36	9675.77
630.68	8908.08
631.01	6200.08
631.34	10993.50
631.67	6354.55
632.00	4990.02
632.32	9011.06
632.65	10080.69
632.98	7651.21
633.31	7311.83
633.64	9078.94
633.96	5771.76
634.29	10808.59
634.62	7375.03
634.95	7576.31
635.27	7489.71
635.60	8561.68
635.93	7793.98
636.26	7901.65
636.58	6532.44
636.91	6345.19
637.24	6127.52
637.57	7475.67
637.89	8432.95
638.22	6431.79
638.55	7316.51
638.87	7583.34
639.20	8931.48
639.53	7990.59
639.86	6200.08
640.18	5748.36
640.51	7449.93
640.84	7941.44
641.16	5575.16
641.49	7712.07
641.82	5600.90
642.14	5734.31
642.47	14228.12
642.80	6974.80
643.12	9282.56
643.45	6949.05
643.78	7227.57
644.10	6207.10
644.43	7197.15
644.75	10232.82
645.08	5282.59
645.41	8049.10
645.73	5806.87
646.06	15405.41
646.39	9121.07
646.71	6246.89
647.04	6225.82
647.36	5151.52
647.69	8603.81
648.01	7192.47
648.34	6129.86
648.67	9795.14
648.99	10356.87
649.32	6003.47
649.64	5301.31
649.97	4784.06
650.29	5507.28
650.62	14611.96
650.94	7342.26
651.27	11279.04
651.59	6972.46
651.92	4777.03
652.25	7882.92
652.57	5657.07
652.90	5926.24
653.22	7559.93
653.55	7637.17
653.87	4954.91
654.20	7506.10
654.52	11171.38
654.84	6750.10
655.17	8238.69
655.49	11344.58
655.82	6394.34
656.14	7801.01
656.47	11157.33
656.79	11564.59
657.12	6722.02
657.44	6509.03
657.77	8816.80
658.09	7536.52
658.41	6869.47
658.74	8446.99
659.06	5460.47
659.39	7063.74
659.71	6335.83
660.03	7152.68
660.36	6532.44
660.68	9884.08
661.01	13472.12
661.33	10607.31
661.65	6167.31
661.98	14015.13
662.30	9572.79
662.63	7215.87
662.95	6583.93
663.27	6216.46
663.60	5572.82
663.92	6993.52
664.24	6825.00
664.57	5774.10
664.89	6195.40
665.21	6256.25
665.54	9575.13
665.86	7187.79
666.18	7770.58
666.51	10363.89
666.83	6616.69
667.15	15147.95
667.47	9764.72
667.80	8297.20
668.12	6115.82
668.44	7344.60
668.77	8868.29
669.09	10478.58
669.41	8985.32
669.73	5441.75
670.06	6984.16
670.38	6729.04
670.70	5390.25
671.02	8210.60
671.35	6490.31
671.67	10586.24
671.99	6913.94
672.31	10326.44
672.63	7875.90
672.96	11171.38
673.28	6384.98
673.60	7335.24
673.92	7370.35
674.24	6012.84
674.57	6171.99
674.89	9827.91
675.21	6843.73
675.53	9078.94
675.85	10085.37
676.17	10178.99
676.50	5795.17
676.82	10150.90
677.14	7499.08
677.46	14841.34
677.78	5399.62
678.10	9757.69
678.42	7066.08
678.75	6368.60
679.07	5586.86
679.39	6984.16
679.71	6448.18
680.03	6445.84
680.35	6452.86
680.67	6633.08
680.99	6059.65
681.31	5495.58
681.63	8234.00
681.96	10324.10
682.28	6469.24
682.60	5980.07
682.92	8554.66
683.24	5542.39
683.56	8636.58
683.88	6190.72
684.20	6909.26
684.52	6619.04
684.84	6448.18
685.16	6619.04
685.48	9125.75
685.80	7918.03
686.12	8657.64
686.44	12100.57
686.76	7009.90
687.08	5308.34
687.40	5870.06
687.72	9502.58
688.04	6183.70
688.36	14633.03
688.68	11040.31
689.00	8039.74
689.32	6827.34
689.64	6394.34
689.96	7080.12
690.28	9757.69
690.60	10382.62
690.92	6335.83
691.24	8456.36
691.56	6729.04
691.88	6916.28
692.19	5788.14
692.51	9357.46
692.83	8035.06
693.15	9123.41
693.47	8042.08
693.79	7492.05
694.11	9834.93
694.43	8124.00
694.75	6923.30
695.06	7581.00
695.38	10225.80
695.70	7321.20
696.02	7480.35
696.34	6619.04
696.66	6478.60
696.98	5109.39
697.29	7454.61
697.61	11246.27
697.93	9968.34
698.25	13736.60
698.57	8065.49
698.89	5497.92
699.20	6995.86
699.52	11431.18
699.84	5212.37
700.16	7101.19
700.48	10586.24
700.79	5900.49
701.11	12013.97
701.43	9217.03
701.75	6277.32
702.07	6815.64
702.38	11887.58
702.70	6204.76
703.02	6052.63
703.34	8959.57
703.65	7501.42
703.97	6707.98
704.29	5242.80
704.61	5823.25
704.92	9083.62
705.24	6808.62
705.56	9469.81
705.87	9958.98
706.19	7155.02
706.51	5343.44
706.82	10071.33
707.14	6155.61
707.46	5181.95
707.78	5820.91
708.09	8290.18
708.41	9764.72
708.73	7728.45
709.04	10298.36
709.36	6656.48
709.68	7274.38
709.99	13254.45
710.31	10434.11
710.62	7281.41
710.94	6715.00
711.26	8203.58
711.57	6619.04
711.89	5781.12
712.21	15410.09
712.52	7375.03
712.84	10782.85
713.15	7726.11
713.47	9296.61
713.79	5713.25
714.10	6333.49
714.42	6834.36
714.73	10871.79
715.05	5441.75
715.36	5951.98
715.68	6094.76
715.99	6588.61
716.31	9748.33
716.63	8676.37
716.94	9544.70
717.26	20116.90
717.57	9366.82
717.89	11775.24
718.20	6080.71
718.52	9713.22
718.83	7091.82
719.15	14904.53
719.46	14375.57
719.78	8013.99
720.09	7087.14
720.41	6193.06
720.72	5689.84
721.04	5902.83
721.35	6874.15
721.67	6743.08
721.98	6661.16
722.29	6604.99
722.61	6282.00
722.92	5081.30
723.24	7028.63
723.55	7616.10
723.87	7882.92
724.18	9004.04
724.50	5823.25
724.81	7133.95
725.12	7227.57
725.44	8381.46
725.75	7620.78
726.07	10726.68
726.38	8484.44
726.69	6616.69
727.01	8821.48
727.32	9224.05
727.63	6633.08
727.95	10904.56
728.26	6361.58
728.58	8901.06
728.89	6480.94
729.20	7035.65
729.52	6104.12
729.83	13837.25
730.14	8622.53
730.46	7225.23
730.77	10115.80
731.08	8727.86
731.39	6822.66
731.71	7351.62
732.02	9357.46
732.33	7115.23
732.65	6640.10
732.96	10817.96
733.27	9430.02
733.59	14516.00
733.90	9640.67
734.21	5891.13
734.52	7030.97
734.84	17224.00
735.15	6839.05
735.46	6862.45
735.77	7590.36
736.09	7173.74
736.40	11061.37
736.71	9165.54
737.02	5586.86
737.33	6567.54
737.65	6382.64
737.96	7358.64
738.27	8053.78
738.58	13701.50
738.89	8636.58
739.21	6399.02
739.52	5254.50
739.83	9130.43
740.14	9081.28
740.45	7550.57
740.76	6516.05
741.08	5731.97
741.39	7028.63
741.70	6602.65
742.01	7943.78
742.32	10085.37
742.63	7754.19
742.94	6146.25
743.26	8741.90
743.57	8346.35
743.88	9462.79
744.19	7950.80
744.50	6970.12
744.81	12784.01
745.12	7213.53
745.43	7152.68
745.74	15501.37
746.05	11538.84
746.36	5303.65
746.67	12512.50
746.99	6897.56
747.30	8477.42
747.61	6534.78
747.92	7892.29
748.23	10401.34
748.54	6918.62
748.85	6988.84
749.16	7665.25
749.47	5956.66
749.78	6752.45
750.09	7019.27
750.40	8196.56
750.71	7808.03
751.02	8629.56
751.33	7211.19
751.64	8379.12
751.95	7325.88
752.26	8854.25
752.57	8875.31
752.88	6817.98
753.19	7328.22
753.50	10860.09
753.81	6946.71
754.11	7538.87
754.42	17130.38
754.73	7662.91
755.04	8011.65
755.35	8044.42
755.66	14087.68
755.97	5827.93
756.28	6057.31
756.59	8664.66
756.90	17153.79
757.21	8290.18
757.52	11253.30
757.82	8278.47
758.13	6558.18
758.44	10057.28
758.75	8819.14
759.06	6523.07
759.37	6087.73
759.68	8074.85
759.98	6527.75
760.29	9008.72
760.60	7882.92
760.91	5483.88
761.22	7054.37
761.53	7777.60
761.83	6195.40
762.14	7571.63
762.45	6675.21
762.76	5729.63
763.07	8454.02
763.37	16336.94
763.68	11426.50
763.99	13394.89
764.30	12028.01
764.60	6518.39
764.91	10263.25
765.22	7892.29
765.53	13650.00
765.84	7985.91
766.14	7023.95
766.45	5633.67
766.76	11363.30
767.06	11957.80
767.37	7000.54
767.68	7375.03
767.99	7007.56
768.29	6436.47
768.60	7492.05
768.91	10176.65
769.21	13401.91
769.52	11463.94
769.83	7363.33
770.13	7482.69
770.44	6981.82
770.75	9170.22
771.05	7466.31
771.36	9142.13
771.67	7543.55
771.97	7026.29
772.28	7115.23
772.59	7779.94
772.89	9465.13
773.20	6464.56
773.51	6530.09
773.81	11985.88
774.12	5947.30
774.42	7286.09
774.73	6127.52
775.04	6356.90
775.34	21717.83
775.65	8620.19
775.95	12903.37
776.26	8383.80
776.56	6794.58
776.87	8505.51
777.18	65535.00
777.48	17987.02
777.79	7793.98
778.09	11019.24
778.40	6853.09
778.70	6855.43
779.01	11129.25
779.31	7700.36
779.62	6925.65
779.92	9275.54
780.23	8891.70
780.53	5720.27
780.84	7447.58
781.14	6707.98
781.45	6436.47
781.75	9577.47
782.06	6401.37
782.36	8173.15
782.67	6001.13
782.97	6422.43
783.28	13277.86
783.58	6801.60
783.89	6794.58
784.19	8704.45
784.49	13015.72
784.80	7108.21
785.10	13303.60
785.41	6286.68
785.71	8842.54
786.02	8479.76
786.32	14265.57
786.62	9345.76
786.93	12049.08
787.23	6792.23
787.54	6965.43
787.84	12751.24
788.14	8685.73
788.45	5511.96
788.75	10719.65
789.05	5998.79
789.36	7267.36
789.66	14197.69
789.96	9343.42
790.27	7581.00
790.57	8131.02
790.87	6410.73
791.18	6464.56
791.48	6401.37
791.78	8496.14
792.09	8870.63
792.39	6511.37
792.69	9956.64
793.00	8603.81
793.30	8982.98
793.60	5771.76
793.90	5514.30
794.21	8435.29
794.51	17453.37
794.81	11019.24
795.11	7466.31
795.42	6696.27
795.72	11714.38
796.02	9556.41
796.32	8760.63
796.63	8608.49
796.93	10296.02
797.23	9224.05
797.53	8168.47
797.84	10635.39
798.14	6441.15
798.44	8351.03
798.74	8699.77
799.04	8341.67
799.34	5891.13
799.65	16128.63
799.95	7829.09
800.25	7360.98
800.55	6827.34
800.85	8030.38
801.15	6361.58
801.46	7445.24
801.76	18019.78
802.06	6836.70
802.36	9568.11
802.66	6796.92
802.96	9518.96
803.26	11136.27
803.56	13540.00
803.87	16737.17
804.17	7314.17
804.47	9806.84
804.77	10494.96
805.07	10932.64
805.37	9511.94
805.67	9186.60
805.97	7049.69
806.27	7459.29
806.57	6927.99
806.87	11770.55
807.17	7936.76
807.47	11363.30
807.77	11052.01
808.07	6920.96
808.37	11939.07
808.67	7925.05
808.98	15822.02
809.28	7148.00
809.58	16128.63
809.88	10586.24
810.18	14895.17
810.47	7229.91
810.77	7391.41
811.07	9610.24
811.37	8561.68
811.67	6092.41
811.97	5568.13
812.27	6384.98
812.57	5500.26
812.87	6698.61
813.17	6497.33
813.47	6366.26
813.77	6920.96
814.07	6670.53
814.37	10087.71
814.67	6485.62
814.97	7375.03
815.27	6303.06
815.56	8940.85
815.86	11389.05
816.16	8088.89
816.46	5884.11
816.76	6588.61
817.06	10576.88
817.36	12929.12
817.66	7702.70
817.95	6221.14
818.25	8351.03
818.55	10045.58
818.85	9462.79
819.15	6731.38
819.45	13378.50
819.75	7389.07
820.04	7552.91
820.34	16098.20
820.64	9912.17
820.94	12908.05
821.24	7243.96
821.53	7695.68
821.83	6651.80
822.13	6090.07
822.43	7199.49
822.72	5701.54
823.02	6663.51
823.32	6319.45
823.62	7971.86
823.91	15117.52
824.21	5891.13
824.51	8613.17
824.81	7023.95
825.10	5930.92
825.40	9212.35
825.70	7763.56
826.00	12903.37
826.29	6794.58
826.59	8280.82
826.89	6953.73
827.18	6354.55
827.48	6583.93
827.78	6141.57
828.07	7522.48
828.37	9399.59
828.67	8219.96
828.96	7632.49
829.26	6616.69
829.56	10457.51
829.85	6677.55
830.15	8329.97
830.45	5685.16
830.74	12479.74
831.04	9453.42
831.34	10492.62
831.63	13720.22
831.93	9888.76
832.22	9355.12
832.52	7522.48
832.82	6024.54
833.11	6015.18
833.41	6101.78
833.70	6743.08
834.00	10471.56
834.29	8037.40
834.59	5598.56
834.89	8659.98
835.18	7145.66
835.48	13252.11
835.77	9085.96
836.07	9224.05
836.36	9055.53
836.66	10150.90
836.95	7358.64
837.25	6619.04
837.54	8868.29
837.84	6906.92
838.13	7861.86
838.43	6457.54
838.72	13760.01
839.02	10721.99
839.31	6230.51
839.61	10705.61
839.90	5664.10
840.20	7644.19
840.49	5956.66
840.78	8210.60
841.08	9184.26
841.37	6897.56
841.67	5912.19
841.96	8975.95
842.26	8217.62
842.55	5694.52
842.84	6239.87
843.14	10040.90
843.43	5916.87
843.73	7611.42
844.02	5891.13
844.31	7194.81
844.61	6764.15
844.90	8367.42
845.20	7679.30
845.49	5408.98
845.78	6881.18
846.08	6085.39
846.37	5083.64
846.66	8578.06
846.96	9273.20
847.25	8475.08
847.54	5699.20
847.84	8844.88
848.13	7187.79
848.42	9937.91
848.72	6359.24
849.01	8842.54
849.30	6525.41
849.59	6263.27
849.89	6394.34
850.18	12168.45
850.47	6127.52
850.76	18515.98
851.06	14312.38
851.35	8507.85
851.64	9760.03
851.93	7808.03
852.23	10640.08
852.52	6993.52
852.81	6717.34
853.10	6338.17
853.40	5371.53
853.69	5486.22
853.98	7506.10
854.27	9802.16
854.56	6803.94
854.86	8734.88
855.15	7637.17
855.44	8154.43
855.73	5418.34
856.02	6590.95
856.31	9827.91
856.61	8336.99
856.90	6991.18
857.19	5865.38
857.48	5703.89
857.77	5879.43
858.06	4943.21
858.35	5668.78
858.65	11506.07
858.94	9331.72
859.23	7272.04
859.52	9191.28
859.81	11782.26
860.10	6523.07
860.39	9282.56
860.68	7803.35
860.97	6099.44
861.26	6277.32
861.55	12119.29
861.85	7531.84
862.14	9188.94
862.43	9806.84
862.72	7896.97
863.01	5710.91
863.30	6736.06
863.59	7433.54
863.88	7101.19
864.17	7185.44
864.46	6148.59
864.75	14459.83
865.04	7885.26
865.33	5921.56
865.62	10860.09
865.91	6567.54
866.20	8847.22
866.49	6808.62
866.78	6918.62
867.07	6705.63
867.36	10223.46
867.65	11686.29
867.93	9046.17
868.22	7407.80
868.51	6949.05
868.80	7716.75
869.09	7070.76
869.38	6204.76
869.67	12416.54
869.96	12416.54
870.25	12416.54
