178.76	1652.42
179.14	1652.42
179.52	1652.42
179.90	1680.50
180.28	11162.01
180.66	6300.72
181.04	8351.03
181.42	7368.01
181.80	6366.26
182.18	11330.53
182.55	5966.03
182.93	7360.98
183.31	7117.57
183.69	7894.63
184.07	8334.65
184.45	7258.00
184.83	7473.33
185.21	6663.51
185.59	6888.20
185.97	16652.91
186.35	12060.78
186.72	7178.42
187.10	7180.76
187.48	11749.49
187.86	9310.65
188.24	6761.81
188.62	6314.77
189.00	11166.70
189.38	7946.12
189.75	7555.25
190.13	8184.85
190.51	6375.62
190.89	15382.00
191.27	21326.96
191.65	7023.95
192.03	7941.44
192.40	10637.73
192.78	7641.85
193.16	8915.10
193.54	12674.00
193.92	10932.64
194.30	6654.14
194.67	9678.12
195.05	8418.91
195.43	7513.12
195.81	7021.61
196.19	11056.69
196.56	7789.30
196.94	7412.48
197.32	11824.39
197.70	6476.26
198.08	8826.16
198.45	6747.76
198.83	7728.45
199.21	6958.41
199.59	12498.46
199.97	8163.79
200.34	6085.39
200.72	6834.36
201.10	14363.87
201.48	10113.45
201.85	6335.83
202.23	6981.82
202.61	6635.42
202.99	16114.59
203.36	6672.87
203.74	9193.62
204.12	7129.27
204.49	6628.40
204.87	8835.52
205.25	7279.07
205.63	5750.70
206.00	6539.46
206.38	8063.15
206.76	9647.69
207.14	6609.67
207.51	6026.88
207.89	11033.29
208.27	6373.28
208.64	5476.85
209.02	6640.10
209.40	6993.52
209.77	5813.89
210.15	14338.12
210.53	5839.64
210.90	11550.54
211.28	6129.86
211.66	12463.35
212.03	6698.61
212.41	5940.28
212.79	7288.43
213.16	6108.80
213.54	7688.66
213.92	8088.89
214.29	5570.48
214.67	6689.25
215.05	6951.39
215.42	9462.79
215.80	6897.56
216.17	6743.08
216.55	7953.14
216.93	5930.92
217.30	9114.05
217.68	6342.85
218.05	6743.08
218.43	6679.89
218.81	6867.13
219.18	11286.06
219.56	6834.36
219.93	6541.80
220.31	6497.33
220.69	5729.63
221.06	6164.97
221.44	7763.56
221.81	6464.56
222.19	5746.02
222.56	6064.33
222.94	6988.84
223.32	7740.15
223.69	6324.13
224.07	8931.48
224.44	12737.20
224.82	7761.22
225.19	8725.52
225.57	7466.31
225.94	6789.89
226.32	7297.79
226.69	12322.92
227.07	8924.46
227.44	6764.15
227.82	7964.84
228.19	7152.68
228.57	8835.52
228.94	11808.00
229.32	9708.54
229.69	8978.30
230.07	6832.02
230.44	6216.46
230.82	11185.42
231.19	9635.99
231.57	5544.73
231.94	5767.08
232.32	9135.11
232.69	6899.90
233.07	7599.72
233.44	8372.10
233.82	7089.48
234.19	7667.60
234.57	10380.28
234.94	6427.11
235.31	6911.60
235.69	7267.36
236.06	7693.34
236.44	8659.98
236.81	5870.06
237.19	7927.39
237.56	11789.28
237.93	6445.84
238.31	7796.32
238.68	6958.41
239.06	7653.55
239.43	8844.88
239.81	8379.12
240.18	5949.64
240.55	6289.02
240.93	12994.65
241.30	7784.62
241.67	7309.49
242.05	8819.14
242.42	9778.76
242.80	5886.45
243.17	7906.33
243.54	7901.65
243.92	9434.70
244.29	7255.66
244.66	7667.60
245.04	10251.55
245.41	16404.81
245.78	6113.48
246.16	6944.37
246.53	8980.64
246.90	7033.31
247.28	12940.82
247.65	7098.84
248.02	7190.13
248.40	9907.49
248.77	7669.94
249.14	8615.51
249.52	7098.84
249.89	8578.06
250.26	6181.35
250.64	7548.23
251.01	15655.84
251.38	5867.72
251.75	7421.84
252.13	6808.62
252.50	9228.73
252.87	13277.86
253.25	5987.09
253.62	8042.08
253.99	5834.96
254.36	9394.91
254.74	6649.46
255.11	6310.08
255.48	5708.57
255.85	14616.65
256.23	5898.15
256.60	5563.45
256.97	6874.15
257.34	8369.76
257.71	7669.94
258.09	6518.39
258.46	7651.21
258.83	11414.79
259.20	9748.33
259.58	7000.54
259.95	7140.97
260.32	9514.28
260.69	6181.35
261.06	10970.09
261.44	6239.87
261.81	13317.65
262.18	7847.82
262.55	6368.60
262.92	7405.46
263.29	6637.76
263.67	5860.70
264.04	6696.27
264.41	6892.88
264.78	6663.51
265.15	10384.96
265.52	12491.44
265.90	7651.21
266.27	6518.39
266.64	5785.80
267.01	5488.56
267.38	8194.22
267.75	6204.76
268.12	5390.25
268.50	7098.84
268.87	6513.71
269.24	6331.15
269.61	7822.07
269.98	8252.73
270.35	8189.53
270.72	6267.95
271.09	7066.08
271.46	6656.48
271.83	8116.98
272.21	9109.36
272.58	6113.48
272.95	6445.84
273.32	7360.98
273.69	7576.31
274.06	5689.84
274.43	6340.51
274.80	7124.59
275.17	7801.01
275.54	18024.47
275.91	7438.22
276.28	7337.58
276.65	7726.11
277.02	11377.34
277.39	6260.93
277.76	6221.14
278.13	8510.19
278.50	8985.32
278.87	10384.96
279.24	9231.07
279.61	8571.04
279.98	9799.82
280.35	6464.56
280.72	7782.28
281.09	7066.08
281.46	7339.92
281.83	6141.57
282.20	7901.65
282.57	6546.48
282.94	7976.55
283.31	6663.51
283.68	8016.33
284.05	5624.31
284.42	5362.17
284.79	7538.87
285.16	8477.42
285.53	7211.19
285.90	7307.15
286.27	14726.65
286.64	5451.11
287.01	6239.87
287.38	8606.15
287.75	59150.02
288.12	8638.92
288.49	16830.79
288.86	6090.07
289.23	6162.63
289.59	6279.66
289.96	5954.32
290.33	6399.02
290.70	6731.38
291.07	8334.65
291.44	7943.78
291.81	5975.39
292.18	7400.77
292.55	6799.26
292.91	12613.15
293.28	8351.03
293.65	10839.02
294.02	7793.98
294.39	5661.76
294.76	7023.95
295.13	7407.80
295.50	7040.33
295.86	7012.24
296.23	6394.34
296.60	5858.36
296.97	6466.90
297.34	7112.89
297.71	8849.57
298.07	7403.11
298.44	5369.19
298.81	7953.14
299.18	7433.54
299.55	10712.63
299.91	6946.71
300.28	7260.34
300.65	5462.81
301.02	7679.30
301.39	8180.17
301.75	13441.70
302.12	8318.26
302.49	7054.37
302.86	10520.71
303.23	7466.31
303.59	5771.76
303.96	17235.70
304.33	9652.37
304.70	14956.02
305.06	6520.73
305.43	10424.75
305.80	8376.78
306.17	9008.72
306.53	6441.15
306.90	9441.72
307.27	7194.81
307.64	10799.23
308.00	6448.18
308.37	6373.28
308.74	11772.89
309.11	8865.95
309.47	6300.72
309.84	5551.75
310.21	7185.44
310.57	7405.46
310.94	6733.72
311.31	7454.61
311.67	7913.35
312.04	5565.79
312.41	9827.91
312.77	8250.39
313.14	6345.19
313.51	6888.20
313.87	6647.12
314.24	6389.66
314.61	6354.55
314.97	6628.40
315.34	7250.98
315.71	5558.77
316.07	9118.73
316.44	5926.24
316.81	8774.67
317.17	6155.61
317.54	15489.67
317.91	6373.28
318.27	5455.79
318.64	6724.36
319.00	8800.41
319.37	5481.53
319.74	9296.61
320.10	9685.14
320.47	6588.61
320.83	10853.06
321.20	6956.07
321.57	5947.30
321.93	6534.78
322.30	7517.80
322.66	6340.51
323.03	8765.31
323.40	8025.70
323.76	6462.22
324.13	6546.48
324.49	5465.15
324.86	18862.38
325.22	7421.84
325.59	7028.63
325.95	7927.39
326.32	9540.02
326.68	9348.10
327.05	7026.29
327.42	6029.22
327.78	6506.69
328.15	9556.41
328.51	6459.88
328.88	8697.43
329.24	11260.32
329.61	7234.60
329.97	8688.07
330.34	6509.03
330.70	7286.09
331.07	10916.26
331.43	8753.60
331.80	13371.48
332.16	10281.97
332.52	6186.04
332.89	8245.71
333.25	5511.96
333.62	12510.16
333.98	7155.02
334.35	6979.48
334.71	7377.37
335.08	5963.68
335.44	12219.94
335.81	11971.84
336.17	10204.74
336.53	7155.02
336.90	6050.28
337.26	8578.06
337.63	9535.34
337.99	7538.87
338.36	5923.90
338.72	9107.02
339.08	7501.42
339.45	5944.96
339.81	9579.81
340.18	6806.28
340.54	10443.47
340.90	6438.81
341.27	6906.92
341.63	8226.98
341.99	5305.99
342.36	10429.43
342.72	5898.15
343.09	10682.20
343.45	6267.95
343.81	11023.92
344.18	5554.09
344.54	6939.69
344.90	7824.41
345.27	7452.27
345.63	7016.93
345.99	8877.65
346.36	7375.03
346.72	6001.13
347.08	5975.39
347.45	5621.97
347.81	9949.62
348.17	7573.97
348.54	5727.29
348.90	9060.21
349.26	9694.50
349.62	10916.26
349.99	5432.38
350.35	5247.48
350.71	7906.33
351.08	7410.14
351.44	5231.10
351.80	13591.49
352.16	11609.06
352.53	6071.35
352.89	8538.27
353.25	11206.48
353.61	6661.16
353.98	8676.37
354.34	10321.76
354.70	6579.25
355.06	5301.31
355.43	7246.30
355.79	6792.23
356.15	6759.47
356.51	6029.22
356.88	6134.54
357.24	6878.83
357.60	5603.24
357.96	5305.99
358.32	15740.10
358.69	5511.96
359.05	8018.68
359.41	7499.08
359.77	6076.03
360.13	6204.76
360.49	6010.50
360.86	9048.51
361.22	11302.45
361.58	7641.85
361.94	11220.53
362.30	5970.71
362.66	8416.57
363.03	5249.82
363.39	5399.62
363.75	6310.08
364.11	10157.92
364.47	6284.34
364.83	10593.26
365.19	7466.31
365.56	8966.59
365.92	5362.17
366.28	8788.71
366.64	9895.78
367.00	5495.58
367.36	5542.39
367.72	10143.88
368.08	9437.04
368.44	6518.39
368.80	8273.79
369.17	6588.61
369.53	6853.09
369.89	6059.65
370.25	6054.97
370.61	6216.46
370.97	10897.53
371.33	6574.56
371.69	12912.74
372.05	8439.97
372.41	5933.26
372.77	6635.42
373.13	7646.53
373.49	5231.10
373.85	8210.60
374.21	7602.06
374.57	5856.02
374.93	8627.21
375.29	9282.56
375.65	7487.37
376.01	7360.98
376.37	10438.79
376.73	8444.65
377.09	5912.19
377.45	10204.74
377.81	6878.83
378.17	5956.66
378.53	5104.71
378.89	8585.08
379.25	11232.23
379.61	14511.32
379.97	9472.15
380.33	6438.81
380.69	6157.95
381.05	5767.08
381.41	9392.57
381.77	7250.98
382.13	8617.85
382.49	15297.74
382.85	7618.44
383.21	9041.49
383.57	5373.87
383.93	10649.44
384.28	5231.10
384.64	6586.27
385.00	7550.57
385.36	7454.61
385.72	9320.01
386.08	6061.99
386.44	8894.04
386.80	9067.24
387.16	10829.66
387.52	9764.72
387.87	13776.39
388.23	7866.54
388.59	6127.52
388.95	5575.16
389.31	6729.04
389.67	6815.64
390.03	6242.21
390.38	6572.22
390.74	5121.09
391.10	9736.63
391.46	7688.66
391.82	6047.94
392.18	8390.82
392.54	4819.16
392.89	5713.25
393.25	8358.05
393.61	5741.33
393.97	5582.18
394.33	7929.74
394.68	6855.43
395.04	5561.11
395.40	7295.45
395.76	9373.85
396.12	7459.29
396.47	5708.57
396.83	7295.45
397.19	5727.29
397.55	5933.26
397.90	7358.64
398.26	7391.41
398.62	5797.51
398.98	4966.62
399.33	6759.47
399.69	24924.36
400.05	8322.94
400.41	5811.55
400.76	8791.05
401.12	10202.40
401.48	7946.12
401.84	5928.58
402.19	6342.85
402.55	7707.38
402.91	7227.57
403.26	5411.32
403.62	8540.61
403.98	7129.27
404.34	4931.51
404.69	7136.29
405.05	9149.15
405.41	14420.04
405.76	5963.68
406.12	6010.50
406.48	6916.28
406.83	6186.04
407.19	8376.78
407.55	8128.68
407.90	14321.74
408.26	8514.87
408.62	9305.97
408.97	7176.08
409.33	5497.92
409.68	5851.34
410.04	7583.34
410.40	6036.24
410.75	8219.96
411.11	5923.90
411.47	7623.12
411.82	6729.04
412.18	7325.88
412.53	6705.63
412.89	6408.39
413.25	6906.92
413.60	7368.01
413.96	5373.87
414.31	6616.69
414.67	7447.58
415.03	5425.36
415.38	5811.55
415.74	6462.22
416.09	6665.85
416.45	8538.27
416.80	6104.12
417.16	8720.84
417.51	6799.26
417.87	6523.07
418.23	7899.31
418.58	7941.44
418.94	4994.70
419.29	6251.57
419.65	7896.97
420.00	9015.74
420.36	8269.11
420.71	8397.84
421.07	5607.92
421.42	7236.94
421.78	9275.54
422.13	6789.89
422.49	5446.43
422.84	7337.58
423.20	5198.33
423.55	5584.52
423.91	5521.32
424.26	14132.15
424.61	8407.20
424.97	11456.92
425.32	6010.50
425.68	6736.06
426.03	7761.22
426.39	10375.59
426.74	9980.04
427.10	9579.81
427.45	6127.52
427.80	7843.14
428.16	6878.83
428.51	6935.01
428.87	7744.83
429.22	9614.92
429.58	10377.94
429.93	10101.75
430.28	6183.70
430.64	6181.35
430.99	5198.33
431.35	7686.32
431.70	6612.01
432.05	6764.15
432.41	8273.79
432.76	7857.18
433.11	8161.45
433.47	7833.77
433.82	10846.04
434.17	8285.50
434.53	7918.03
434.88	14370.89
435.24	7681.64
435.59	7335.24
435.94	5652.39
436.30	8276.13
436.65	6410.73
437.00	9675.77
437.35	16552.27
437.71	6768.83
438.06	6195.40
438.41	6352.21
438.77	7957.82
439.12	5221.74
439.47	4917.47
439.83	7840.79
440.18	5359.83
440.53	6621.38
440.88	12273.77
441.24	8671.68
441.59	5715.59
441.94	6520.73
442.30	8250.39
442.65	12711.45
443.00	6953.73
443.35	10616.67
443.71	6670.53
444.06	9837.27
444.41	8191.88
444.76	11524.80
445.11	7070.76
445.47	10434.11
445.82	9174.90
446.17	5923.90
446.52	10394.32
446.88	7286.09
447.23	5219.39
447.58	7992.93
447.93	6001.13
448.28	29493.09
448.63	11297.77
448.99	7082.46
449.34	8561.68
449.69	8844.88
450.04	6162.63
450.39	6160.29
450.74	7190.13
451.10	7012.24
451.45	7143.32
451.80	7782.28
452.15	10169.63
452.50	8255.07
452.85	10052.60
453.21	8994.68
453.56	7772.92
453.91	6803.94
454.26	7559.93
454.61	5823.25
454.96	8341.67
455.31	6841.39
455.66	6450.52
456.01	8028.04
456.36	6424.77
456.72	6092.41
457.07	7915.69
457.42	10422.41
457.77	9535.34
458.12	5895.81
458.47	7466.31
458.82	9614.92
459.17	7098.84
459.52	7227.57
459.87	12142.70
460.22	5687.50
460.57	7262.68
460.92	6148.59
461.27	8283.16
461.62	6724.36
461.97	5935.60
462.32	12432.93
462.67	10827.32
463.02	13781.07
463.38	13502.55
463.73	9135.11
464.08	12795.71
464.43	7634.83
464.78	5647.71
465.12	8259.75
465.47	8669.34
465.82	28629.43
466.17	6717.34
466.52	8676.37
466.87	6373.28
467.22	6017.52
467.57	5357.49
467.92	7859.52
468.27	11257.98
468.62	15030.92
468.97	6871.81
469.32	4912.78
469.67	15807.98
470.02	14225.78
470.37	6061.99
470.72	7669.94
471.07	5383.23
471.42	6722.02
471.76	6998.20
472.11	6839.05
472.46	8554.66
472.81	15370.30
473.16	6120.50
473.51	6076.03
473.86	5369.19
474.21	6707.98
474.56	6455.20
474.90	6319.45
475.25	9902.81
475.60	9043.83
475.95	6085.39
476.30	11342.24
476.65	10464.54
477.00	15307.10
477.34	11424.15
477.69	5811.55
478.04	9437.04
478.39	7419.50
478.74	5933.26
479.09	5296.63
479.43	7110.55
479.78	5128.11
480.13	12493.78
480.48	10289.00
480.83	7386.73
481.17	5556.43
481.52	7218.21
481.87	6581.59
482.22	12074.82
482.57	6822.66
482.91	9287.25
483.26	7983.57
483.61	6583.93
483.96	7499.08
484.30	65535.00
484.65	11957.80
485.00	6024.54
485.35	6846.07
485.69	5975.39
486.04	6698.61
486.39	7782.28
486.74	7691.00
487.08	5291.95
487.43	8119.32
487.78	5018.11
488.12	8470.40
488.47	6258.59
488.82	10619.01
489.17	5853.68
489.51	5291.95
489.86	8060.80
490.21	5116.41
490.55	7950.80
490.90	5526.00
491.25	6569.88
491.59	5600.90
491.94	13060.19
492.29	6415.41
492.63	7047.35
492.98	4844.91
493.33	7492.05
493.67	6209.44
494.02	5563.45
494.37	5640.69
494.71	8430.61
495.06	6106.46
495.40	10576.88
495.75	6073.69
496.10	10649.44
496.44	6984.16
496.79	8226.98
497.13	5771.76
497.48	14576.86
497.83	10415.38
498.17	8297.20
498.52	5364.51
498.86	8781.69
499.21	6752.45
499.56	5823.25
499.90	6644.78
500.25	5268.55
500.59	7122.25
500.94	7847.82
501.28	8769.99
501.63	9788.12
501.97	6726.70
502.32	5846.66
502.67	7819.73
503.01	5280.25
503.36	6291.36
503.70	6286.68
504.05	8496.14
504.39	9242.78
504.74	6696.27
505.08	10956.05
505.43	4830.87
505.77	5668.78
506.12	7473.33
506.46	6663.51
506.81	5750.70
507.15	5853.68
507.49	6492.65
507.84	5867.72
508.18	7747.17
508.53	7459.29
508.87	7295.45
509.22	6581.59
509.56	65535.00
509.91	19332.82
510.25	7241.62
510.60	5062.58
510.94	8985.32
511.28	4807.46
511.63	9696.84
511.97	7779.94
512.32	9039.15
512.66	5968.37
513.00	7152.68
513.35	9469.81
513.69	5834.96
514.04	8449.33
514.38	9067.24
514.72	7473.33
515.07	5888.79
515.41	5820.91
515.76	5912.19
516.10	7143.32
516.44	9060.21
516.79	6195.40
517.13	5486.22
517.47	9352.78
517.82	7421.84
518.16	6712.66
518.50	7279.07
518.85	7679.30
519.19	10422.41
519.53	13879.38
519.88	8877.65
520.22	6619.04
520.56	7061.40
520.91	5572.82
521.25	5612.60
521.59	7066.08
521.93	7922.71
522.28	6846.07
522.62	7515.46
522.96	9427.68
523.31	6736.06
523.65	8025.70
523.99	8802.75
524.33	11590.33
524.68	8437.63
525.02	5500.26
525.36	7885.26
525.70	5160.88
526.05	5980.07
526.39	5483.88
526.73	8472.74
527.07	7426.52
527.41	10759.44
527.76	5926.24
528.10	6530.09
528.44	8063.15
528.78	6953.73
529.12	8695.09
529.47	6696.27
529.81	9263.84
530.15	9467.47
530.49	8369.76
530.83	5069.60
531.18	5643.03
531.52	6731.38
531.86	5427.70
532.20	7136.29
532.54	9806.84
532.88	4999.38
533.22	6686.91
533.57	6216.46
533.91	9631.30
534.25	5345.78
534.59	10979.45
534.93	8667.00
535.27	5891.13
535.61	6698.61
535.95	11143.29
536.30	5378.55
536.64	7049.69
536.98	4674.05
537.32	6516.05
537.66	5128.11
538.00	8173.15
538.34	8437.63
538.68	8386.14
539.02	11798.64
539.36	6300.72
539.70	5437.06
540.04	6935.01
540.39	20236.27
540.73	5788.14
541.07	7037.99
541.41	7840.79
541.75	7826.75
542.09	10181.33
542.43	8128.68
542.77	7143.32
543.11	7630.15
543.45	7112.89
543.79	9516.62
544.13	6682.23
544.47	6668.19
544.81	5792.83
545.15	8496.14
545.49	6899.90
545.83	5757.72
546.17	6452.86
546.51	4858.95
546.85	6282.00
547.19	11190.10
547.53	5474.51
547.87	8610.83
548.21	12177.81
548.54	7426.52
548.88	6097.10
549.22	5888.79
549.56	5355.15
549.90	6239.87
550.24	6949.05
550.58	5708.57
550.92	9827.91
551.26	6326.47
551.60	11117.54
551.94	6644.78
552.28	6441.15
552.61	8351.03
552.95	6506.69
553.29	6127.52
553.63	7241.62
553.97	11611.40
554.31	9486.19
554.65	10609.65
554.99	10424.75
555.32	6399.02
555.66	8152.09
556.00	4791.08
556.34	6700.95
556.68	7447.58
557.02	9399.59
557.36	7541.21
557.69	7283.75
558.03	6211.78
558.37	12779.32
558.71	14902.19
559.05	10597.95
559.38	11470.97
559.72	5790.49
560.06	8938.51
560.40	8514.87
560.74	9790.46
561.07	8049.10
561.41	9062.55
561.75	7868.88
562.09	6155.61
562.42	9207.67
562.76	8346.35
563.10	7468.65
563.44	24753.51
563.77	7742.49
564.11	8454.02
564.45	9919.19
564.79	8276.13
565.12	7262.68
565.46	7478.01
565.80	7833.77
566.14	7672.28
566.47	9621.94
566.81	5870.06
567.15	7527.16
567.48	8121.66
567.82	8421.25
568.16	7892.29
568.49	6040.92
568.83	5521.32
569.17	7218.21
569.50	7845.48
569.84	11091.80
570.18	8035.06
570.51	11384.37
570.85	6925.65
571.19	6682.23
571.52	5921.56
571.86	9612.58
572.20	6527.75
572.53	10874.13
572.87	6029.22
573.21	5762.40
573.54	5589.20
573.88	7660.57
574.21	7616.10
574.55	6935.01
574.89	6450.52
575.22	9116.39
575.56	6115.82
575.89	6164.97
576.23	6628.40
576.57	8006.97
576.90	6122.84
577.24	7445.24
577.57	5701.54
577.91	7885.26
578.24	5207.69
578.58	6991.18
578.91	8245.71
579.25	6069.01
579.59	7403.11
579.92	7014.59
580.26	5556.43
580.59	7868.88
580.93	7786.96
581.26	6525.41
581.60	7932.08
581.93	8655.30
582.27	11384.37
582.60	5757.72
582.94	7599.72
583.27	5633.67
583.61	6736.06
583.94	7566.95
584.28	5212.37
584.61	6441.15
584.94	8332.31
585.28	8126.34
585.61	8943.19
585.95	8655.30
586.28	11700.34
586.62	13474.46
586.95	7014.59
587.29	12411.86
587.62	15854.79
587.95	5598.56
588.29	7506.10
588.62	8461.04
588.96	9451.08
589.29	6487.96
589.62	6265.61
589.96	6787.55
590.29	6384.98
590.63	5266.21
590.96	8704.45
591.29	9181.92
591.63	9823.23
591.96	5511.96
592.29	6675.21
592.63	6267.95
592.96	7892.29
593.30	11840.77
593.63	8037.40
593.96	5825.59
594.30	6520.73
594.63	8006.97
594.96	12128.66
595.30	7021.61
595.63	6537.12
595.96	6038.58
596.29	8039.74
596.63	6595.63
596.96	8872.97
597.29	8114.64
597.63	5207.69
597.96	10452.83
598.29	9853.66
598.63	9535.34
598.96	5959.00
599.29	6246.89
599.62	6136.88
599.96	6164.97
600.29	6867.13
600.62	5846.66
600.95	6331.15
601.29	6937.35
601.62	7592.70
601.95	7082.46
602.28	6202.42
602.61	20416.49
602.95	7360.98
603.28	11981.20
603.61	5930.92
603.94	9423.00
604.27	5949.64
604.61	8671.68
604.94	8046.76
605.27	7751.85
605.60	5851.34
605.93	6155.61
606.27	9298.95
606.60	5846.66
606.93	5413.66
607.26	11358.62
607.59	7054.37
607.92	9692.16
608.26	6193.06
608.59	6101.78
608.92	6822.66
609.25	5696.86
609.58	7730.79
609.91	8458.70
610.24	13504.89
610.57	8126.34
610.90	9652.37
611.24	5191.31
611.57	5280.25
611.90	9020.42
612.23	6920.96
612.56	8985.32
612.89	8538.27
613.22	8868.29
613.55	5298.97
613.88	9444.06
614.21	5799.85
614.54	8063.15
614.87	5984.75
615.20	4861.29
615.53	10321.76
615.87	6132.20
616.20	7234.60
616.53	10263.25
616.86	7192.47
617.19	8098.25
617.52	6396.68
617.85	6436.47
618.18	5942.62
618.51	6649.46
618.84	8784.03
619.17	6747.76
619.50	10939.66
619.83	10312.40
620.16	8517.21
620.49	6415.41
620.82	14225.78
621.14	11005.20
621.47	6595.63
621.80	9905.15
622.13	7562.27
622.46	14862.40
622.79	8758.28
623.12	5664.10
623.45	9294.27
623.78	8870.63
624.11	5832.62
624.44	7981.23
624.77	5713.25
625.10	6005.81
625.43	5762.40
625.75	7538.87
626.08	6155.61
626.41	5919.21
626.74	7166.72
627.07	6558.18
627.40	12266.75
627.73	6464.56
628.06	5947.30
628.38	4784.06
628.71	8992.34
629.04	10015.15
629.37	8809.78
629.70	7557.59
630.03	6026.88
630.36	10125.16
630.68	8950.21
631.01	6415.41
631.34	11227.55
631.67	6328.81
632.00	5060.24
632.32	9041.49
632.65	10366.23
632.98	7613.76
633.31	7136.29
633.64	9348.10
633.96	5902.83
634.29	10993.50
634.62	7501.42
634.95	7838.45
635.27	7522.48
635.60	8519.55
635.93	8156.77
636.26	8086.55
636.58	6434.13
636.91	6389.66
637.24	6087.73
637.57	7637.17
637.89	8444.65
638.22	6392.00
638.55	7382.05
638.87	7782.28
639.20	8982.98
639.53	8124.00
639.86	6244.55
640.18	5818.57
640.51	7440.56
640.84	7906.33
641.16	5687.50
641.49	7763.56
641.82	5837.30
642.14	5762.40
642.47	14244.50
642.80	6974.80
643.12	9467.47
643.45	6974.80
643.78	7396.09
644.10	6155.61
644.43	7281.41
644.75	10399.00
645.08	5249.82
645.41	8255.07
645.73	5795.17
646.06	15700.31
646.39	9090.64
646.71	6272.64
647.04	5916.87
647.36	5132.79
647.69	8709.13
648.01	7562.27
648.34	6162.63
648.67	9884.08
648.99	10590.92
649.32	6143.91
649.64	5453.45
649.97	4688.09
650.29	5518.98
650.62	14920.92
650.94	7323.54
651.27	11379.68
651.59	7082.46
651.92	6033.90
652.25	8191.88
652.57	5825.59
652.90	5987.09
653.22	7831.43
653.55	7765.90
653.87	5039.17
654.20	7435.88
654.52	11346.92
654.84	7049.69
655.17	8458.70
655.49	11489.69
655.82	6654.14
656.14	7927.39
656.47	8634.24
656.79	11852.47
657.12	6672.87
657.44	6502.01
657.77	8903.40
658.09	7562.27
658.41	7070.76
658.74	8575.72
659.06	5640.69
659.39	7037.99
659.71	6305.40
660.03	7201.83
660.36	6597.97
660.68	9984.73
661.01	13504.89
661.33	10630.71
661.65	6494.99
661.98	14380.25
662.30	10743.06
662.63	7255.66
662.95	6736.06
663.27	6197.74
663.60	5526.00
663.92	6960.75
664.24	6977.14
664.57	5659.42
664.89	6237.53
665.21	6293.70
665.54	9731.95
665.86	7463.97
666.18	7733.13
666.51	10623.69
666.83	6466.90
667.15	15442.85
667.47	9823.23
667.80	8344.01
668.12	6015.18
668.44	7480.35
668.77	9006.38
669.09	10473.90
669.41	9139.79
669.73	5500.26
670.06	7094.16
670.38	6850.75
670.70	5533.03
671.02	8493.80
671.35	6366.26
671.67	10649.44
671.99	6932.67
672.31	10281.97
672.63	7913.35
672.96	11667.57
673.28	6413.07
673.60	7583.34
673.92	7449.93
674.24	5961.34
674.57	6129.86
674.89	9987.07
675.21	6780.53
675.53	9109.36
675.85	10092.39
676.17	10148.56
676.50	5935.60
676.82	10155.58
677.14	7632.49
677.46	14817.93
677.78	5474.51
678.10	9790.46
678.42	7148.00
678.75	6494.99
679.07	5678.14
679.39	7115.23
679.71	6595.63
680.03	6576.91
680.35	6487.96
680.67	6572.22
680.99	6232.85
681.31	5556.43
681.63	8271.45
681.96	10450.49
682.28	6523.07
682.60	5996.45
682.92	8664.66
683.24	5411.32
683.56	8737.22
683.88	6361.58
684.20	7021.61
684.52	6539.46
684.84	6527.75
685.16	6654.14
685.48	9165.54
685.80	7772.92
686.12	8856.59
686.44	12121.63
686.76	7059.06
687.08	5423.02
687.40	5834.96
687.72	9621.94
688.04	6703.29
688.36	14939.64
688.68	11325.85
689.00	8245.71
689.32	6843.73
689.64	6443.49
689.96	6970.12
690.28	10068.98
690.60	10509.01
690.92	6190.72
691.24	8662.32
691.56	6726.70
691.88	7054.37
692.19	6099.44
692.51	9565.77
692.83	8166.13
693.15	9142.13
693.47	8262.09
693.79	7639.51
694.11	9802.16
694.43	8170.81
694.75	7073.10
695.06	7349.28
695.38	10333.47
695.70	7482.69
696.02	7428.86
696.34	6698.61
696.66	6579.25
696.98	5327.06
697.29	7468.65
697.61	11445.22
697.93	10237.50
698.25	14169.60
698.57	8222.30
698.89	5528.35
699.20	6904.58
699.52	11328.19
699.84	5163.22
700.16	7126.93
700.48	10672.84
700.79	5898.15
701.11	12093.55
701.43	9540.02
701.75	6335.83
702.07	6939.69
702.38	12369.73
702.70	6164.97
703.02	6092.41
703.34	8865.95
703.65	7562.27
703.97	6878.83
704.29	4980.66
704.61	5860.70
704.92	9219.37
705.24	6956.07
705.56	9619.60
705.87	10104.09
706.19	7258.00
706.51	6862.45
706.82	10338.15
707.14	6155.61
707.46	5263.86
707.78	6073.69
708.09	8545.30
708.41	10019.83
708.73	7728.45
709.04	10389.64
709.36	6787.55
709.68	7255.66
709.99	13479.15
710.31	10466.88
710.62	7630.15
710.94	6668.19
711.26	8156.77
711.57	6904.58
711.89	5769.42
712.21	15646.48
712.52	7562.27
712.84	10885.83
713.15	7882.92
713.47	9547.05
713.79	5619.63
714.10	6455.20
714.42	6778.19
714.73	11166.70
715.05	5533.03
715.36	5919.21
715.68	6104.12
715.99	6911.60
716.31	9886.42
716.63	8723.18
716.94	9654.71
717.26	20393.09
717.57	9654.71
717.89	11700.34
718.20	6197.74
718.52	9565.77
718.83	7117.57
719.15	15337.53
719.46	14511.32
719.78	7918.03
720.09	7124.59
720.41	6078.37
720.72	5727.29
721.04	5980.07
721.35	7101.19
721.67	7028.63
721.98	6691.59
722.29	6590.95
722.61	6296.04
722.92	5111.73
723.24	7002.88
723.55	7784.62
723.87	7913.35
724.18	9034.47
724.50	5820.91
724.81	7112.89
725.12	7396.09
725.44	8414.23
725.75	7730.79
726.07	11019.24
726.38	8365.07
726.69	6813.30
727.01	9006.38
727.32	9100.00
727.63	6668.19
727.95	11023.92
728.26	6502.01
728.58	8971.27
728.89	6686.91
729.20	7300.13
729.52	6019.86
729.83	14132.15
730.14	8746.58
730.46	7342.26
730.77	10157.92
731.08	8840.20
731.39	6956.07
731.71	7459.29
732.02	9523.64
732.33	7445.24
732.65	6827.34
732.96	11405.43
733.27	9521.30
733.59	14644.73
733.90	9898.13
734.21	6148.59
734.52	6841.39
734.84	17692.11
735.15	6729.04
735.46	7023.95
735.77	7784.62
736.09	7339.92
736.40	11356.28
736.71	9160.86
737.02	5624.31
737.33	6825.00
737.65	6794.58
737.96	7604.40
738.27	8060.80
738.58	13991.72
738.89	8849.57
739.21	6450.52
739.52	5352.81
739.83	8849.57
740.14	6244.55
740.45	7510.78
740.76	6583.93
741.08	5753.04
741.39	7187.79
741.70	6569.88
742.01	8072.51
742.32	10464.54
742.63	7948.46
742.94	6183.70
743.26	8912.76
743.57	8428.27
743.88	9544.70
744.19	8194.22
744.50	7030.97
744.81	12973.59
745.12	7239.28
745.43	7349.28
745.74	15702.65
746.05	13099.98
746.36	5327.06
746.67	12613.15
746.99	6920.96
747.30	8517.21
747.61	6658.82
747.92	8021.02
748.23	10314.74
748.54	7000.54
748.85	7007.56
749.16	7529.50
749.47	6155.61
749.78	6736.06
750.09	6464.56
750.40	8285.50
750.71	7950.80
751.02	8725.52
751.33	7302.47
751.64	8416.57
751.95	7276.73
752.26	8709.13
752.57	9097.66
752.88	7061.40
753.19	7585.68
753.50	10806.25
753.81	7089.48
754.11	7475.67
754.42	17621.89
754.73	7693.34
755.04	8203.58
755.35	7955.48
755.66	14118.11
755.97	6054.97
756.28	5973.05
756.59	8634.24
756.90	18026.81
757.21	8461.04
757.52	11529.48
757.82	8292.52
758.13	6743.08
758.44	10167.29
758.75	8912.76
759.06	6581.59
759.37	6080.71
759.68	8100.59
759.98	6602.65
760.29	8835.52
760.60	8016.33
760.91	5537.71
761.22	7201.83
761.53	7824.41
761.83	6427.11
762.14	7712.07
762.45	6483.28
762.76	5736.65
763.07	8552.32
763.37	16692.70
763.68	11609.06
763.99	13495.53
764.30	11969.50
764.60	6609.67
764.91	10361.55
765.22	7721.43
765.53	13907.46
765.84	8013.99
766.14	7084.80
766.45	5533.03
766.76	11440.54
767.06	12301.86
767.37	7033.31
767.68	7531.84
767.99	7112.89
768.29	6607.33
768.60	7445.24
768.91	10286.65
769.21	13444.04
769.52	11346.92
769.83	7349.28
770.13	7243.96
770.44	7035.65
770.75	9252.14
771.05	7562.27
771.36	9186.60
771.67	7817.39
771.97	6965.43
772.28	7140.97
772.59	7943.78
772.89	9645.35
773.20	6579.25
773.51	6612.01
773.81	12166.10
774.12	6150.93
774.42	7506.10
774.73	6090.07
775.04	6382.64
775.34	22089.98
775.65	8578.06
775.95	12915.08
776.26	8585.08
776.56	7007.56
776.87	8823.82
777.18	59578.34
777.48	12807.41
777.79	7782.28
778.09	11276.70
778.40	6834.36
778.70	6876.49
779.01	11166.70
779.31	7730.79
779.62	7030.97
779.92	9308.31
780.23	8982.98
780.53	5846.66
780.84	7400.77
781.14	6785.21
781.45	6733.72
781.75	9628.96
782.06	6403.71
782.36	8533.59
782.67	6094.76
782.97	6429.45
783.28	13701.50
783.58	6892.88
783.89	6876.49
784.19	8788.71
784.49	13139.77
784.80	7386.73
785.10	13343.39
785.41	6370.94
785.71	9034.47
786.02	8524.23
786.32	14546.43
786.62	9518.96
786.93	12245.68
787.23	6729.04
787.54	7194.81
787.84	12816.77
788.14	8945.53
788.45	5460.47
788.75	6661.16
789.05	5977.73
789.36	7253.32
789.66	14122.79
789.96	9486.19
790.27	7630.15
790.57	7639.51
790.87	6253.91
791.18	6530.09
791.48	6466.90
791.78	8657.64
792.09	9046.17
792.39	6499.67
792.69	9891.10
793.00	8753.60
793.30	9179.58
793.60	6045.60
793.90	5507.28
794.21	8772.33
794.51	17294.22
794.81	11225.21
795.11	7728.45
795.42	6466.90
795.72	11882.90
796.02	9500.23
796.32	8709.13
796.63	8702.11
796.93	10396.66
797.23	9359.80
797.53	8322.94
797.84	10586.24
798.14	6539.46
798.44	8346.35
798.74	8917.44
799.04	8311.24
799.34	6019.86
799.65	16524.18
799.95	8112.30
800.25	7218.21
800.55	7002.88
800.85	8170.81
801.15	6429.45
801.46	7405.46
801.76	18207.03
802.06	6869.47
802.36	9717.90
802.66	6993.52
802.96	9556.41
803.26	11005.20
803.56	13715.54
803.87	16896.33
804.17	7440.56
804.47	10083.03
804.77	10691.57
805.07	11119.89
805.37	9942.60
805.67	9352.78
805.97	7075.44
806.27	7506.10
806.57	6890.54
806.87	11920.35
807.17	8344.01
807.47	11824.39
807.77	11211.17
808.07	6836.70
808.37	12013.97
808.67	8091.23
808.98	15899.26
809.28	7054.37
809.58	16489.07
809.88	10623.69
810.18	15000.49
810.47	7370.35
810.77	7592.70
811.07	9767.06
811.37	8720.84
811.67	6237.53
811.97	5394.93
812.27	6237.53
812.57	5554.09
812.87	6839.05
813.17	6443.49
813.47	6335.83
813.77	6981.82
814.07	6761.81
814.37	10256.23
814.67	6649.46
814.97	7414.82
815.27	6314.77
815.56	8840.20
815.86	11698.00
816.16	8344.01
816.46	6045.60
816.76	6548.82
817.06	10590.92
817.36	12578.04
817.66	7772.92
817.95	6436.47
818.25	8454.02
818.55	10253.89
818.85	9638.33
819.15	6883.52
819.45	13448.72
819.75	7660.57
820.04	7702.70
820.34	16196.51
820.64	10132.18
820.94	12975.93
821.24	7206.51
821.53	7208.85
821.83	6686.91
822.13	6200.08
822.43	7281.41
822.72	5724.95
823.02	6616.69
823.32	6200.08
823.62	8222.30
823.91	15250.93
824.21	5912.19
824.51	8421.25
824.81	7262.68
825.10	5900.49
825.40	9364.48
825.70	7854.84
826.00	12849.54
826.29	6773.51
826.59	8320.60
826.89	7094.16
827.18	6434.13
827.48	6670.53
827.78	6061.99
828.07	7630.15
828.37	9624.28
828.67	8311.24
828.96	7569.29
829.26	6408.39
829.56	11016.90
829.85	6775.85
830.15	8458.70
830.45	5799.85
830.74	12512.50
831.04	9600.88
831.34	10462.19
831.63	13851.29
831.93	10087.71
832.22	9535.34
832.52	7606.74
832.82	6155.61
833.11	6136.88
833.41	6422.43
833.70	6857.77
834.00	10597.95
834.29	7845.48
834.59	5851.34
834.89	8685.73
835.18	7227.57
835.48	13217.01
835.77	9369.16
836.07	9439.38
836.36	9146.81
836.66	10356.87
836.95	7461.63
837.25	6647.12
837.54	7698.02
837.84	6677.55
838.13	8063.15
838.43	6462.22
838.72	14073.64
839.02	10984.13
839.31	6377.96
839.61	10918.60
839.90	5849.00
840.20	7613.76
840.49	6036.24
840.78	8465.72
841.08	9303.63
841.37	7016.93
841.67	5956.66
841.96	9039.15
842.26	8250.39
842.55	5879.43
842.84	6221.14
843.14	10324.10
843.43	5785.80
843.73	7566.95
844.02	5900.49
844.31	7152.68
844.61	6946.71
844.90	8381.46
845.20	7782.28
845.49	5385.57
845.78	7061.40
846.08	6125.18
846.37	5165.56
846.66	8755.94
846.96	9210.01
847.25	8498.49
847.54	5708.57
847.84	8968.93
848.13	7304.81
848.42	10045.58
848.72	6380.30
849.01	9034.47
849.30	6537.12
849.59	6260.93
849.89	6340.51
850.18	12212.92
850.47	6204.76
850.76	16460.99
851.06	14839.00
851.35	8652.96
851.64	9643.01
851.93	7939.10
852.23	10853.06
852.52	7033.31
852.81	6832.02
853.10	6565.20
853.40	5540.05
853.69	5591.54
853.98	7637.17
854.27	9937.91
854.56	6785.21
854.86	8861.27
855.15	7815.05
855.44	8201.24
855.73	5551.75
856.02	6619.04
856.31	9923.87
856.61	8571.04
856.90	6874.15
857.19	5863.04
857.48	5792.83
857.77	6008.16
858.06	5027.47
858.35	5900.49
858.65	11611.40
858.94	9568.11
859.23	7232.26
859.52	10431.77
859.81	12018.65
860.10	6560.52
860.39	9284.91
860.68	7770.58
860.97	6270.30
861.26	6459.88
861.55	12423.56
861.85	7775.26
862.14	9425.34
862.43	9928.55
862.72	7838.45
863.01	5727.29
863.30	7012.24
863.59	7508.44
863.88	7349.28
864.17	7318.86
864.46	6328.81
864.75	14705.59
865.04	7833.77
865.33	5872.40
865.62	11098.82
865.91	6649.46
866.20	8870.63
866.49	6853.09
866.78	7009.90
867.07	6764.15
867.36	10291.34
867.65	10031.54
867.93	9195.96
868.22	7573.97
868.51	7194.81
868.80	7730.79
869.09	7138.63
869.38	6359.24
869.67	12561.66
869.96	12561.66
870.25	12561.66
