178.76	1713.27
179.14	1713.27
179.52	1713.27
179.90	1708.59
180.28	10902.22
180.66	5966.03
181.04	8255.07
181.42	7304.81
181.80	6282.00
182.18	10967.75
182.55	5750.70
182.93	7358.64
183.31	7023.95
183.69	7857.18
184.07	8173.15
184.45	6958.41
184.83	7140.97
185.21	6574.56
185.59	6799.26
185.97	16217.57
186.35	12023.33
186.72	7082.46
187.10	7225.23
187.48	11775.24
187.86	9097.66
188.24	6597.97
188.62	6380.30
189.00	10906.90
189.38	7911.01
189.75	7335.24
190.13	7920.37
190.51	6244.55
190.89	15075.39
191.27	21151.42
191.65	6876.49
192.03	7726.11
192.40	10197.71
192.78	7510.78
193.16	8769.99
193.54	12283.13
193.92	10684.55
194.30	6719.68
194.67	9570.45
195.05	8468.06
195.43	7290.77
195.81	6972.46
196.19	10710.29
196.56	7726.11
196.94	7349.28
197.32	11417.13
197.70	6539.46
198.08	8512.53
198.45	6658.82
198.83	7548.23
199.21	6773.51
199.59	12367.39
199.97	8030.38
200.34	6003.47
200.72	6546.48
201.10	14075.98
201.48	9884.08
201.85	6347.53
202.23	7052.03
202.61	6658.82
202.99	15906.28
203.36	6520.73
203.74	8952.55
204.12	7140.97
204.49	6363.92
204.87	8947.87
205.25	7063.74
205.63	5783.46
206.00	6361.58
206.38	7714.41
206.76	9554.07
207.14	6670.53
207.51	5856.02
207.89	10953.71
208.27	6260.93
208.64	5472.17
209.02	6740.74
209.40	7077.78
209.77	5755.38
210.15	14979.43
210.53	5818.57
210.90	11250.96
211.28	6284.34
211.66	12072.48
212.03	6574.56
212.41	5827.93
212.79	7059.06
213.16	5923.90
213.54	7723.77
213.92	7744.83
214.29	5551.75
214.67	6682.23
215.05	6609.67
215.42	9289.59
215.80	6766.49
216.17	6729.04
216.55	7667.60
216.93	5769.42
217.30	8980.64
217.68	6455.20
218.05	6731.38
218.43	6443.49
218.81	6757.13
219.18	11171.38
219.56	6656.48
219.93	6565.20
220.31	6569.88
220.69	5884.11
221.06	6139.23
221.44	7590.36
221.81	6148.59
222.19	5476.85
222.56	6127.52
222.94	6848.41
223.32	7592.70
223.69	6216.46
224.07	8896.38
224.44	12362.71
224.82	7592.70
225.19	8489.12
225.57	7534.18
225.94	6719.68
226.32	7255.66
226.69	12126.32
227.07	8257.41
227.44	6628.40
227.82	7761.22
228.19	6906.92
228.57	8610.83
228.94	11559.91
229.32	9603.22
229.69	8868.29
230.07	6965.43
230.44	5996.45
230.82	10878.81
231.19	9540.02
231.57	5638.35
231.94	5839.64
232.32	8795.73
232.69	6841.39
233.07	7501.42
233.44	8198.90
233.82	6984.16
234.19	7456.95
234.57	9956.64
234.94	6420.09
235.31	6464.56
235.69	7014.59
236.06	7592.70
236.44	8664.66
236.81	6061.99
237.19	7943.78
237.56	11517.78
237.93	6335.83
238.31	7719.09
238.68	6993.52
239.06	7536.52
239.43	8755.94
239.81	8093.57
240.18	6005.81
240.55	6232.85
240.93	12692.73
241.30	7655.89
241.67	7068.42
242.05	8674.03
242.42	9525.98
242.80	5738.99
243.17	7756.54
243.54	7623.12
243.92	9263.84
244.29	7166.72
244.66	7482.69
245.04	10040.90
245.41	15960.11
245.78	5940.28
246.16	6834.36
246.53	8718.50
246.90	7068.42
247.28	12812.09
247.65	6998.20
248.02	7122.25
248.40	9865.36
248.77	7468.65
249.14	8351.03
249.52	6722.02
249.89	8355.71
250.26	6188.38
250.64	7527.16
251.01	15318.81
251.38	5685.16
251.75	7503.76
252.13	6607.33
252.50	9055.53
252.87	13474.46
253.25	6022.20
253.62	7817.39
253.99	5781.12
254.36	9397.25
254.74	6729.04
255.11	6186.04
255.48	5596.22
255.85	14178.97
256.23	5706.23
256.60	5448.77
256.97	6703.29
257.34	8074.85
257.71	7634.83
258.09	6282.00
258.46	7585.68
258.83	11236.91
259.20	9544.70
259.58	7096.50
259.95	7094.16
260.32	9322.35
260.69	6059.65
261.06	10724.33
261.44	6176.67
261.81	12985.29
262.18	7943.78
262.55	6373.28
262.92	7335.24
263.29	6628.40
263.67	5760.06
264.04	6656.48
264.41	6703.29
264.78	6595.63
265.15	10305.38
265.52	12613.15
265.90	7449.93
266.27	6452.86
266.64	5771.76
267.01	5453.45
267.38	8021.02
267.75	6394.34
268.12	5240.46
268.50	6899.90
268.87	6263.27
269.24	6450.52
269.61	7688.66
269.98	8163.79
270.35	7810.37
270.72	6040.92
271.09	6953.73
271.46	6588.61
271.83	7927.39
272.21	9359.80
272.58	5975.39
272.95	6239.87
273.32	7213.53
273.69	7396.09
274.06	5504.94
274.43	6223.48
274.80	6951.39
275.17	7836.11
275.54	17570.40
275.91	7272.04
276.28	7218.21
276.65	7466.31
277.02	11040.31
277.39	6277.32
277.76	6169.65
278.13	8269.11
278.50	8622.53
278.87	10609.65
279.24	9076.60
279.61	8404.86
279.98	9631.30
280.35	6387.32
280.72	7468.65
281.09	7124.59
281.46	7283.75
281.83	6197.74
282.20	7936.76
282.57	6450.52
282.94	8067.83
283.31	6340.51
283.68	7772.92
284.05	5654.73
284.42	5320.04
284.79	7648.87
285.16	8507.85
285.53	7281.41
285.90	7356.30
286.27	14588.56
286.64	5521.32
287.01	6225.82
287.38	8421.25
287.75	58658.51
288.12	8470.40
288.49	16585.04
288.86	5984.75
289.23	6005.81
289.59	6169.65
289.96	6043.26
290.33	6258.59
290.70	6574.56
291.07	8318.26
291.44	7721.43
291.81	5785.80
292.18	7091.82
292.55	6621.38
292.91	12479.74
293.28	8308.90
293.65	10839.02
294.02	7803.35
294.39	5661.76
294.76	6892.88
295.13	7307.15
295.50	6932.67
295.86	6843.73
296.23	6239.87
296.60	5797.51
296.97	6352.21
297.34	7021.61
297.71	8826.16
298.07	7148.00
298.44	5357.49
298.81	7911.01
299.18	7398.43
299.55	10373.25
299.91	6899.90
300.28	7726.11
300.65	5315.36
301.02	7613.76
301.39	7838.45
301.75	13245.09
302.12	8077.19
302.49	6927.99
302.86	10427.09
303.23	7323.54
303.59	5935.60
303.96	16823.77
304.33	9551.73
304.70	14684.52
305.06	6616.69
305.43	10146.22
305.80	8264.43
306.17	8887.01
306.53	6413.07
306.90	9273.20
307.27	7410.14
307.64	10560.50
308.00	6331.15
308.37	6377.96
308.74	11838.43
309.11	8912.76
309.47	6387.32
309.84	5526.00
310.21	7056.72
310.57	7470.99
310.94	6640.10
311.31	7272.04
311.67	7632.49
312.04	5453.45
312.41	9654.71
312.77	8049.10
313.14	6239.87
313.51	6963.09
313.87	6413.07
314.24	6420.09
314.61	6202.42
314.97	6413.07
315.34	7325.88
315.71	5526.00
316.07	8814.46
316.44	5687.50
316.81	8695.09
317.17	6207.10
317.54	15403.07
317.91	6445.84
318.27	5369.19
318.64	6834.36
319.00	8578.06
319.37	5497.92
319.74	9202.99
320.10	9385.55
320.47	6710.32
320.83	10539.43
321.20	6949.05
321.57	5914.53
321.93	6473.92
322.30	7508.44
322.66	6235.19
323.03	8578.06
323.40	7985.91
323.76	6399.02
324.13	6373.28
324.49	5488.56
324.86	18684.50
325.22	7384.39
325.59	6951.39
325.95	7864.20
326.32	9444.06
326.68	9118.73
327.05	6923.30
327.42	6043.26
327.78	6434.13
328.15	9357.46
328.51	6326.47
328.88	8505.51
329.24	11014.56
329.61	7117.57
329.97	8528.91
330.34	6319.45
330.70	7250.98
331.07	10705.61
331.43	8475.08
331.80	13188.92
332.16	10239.84
332.52	6047.94
332.89	8491.46
333.25	5488.56
333.62	12418.88
333.98	7494.40
334.35	6855.43
334.71	7375.03
335.08	5671.12
335.44	11955.46
335.81	11693.32
336.17	9982.38
336.53	7227.57
336.90	5893.47
337.26	8503.17
337.63	9219.37
337.99	7627.81
338.36	5914.53
338.72	8748.92
339.08	7375.03
339.45	5832.62
339.81	9352.78
340.18	6740.74
340.54	10485.60
340.90	6296.04
341.27	6860.11
341.63	8264.43
341.99	5287.27
342.36	10459.85
342.72	5935.60
343.09	10298.36
343.45	6366.26
343.81	10527.73
344.18	5586.86
344.54	6949.05
344.90	7740.15
345.27	7351.62
345.63	6923.30
345.99	8809.78
346.36	7243.96
346.72	5879.43
347.08	5947.30
347.45	5387.91
347.81	9762.37
348.17	7494.40
348.54	5778.78
348.90	8938.51
349.26	9554.07
349.62	10686.89
349.99	5289.61
350.35	5231.10
350.71	7625.47
351.08	7166.72
351.44	5308.34
351.80	13207.64
352.16	11370.32
352.53	6019.86
352.89	8210.60
353.25	11101.16
353.61	6408.39
353.98	8636.58
354.34	9949.62
354.70	6410.73
355.06	5214.71
355.43	7105.87
355.79	6726.70
356.15	6604.99
356.51	5799.85
356.88	6200.08
357.24	6621.38
357.60	5612.60
357.96	5219.39
358.32	15269.66
358.69	5423.02
359.05	7946.12
359.41	7400.77
359.77	5926.24
360.13	6134.54
360.49	5947.30
360.86	8870.63
361.22	11084.78
361.58	7665.25
361.94	11073.07
362.30	5797.51
362.66	8285.50
363.03	5277.91
363.39	5378.55
363.75	6094.76
364.11	10024.51
364.47	6129.86
364.83	10480.92
365.19	7466.31
365.56	8840.20
365.92	5294.29
366.28	8585.08
366.64	9722.59
367.00	5401.96
367.36	5334.08
367.72	9811.53
368.08	9284.91
368.44	6427.11
368.80	8114.64
369.17	6347.53
369.53	6757.13
369.89	5973.05
370.25	6001.13
370.61	6174.33
370.97	10609.65
371.33	6277.32
371.69	12575.70
372.05	8138.04
372.41	5963.68
372.77	6588.61
373.13	7470.99
373.49	5118.75
373.85	7941.44
374.21	7318.86
374.57	5771.76
374.93	8545.30
375.29	9085.96
375.65	7459.29
376.01	7166.72
376.37	10129.84
376.73	8402.52
377.09	5706.23
377.45	9839.61
377.81	6792.23
378.17	5947.30
378.53	5130.45
378.89	8360.39
379.25	10885.83
379.61	14225.78
379.97	9167.88
380.33	6317.11
380.69	6101.78
381.05	5636.01
381.41	8814.46
381.77	7103.53
382.13	8608.49
382.49	14801.55
382.85	7375.03
383.21	8762.97
383.57	5327.06
383.93	10569.86
384.28	5193.65
384.64	6431.79
385.00	7463.97
385.36	7295.45
385.72	8830.84
386.08	5856.02
386.44	8662.32
386.80	8826.16
387.16	10633.05
387.52	9415.98
387.87	13650.00
388.23	7866.54
388.59	6169.65
388.95	5495.58
389.31	6665.85
389.67	6743.08
390.03	6186.04
390.38	6438.81
390.74	5114.07
391.10	9518.96
391.46	7473.33
391.82	5996.45
392.18	8496.14
392.54	4983.00
392.89	5458.13
393.25	8255.07
393.61	5767.08
393.97	5481.53
394.33	7744.83
394.68	6803.94
395.04	5467.49
395.40	7178.42
395.76	9132.77
396.12	7506.10
396.47	5668.78
396.83	6911.60
397.19	5673.46
397.55	5738.99
397.90	7091.82
398.26	7110.55
398.62	5666.44
398.98	4926.83
399.33	6551.16
399.69	24833.08
400.05	8173.15
400.41	5891.13
400.76	8648.28
401.12	10045.58
401.48	7695.68
401.84	6148.59
402.19	6307.74
402.55	7691.00
402.91	7178.42
403.26	5343.44
403.62	8379.12
403.98	7054.37
404.34	4699.80
404.69	6923.30
405.05	8964.25
405.41	13891.08
405.76	5874.74
406.12	5914.53
406.48	6693.93
406.83	6061.99
407.19	8397.84
407.55	7793.98
407.90	13996.40
408.26	8489.12
408.62	9156.18
408.97	7014.59
409.33	5458.13
409.68	5628.99
410.04	7662.91
410.40	5942.62
410.75	8081.87
411.11	5909.85
411.47	7468.65
411.82	6544.14
412.18	7138.63
412.53	6597.97
412.89	6171.99
413.25	6820.32
413.60	7304.81
413.96	5214.71
414.31	6370.94
414.67	7323.54
415.03	5284.93
415.38	5671.12
415.74	6504.35
416.09	6623.72
416.45	8451.67
416.80	5963.68
417.16	8580.40
417.51	6684.57
417.87	6370.94
418.23	7719.09
418.58	7969.52
418.94	4873.00
419.29	6059.65
419.65	7676.96
420.00	8777.01
420.36	8109.96
420.71	8032.72
421.07	5460.47
421.42	7084.80
421.78	9277.88
422.13	6574.56
422.49	5441.75
422.84	7309.49
423.20	5280.25
423.55	5474.51
423.91	5404.30
424.26	13680.43
424.61	8243.37
424.97	11208.83
425.32	5949.64
425.68	6541.80
426.03	7557.59
426.39	10148.56
426.74	9823.23
427.10	9404.27
427.45	6029.22
427.80	7463.97
428.16	6874.15
428.51	6696.27
428.87	7765.90
429.22	9406.61
429.58	10169.63
429.93	10141.54
430.28	6148.59
430.64	6099.44
430.99	5195.99
431.35	7318.86
431.70	6569.88
432.05	6684.57
432.41	8070.17
432.76	7810.37
433.11	7793.98
433.47	7602.06
433.82	10441.13
434.17	7936.76
434.53	7758.88
434.88	14047.90
435.24	7679.30
435.59	7164.38
435.94	5593.88
436.30	8023.36
436.65	6333.49
437.00	9415.98
437.35	16236.30
437.71	6558.18
438.06	6359.24
438.41	6118.16
438.77	7808.03
439.12	5123.43
439.47	4784.06
439.83	7707.38
440.18	5181.95
440.53	6541.80
440.88	12065.46
441.24	8512.53
441.59	5610.26
441.94	6422.43
442.30	8140.38
442.65	12456.33
443.00	6916.28
443.35	10361.55
443.71	6630.74
444.06	9577.47
444.41	7962.50
444.76	11375.00
445.11	6937.35
445.47	10141.54
445.82	9153.84
446.17	5762.40
446.52	10136.86
446.88	7239.28
447.23	5062.58
447.58	7892.29
447.93	5902.83
448.28	28858.81
448.63	10604.97
448.99	6885.86
449.34	8386.14
449.69	8861.27
450.04	6090.07
450.39	6136.88
450.74	6998.20
451.10	6890.54
451.45	7166.72
451.80	7456.95
452.15	9895.78
452.50	8004.63
452.85	9823.23
453.21	8758.28
453.56	7747.17
453.91	6672.87
454.26	7318.86
454.61	5783.46
454.96	8266.77
455.31	6707.98
455.66	6230.51
456.01	7826.75
456.36	6352.21
456.72	5966.03
457.07	7545.89
457.42	10195.37
457.77	9064.89
458.12	5701.54
458.47	7239.28
458.82	9790.46
459.17	6995.86
459.52	7183.10
459.87	11761.19
460.22	5755.38
460.57	7185.44
460.92	6101.78
461.27	8180.17
461.62	6663.51
461.97	5813.89
462.32	12011.63
462.67	10649.44
463.02	13490.85
463.38	13406.59
463.73	8755.94
464.08	12304.20
464.43	5378.55
464.78	5469.83
465.12	8217.62
465.47	8521.89
465.82	26871.69
466.17	6422.43
466.52	8470.40
466.87	6300.72
467.22	5881.77
467.57	5193.65
467.92	7712.07
468.27	11014.56
468.62	14799.21
468.97	6808.62
469.32	4868.31
469.67	15704.99
470.02	14019.81
470.37	6150.93
470.72	7473.33
471.07	5291.95
471.42	6436.47
471.76	6825.00
472.11	6691.59
472.46	8465.72
472.81	15070.71
473.16	5940.28
473.51	5966.03
473.86	5200.67
474.21	6682.23
474.56	6469.24
474.90	6300.72
475.25	9710.88
475.60	8805.10
475.95	6052.63
476.30	11096.48
476.65	10174.31
477.00	14949.00
477.34	11150.31
477.69	5631.33
478.04	9224.05
478.39	7222.89
478.74	5893.47
479.09	5090.67
479.43	7096.50
479.78	4856.61
480.13	12306.54
480.48	10125.16
480.83	7218.21
481.17	5338.76
481.52	7199.49
481.87	6487.96
482.22	11852.47
482.57	6635.42
482.91	9284.91
483.26	8002.29
483.61	6429.45
483.96	7492.05
484.30	65226.05
484.65	6057.31
485.00	5738.99
485.35	6693.93
485.69	5914.53
486.04	6523.07
486.39	7576.31
486.74	7515.46
487.08	5240.46
487.43	7939.10
487.78	4971.30
488.12	8161.45
488.47	6108.80
488.82	10462.19
489.17	5830.27
489.51	5076.62
489.86	7929.74
490.21	5088.32
490.55	7747.17
490.90	5303.65
491.25	6396.68
491.59	5540.05
491.94	12709.11
492.29	6296.04
492.63	6946.71
492.98	4805.12
493.33	7269.70
493.67	6183.70
494.02	5617.29
494.37	5610.26
494.71	8241.03
495.06	6076.03
495.40	10377.94
495.75	5919.21
496.10	10455.17
496.44	7009.90
496.79	8306.56
497.13	5762.40
497.48	14237.48
497.83	10260.91
498.17	8234.00
498.52	6167.31
498.86	8720.84
499.21	6675.21
499.56	5713.25
499.90	6530.09
500.25	5303.65
500.59	6913.94
500.94	7707.38
501.28	8526.57
501.63	9427.68
501.97	6548.82
502.32	5762.40
502.67	7744.83
503.01	5313.02
503.36	6200.08
503.70	6380.30
504.05	8407.20
504.39	9027.45
504.74	6684.57
505.08	10787.53
505.43	4774.69
505.77	5647.71
506.12	7276.73
506.46	6420.09
506.81	5802.19
507.15	5820.91
507.49	6246.89
507.84	5746.02
508.18	7662.91
508.53	7288.43
508.87	7180.76
509.22	6335.83
509.56	65535.00
509.91	19183.03
510.25	6918.62
510.60	5160.88
510.94	8767.65
511.28	4966.62
511.63	9434.70
511.97	7604.40
512.32	8966.59
512.66	5785.80
513.00	7077.78
513.35	9521.30
513.69	5797.51
514.04	8383.80
514.38	8704.45
514.72	7487.37
515.07	5764.74
515.41	5591.54
515.76	5860.70
516.10	7082.46
516.44	8861.27
516.79	6122.84
517.13	5423.02
517.47	9270.86
517.82	7344.60
518.16	6810.96
518.50	7206.51
518.85	7459.29
519.19	10164.95
519.53	13233.39
519.88	8800.41
520.22	6520.73
520.56	7190.13
520.91	5313.02
521.25	5636.01
521.59	6794.58
521.93	7756.54
522.28	6588.61
522.62	7658.23
522.96	9172.56
523.31	6530.09
523.65	7892.29
523.99	8571.04
524.33	11405.43
524.68	8187.19
525.02	5416.00
525.36	7758.88
525.70	5247.48
526.05	6026.88
526.39	5664.10
526.73	8266.77
527.07	7246.30
527.41	10565.18
527.76	6019.86
528.10	6523.07
528.44	7861.86
528.78	6794.58
529.12	8458.70
529.47	6527.75
529.81	9291.93
530.15	9432.36
530.49	8107.62
530.83	4905.76
531.18	5544.73
531.52	6619.04
531.86	5200.67
532.20	7037.99
532.54	9682.80
532.88	4828.53
533.22	6490.31
533.57	6047.94
533.91	9516.62
534.25	5418.34
534.59	10902.22
534.93	8564.02
535.27	5451.11
535.61	6567.54
535.95	10729.02
536.30	5313.02
536.64	6806.28
536.98	4566.39
537.32	6506.69
537.66	4926.83
538.00	8051.44
538.34	8217.62
538.68	8009.31
539.02	11461.60
539.36	6214.12
539.70	5212.37
540.04	6731.38
540.39	19941.36
540.73	5820.91
541.07	7087.14
541.41	7686.32
541.75	7740.15
542.09	9940.26
542.43	7939.10
542.77	6925.65
543.11	7407.80
543.45	6951.39
543.79	9329.38
544.13	6429.45
544.47	6586.27
544.81	5652.39
545.15	8313.58
545.49	6848.41
545.83	5584.52
546.17	6352.21
546.51	4840.23
546.85	6256.25
547.19	10981.79
547.53	5280.25
547.87	8674.03
548.21	12135.68
548.54	7136.29
548.88	6040.92
549.22	5628.99
549.56	5266.21
549.90	6143.91
550.24	7005.22
550.58	5689.84
550.92	9696.84
551.26	6272.64
551.60	10839.02
551.94	5975.39
552.28	6310.08
552.61	8383.80
552.95	6406.05
553.29	6038.58
553.63	7159.70
553.97	11035.63
554.31	9338.74
554.65	10211.76
554.99	10244.52
555.32	6239.87
555.66	8060.80
556.00	4737.24
556.34	6717.34
556.68	7239.28
557.02	9282.56
557.36	7379.71
557.69	6780.53
558.03	6160.29
558.37	12580.38
558.71	14576.86
559.05	10197.71
559.38	11391.39
559.72	5731.97
560.06	8837.86
560.40	8259.75
560.74	9823.23
561.07	8098.25
561.41	8854.25
561.75	7918.03
562.09	6237.53
562.42	8910.42
562.76	8334.65
563.10	7194.81
563.44	24341.57
563.77	7426.52
564.11	8191.88
564.45	9884.08
564.79	8234.00
565.12	7108.21
565.46	7478.01
565.80	7674.62
566.14	7555.25
566.47	9315.33
566.81	5694.52
567.15	7442.90
567.48	7751.85
567.82	8329.97
568.16	7698.02
568.49	5928.58
568.83	5343.44
569.17	6963.09
569.50	7761.22
569.84	10824.98
570.18	7908.67
570.51	11126.91
570.85	6960.75
571.19	6537.12
571.52	5858.36
571.86	7531.84
572.20	6417.75
572.53	10869.45
572.87	5975.39
573.21	5748.36
573.54	5504.94
573.88	7569.29
574.21	7169.06
574.55	6799.26
574.89	6293.70
575.22	8938.51
575.56	6076.03
575.89	6094.76
576.23	6480.94
576.57	7824.41
576.90	5870.06
577.24	7375.03
577.57	5563.45
577.91	7590.36
578.24	5313.02
578.58	6626.06
578.91	8201.24
579.25	5966.03
579.59	7279.07
579.92	6717.34
580.26	5500.26
580.59	7843.14
580.93	7492.05
581.26	6342.85
581.60	7962.50
581.93	8332.31
582.27	10995.84
582.60	5760.06
582.94	7508.44
583.27	5570.48
583.61	6747.76
583.94	7578.65
584.28	5254.50
584.61	6494.99
584.94	8217.62
585.28	8112.30
585.61	8809.78
585.95	8442.31
586.28	11482.67
586.62	12905.71
586.95	6993.52
587.29	12084.19
587.62	15433.49
587.95	5710.91
588.29	7541.21
588.62	8344.01
588.96	9305.97
589.29	6394.34
589.62	6106.46
589.96	6736.06
590.29	6134.54
590.63	5324.72
590.96	8638.92
591.29	9125.75
591.63	9558.75
591.96	5544.73
592.29	6572.22
592.63	6136.88
592.96	7541.21
593.30	12088.87
593.63	7604.40
593.96	5839.64
594.30	6267.95
594.63	7705.04
594.96	11789.28
595.30	6902.24
595.63	6366.26
595.96	6043.26
596.29	7950.80
596.63	6504.35
596.96	8634.24
597.29	8039.74
597.63	5205.35
597.96	10146.22
598.29	9717.90
598.63	9678.12
598.96	5977.73
599.29	6223.48
599.62	6211.78
599.96	6026.88
600.29	6651.80
600.62	5720.27
600.95	6277.32
601.29	6787.55
601.62	7494.40
601.95	6956.07
602.28	6008.16
602.61	22492.55
602.95	7220.55
603.28	11829.07
603.61	5956.66
603.94	9460.45
604.27	5902.83
604.61	8545.30
604.94	8046.76
605.27	7478.01
605.60	5631.33
605.93	6061.99
606.27	9109.36
606.60	5837.30
606.93	5270.89
607.26	10953.71
607.59	7077.78
607.92	9734.29
608.26	6122.84
608.59	5998.79
608.92	6775.85
609.25	5502.60
609.58	7653.55
609.91	8540.61
610.24	13743.63
610.57	8210.60
610.90	9563.43
611.24	5228.76
611.57	5357.49
611.90	9266.18
612.23	6939.69
612.56	9146.81
612.89	8557.00
613.22	8727.86
613.55	5210.03
613.88	9401.93
614.21	5839.64
614.54	7857.18
614.87	5839.64
615.20	4770.01
615.53	10066.64
615.87	6015.18
616.20	7229.91
616.53	10246.87
616.86	7105.87
617.19	8170.81
617.52	6080.71
617.85	6335.83
618.18	5921.56
618.51	6597.97
618.84	8659.98
619.17	6787.55
619.50	10817.96
619.83	10260.91
620.16	8477.42
620.49	6368.60
620.82	14087.68
621.14	10682.20
621.47	7506.10
621.80	9760.03
622.13	7487.37
622.46	14614.30
622.79	8568.70
623.12	5701.54
623.45	9357.46
623.78	8702.11
624.11	5727.29
624.44	7824.41
624.77	5572.82
625.10	6052.63
625.43	5692.18
625.75	7414.82
626.08	6164.97
626.41	5671.12
626.74	6984.16
627.07	6359.24
627.40	12112.27
627.73	6483.28
628.06	5902.83
628.38	4744.27
628.71	8938.51
629.04	9792.80
629.37	8842.54
629.70	7466.31
630.03	5809.21
630.36	9778.76
630.68	8938.51
631.01	6211.78
631.34	10949.03
631.67	6272.64
632.00	4966.62
632.32	9025.11
632.65	10031.54
632.98	7517.80
633.31	7145.66
633.64	9076.60
633.96	5937.94
634.29	10789.87
634.62	7351.62
634.95	7702.70
635.27	7522.48
635.60	8465.72
635.93	7761.22
636.26	7899.31
636.58	6459.88
636.91	6375.62
637.24	6101.78
637.57	7239.28
637.89	8257.41
638.22	6321.79
638.55	7229.91
638.87	7634.83
639.20	8681.05
639.53	8039.74
639.86	6223.48
640.18	5764.74
640.51	7414.82
640.84	7735.47
641.16	5589.20
641.49	7578.65
641.82	5621.97
642.14	5783.46
642.47	14129.81
642.80	7023.95
643.12	9226.39
643.45	7030.97
643.78	7302.47
644.10	6209.44
644.43	7005.22
644.75	10064.30
645.08	5142.16
645.41	8067.83
645.73	5769.42
646.06	14939.64
646.39	9111.71
646.71	6195.40
647.04	5907.51
647.36	5081.30
647.69	8655.30
648.01	7421.84
648.34	6230.51
648.67	9762.37
648.99	10368.57
649.32	5996.45
649.64	5359.83
649.97	4760.65
650.29	5336.42
650.62	14436.42
650.94	7227.57
651.27	11042.65
651.59	7012.24
651.92	6218.80
652.25	7950.80
652.57	5680.48
652.90	5898.15
653.22	8011.65
653.55	7674.62
653.87	4950.23
654.20	7325.88
654.52	11054.35
654.84	6853.09
655.17	8196.56
655.49	11122.23
655.82	6431.79
656.14	7686.32
656.47	8437.63
656.79	11543.52
657.12	6752.45
657.44	6410.73
657.77	8882.33
658.09	7478.01
658.41	6850.75
658.74	8503.17
659.06	5355.15
659.39	6801.60
659.71	6324.13
660.03	7105.87
660.36	6588.61
660.68	9860.68
661.01	13177.22
661.33	10401.34
661.65	6190.72
661.98	13795.12
662.30	10413.04
662.63	7288.43
662.95	6621.38
663.27	6204.76
663.60	5533.03
663.92	6930.33
664.24	6881.18
664.57	5802.19
664.89	6080.71
665.21	6363.92
665.54	9673.43
665.86	7384.39
666.18	7503.76
666.51	10410.70
666.83	6436.47
667.15	15169.01
667.47	9614.92
667.80	8224.64
668.12	6101.78
668.44	7382.05
668.77	8671.68
669.09	10094.73
669.41	9193.62
669.73	5303.65
670.06	7054.37
670.38	6429.45
670.70	5418.34
671.02	8194.22
671.35	6174.33
671.67	10471.56
671.99	6801.60
672.31	10293.68
672.63	7609.08
672.96	11187.76
673.28	6403.71
673.60	7396.09
673.92	7302.47
674.24	6033.90
674.57	5919.21
674.89	9767.06
675.21	6719.68
675.53	9247.46
675.85	10068.98
676.17	9977.70
676.50	5839.64
676.82	9909.83
677.14	7410.14
677.46	14853.04
677.78	5476.85
678.10	9366.82
678.42	6956.07
678.75	6328.81
679.07	5490.90
679.39	7080.12
679.71	6600.31
680.03	6448.18
680.35	6289.02
680.67	6548.82
680.99	6087.73
681.31	5390.25
681.63	8313.58
681.96	10420.06
682.28	6413.07
682.60	5914.53
682.92	8533.59
683.24	5301.31
683.56	8671.68
683.88	6143.91
684.20	6740.74
684.52	6413.07
684.84	6448.18
685.16	6452.86
685.48	8938.51
685.80	7735.47
686.12	8578.06
686.44	11871.20
686.76	7042.67
687.08	5355.15
687.40	5867.72
687.72	9415.98
688.04	6523.07
688.36	14485.58
688.68	11016.90
689.00	7911.01
689.32	6679.89
689.64	6408.39
689.96	6888.20
690.28	9699.18
690.60	10370.91
690.92	6174.33
691.24	8575.72
691.56	6684.57
691.88	6925.65
692.19	5701.54
692.51	9348.10
692.83	8067.83
693.15	9055.53
693.47	8056.12
693.79	7576.31
694.11	9483.85
694.43	7971.86
694.75	6869.47
695.06	7204.17
695.38	10061.96
695.70	7276.73
696.02	7447.58
696.34	6511.37
696.66	6431.79
696.98	5210.03
697.29	7300.13
697.61	11375.00
697.93	9877.06
698.25	13989.38
698.57	7990.59
698.89	5401.96
699.20	6658.82
699.52	11054.35
699.84	4964.28
700.16	6965.43
700.48	10497.30
700.79	5914.53
701.11	11927.37
701.43	9224.05
701.75	6101.78
702.07	6682.23
702.38	12086.53
702.70	6083.05
703.02	6078.37
703.34	8809.78
703.65	7545.89
703.97	6780.53
704.29	5064.92
704.61	5863.04
704.92	9022.77
705.24	6672.87
705.56	9706.20
705.87	9729.61
706.19	7239.28
706.51	6946.71
706.82	10232.82
707.14	6207.10
707.46	5287.27
707.78	5820.91
708.09	8409.54
708.41	9860.68
708.73	7576.31
709.04	10143.88
709.36	6684.57
709.68	6930.33
709.99	13338.71
710.31	10431.77
710.62	7363.33
710.94	6640.10
711.26	8091.23
711.57	6778.19
711.89	5689.84
712.21	15208.80
712.52	7281.41
712.84	10576.88
713.15	7609.08
713.47	9357.46
713.79	5673.46
714.10	6356.90
714.42	6904.58
714.73	11164.36
715.05	5448.77
715.36	5699.20
715.68	6148.59
715.99	6679.89
716.31	9736.63
716.63	8521.89
716.94	9540.02
717.26	19950.73
717.57	9310.65
717.89	11559.91
718.20	6031.56
718.52	9369.16
718.83	7009.90
719.15	14834.32
719.46	14300.67
719.78	7847.82
720.09	6871.81
720.41	6038.58
720.72	5621.97
721.04	5743.67
721.35	6995.86
721.67	6850.75
721.98	6780.53
722.29	6693.93
722.61	6225.82
722.92	5053.22
723.24	6792.23
723.55	7609.08
723.87	7936.76
724.18	8858.93
724.50	5678.14
724.81	6923.30
725.12	7218.21
725.44	8304.22
725.75	7604.40
726.07	10602.63
726.38	8425.93
726.69	6663.51
727.01	8901.06
727.32	8760.63
727.63	6633.08
727.95	10651.78
728.26	6291.36
728.58	8968.93
728.89	6464.56
729.20	7311.83
729.52	5921.56
729.83	13750.65
730.14	8564.02
730.46	7166.72
730.77	9935.57
731.08	8655.30
731.39	6665.85
731.71	7236.94
732.02	9100.00
732.33	7206.51
732.65	6689.25
732.96	11026.26
733.27	9280.22
733.59	14471.53
733.90	9839.61
734.21	5753.04
734.52	6909.26
734.84	17125.70
735.15	6586.27
735.46	6925.65
735.77	7508.44
736.09	7164.38
736.40	10857.75
736.71	9249.80
737.02	5575.16
737.33	6630.74
737.65	6766.49
737.96	7405.46
738.27	7786.96
738.58	13434.68
738.89	8779.35
739.21	6427.11
739.52	5324.72
739.83	8617.85
740.14	6111.14
740.45	7499.08
740.76	6399.02
741.08	5715.59
741.39	6970.12
741.70	6609.67
742.01	7913.35
742.32	10097.07
742.63	7742.49
742.94	6043.26
743.26	8587.43
743.57	8063.15
743.88	9479.17
744.19	7908.67
744.50	6867.13
744.81	12805.07
745.12	7056.72
745.43	7372.69
745.74	15442.85
746.05	11786.94
746.36	5200.67
746.67	12620.17
746.99	6909.26
747.30	8383.80
747.61	6574.56
747.92	7901.65
748.23	10183.67
748.54	6794.58
748.85	6951.39
749.16	7632.49
749.47	5956.66
749.78	6567.54
750.09	6324.13
750.40	8229.32
750.71	7772.92
751.02	8657.64
751.33	7194.81
751.64	8304.22
751.95	7304.81
752.26	8596.79
752.57	8809.78
752.88	6895.22
753.19	7276.73
753.50	10576.88
753.81	7117.57
754.11	7426.52
754.42	16945.48
754.73	7482.69
755.04	8070.17
755.35	8002.29
755.66	14059.60
755.97	5951.98
756.28	5905.17
756.59	8681.05
756.90	17277.83
757.21	8388.48
757.52	11445.22
757.82	8145.06
758.13	6420.09
758.44	9933.23
758.75	8695.09
759.06	6492.65
759.37	5947.30
759.68	8159.11
759.98	6490.31
760.29	8748.92
760.60	7803.35
760.91	5516.64
761.22	7148.00
761.53	7698.02
761.83	6253.91
762.14	7475.67
762.45	6541.80
762.76	5631.33
763.07	8390.82
763.37	16297.15
763.68	11318.83
763.99	13298.92
764.30	11754.17
764.60	6672.87
764.91	10265.59
765.22	7740.15
765.53	13579.79
765.84	7967.18
766.14	7087.14
766.45	5645.37
766.76	11286.06
767.06	12119.29
767.37	6846.07
767.68	7445.24
767.99	7023.95
768.29	6408.39
768.60	7358.64
768.91	10197.71
769.21	13301.26
769.52	11138.61
769.83	7316.51
770.13	7510.78
770.44	6897.56
770.75	9151.49
771.05	7555.25
771.36	8982.98
771.67	7941.44
771.97	6853.09
772.28	7180.76
772.59	7843.14
772.89	9544.70
773.20	6420.09
773.51	6410.73
773.81	11831.41
774.12	6038.58
774.42	7353.96
774.73	6193.06
775.04	6352.21
775.34	21804.43
775.65	8437.63
775.95	12629.53
776.26	8224.64
776.56	6623.72
776.87	8470.40
777.18	65535.00
777.48	17884.03
777.79	7779.94
778.09	11047.33
778.40	6913.94
778.70	6752.45
779.01	10979.45
779.31	7712.07
779.62	6850.75
779.92	9076.60
780.23	8821.48
780.53	5898.15
780.84	7232.26
781.14	6693.93
781.45	6562.86
781.75	9341.08
782.06	6335.83
782.36	8084.21
782.67	5998.79
782.97	6307.74
783.28	13664.05
783.58	6829.68
783.89	6726.70
784.19	8645.94
784.49	12896.35
784.80	7339.92
785.10	13036.78
785.41	6160.29
785.71	8758.28
786.02	8369.76
786.32	14143.86
786.62	9502.58
786.93	12093.55
787.23	6782.87
787.54	7164.38
787.84	12564.00
788.14	8606.15
788.45	5392.59
788.75	9207.67
789.05	5923.90
789.36	7258.00
789.66	13848.95
789.96	9392.57
790.27	7433.54
790.57	7386.73
790.87	6359.24
791.18	6349.87
791.48	6232.85
791.78	8428.27
792.09	8798.07
792.39	6457.54
792.69	9724.93
793.00	8477.42
793.30	8957.23
793.60	6015.18
793.90	5401.96
794.21	8557.00
794.51	17137.40
794.81	10995.84
795.11	7536.52
795.42	6597.97
795.72	11335.21
796.02	9277.88
796.32	8552.32
796.63	8479.76
796.93	10214.10
797.23	9043.83
797.53	8166.13
797.84	10504.32
798.14	6427.11
798.44	8362.73
798.74	8695.09
799.04	8250.39
799.34	5905.17
799.65	16018.63
799.95	7801.01
800.25	7059.06
800.55	6841.39
800.85	8046.76
801.15	6424.77
801.46	7272.04
801.76	17958.93
802.06	6553.50
802.36	9614.92
802.66	6780.53
802.96	9427.68
803.26	10815.62
803.56	13249.77
803.87	16475.03
804.17	7309.49
804.47	9851.31
804.77	10679.86
805.07	10712.63
805.37	9657.05
805.67	9160.86
805.97	6906.92
806.27	7344.60
806.57	6827.34
806.87	11782.26
807.17	8037.40
807.47	11510.75
807.77	10953.71
808.07	6696.27
808.37	11707.36
808.67	7789.30
808.98	15602.01
809.28	6911.60
809.58	15974.16
809.88	10476.24
810.18	14700.90
810.47	7260.34
810.77	7272.04
811.07	9533.00
811.37	8578.06
811.67	6139.23
811.97	5406.64
812.27	6094.76
812.57	5446.43
812.87	6630.74
813.17	6370.94
813.47	6366.26
813.77	6874.15
814.07	6745.42
814.37	9949.62
814.67	6314.77
814.97	7229.91
815.27	6237.53
815.56	8636.58
815.86	11501.39
816.16	7995.27
816.46	5820.91
816.76	6658.82
817.06	10462.19
817.36	12400.16
817.66	7735.47
817.95	6211.78
818.25	8446.99
818.55	9994.09
818.85	9633.64
819.15	6827.34
819.45	13261.48
819.75	7393.75
820.04	7438.22
820.34	16086.50
820.64	9973.02
820.94	12793.37
821.24	7204.17
821.53	7063.74
821.83	6682.23
822.13	5891.13
822.43	7016.93
822.72	5617.29
823.02	6619.04
823.32	6127.52
823.62	8180.17
823.91	15035.60
824.21	5797.51
824.51	8437.63
824.81	6998.20
825.10	5930.92
825.40	9247.46
825.70	7707.38
826.00	12585.06
826.29	6679.89
826.59	8290.18
826.89	6988.84
827.18	6494.99
827.48	6471.58
827.78	6118.16
828.07	7578.65
828.37	9334.06
828.67	8224.64
828.96	7529.50
829.26	6389.66
829.56	10729.02
829.85	6602.65
830.15	8430.61
830.45	5816.23
830.74	12362.71
831.04	9565.77
831.34	10211.76
831.63	13467.44
831.93	9696.84
832.22	9423.00
832.52	7522.48
832.82	6010.50
833.11	6108.80
833.41	6258.59
833.70	6750.10
834.00	10134.52
834.29	7894.63
834.59	5682.82
834.89	8594.45
835.18	7014.59
835.48	13064.87
835.77	8985.32
836.07	9050.85
836.36	9018.08
836.66	10347.51
836.95	7302.47
837.25	6604.99
837.54	7433.54
837.84	6682.23
838.13	7941.44
838.43	6331.15
838.72	13631.28
839.02	10647.10
839.31	6361.58
839.61	10731.36
839.90	5619.63
840.20	7595.04
840.49	5919.21
840.78	8346.35
841.08	9046.17
841.37	6841.39
841.67	5966.03
841.96	8685.73
842.26	7915.69
842.55	5764.74
842.84	6108.80
843.14	10099.41
843.43	5734.31
843.73	7456.95
844.02	5729.63
844.31	7222.89
844.61	6679.89
844.90	8173.15
845.20	7775.26
845.49	5348.12
845.78	6867.13
846.08	6029.22
846.37	5067.26
846.66	8477.42
846.96	8812.12
847.25	8524.23
847.54	5928.58
847.84	8919.78
848.13	7194.81
848.42	9790.46
848.72	6478.60
849.01	8891.70
849.30	6384.98
849.59	6216.46
849.89	6253.91
850.18	12341.64
850.47	6071.35
850.76	16292.47
851.06	14523.02
851.35	8465.72
851.64	9729.61
851.93	7840.79
852.23	11007.54
852.52	6860.11
852.81	6546.48
853.10	6359.24
853.40	5458.13
853.69	5593.88
853.98	7250.98
854.27	9650.03
854.56	6658.82
854.86	8713.81
855.15	7747.17
855.44	8004.63
855.73	5621.97
856.02	6509.03
856.31	9525.98
856.61	8238.69
856.90	6719.68
857.19	5748.36
857.48	5572.82
857.77	5968.37
858.06	5048.54
858.35	5715.59
858.65	11456.92
858.94	9135.11
859.23	7063.74
859.52	10464.54
859.81	11800.98
860.10	6267.95
860.39	9170.22
860.68	7616.10
860.97	6005.81
861.26	6637.76
861.55	12198.87
861.85	7536.52
862.14	9231.07
862.43	9535.34
862.72	7768.24
863.01	5633.67
863.30	6691.59
863.59	7206.51
863.88	7143.32
864.17	7265.02
864.46	6150.93
864.75	14347.48
865.04	7630.15
865.33	5792.83
865.62	10796.89
865.91	6396.68
866.20	8809.78
866.49	6771.17
866.78	7021.61
867.07	6630.74
867.36	10113.45
867.65	9884.08
867.93	9004.04
868.22	7384.39
868.51	7042.67
868.80	7665.25
869.09	6951.39
869.38	6305.40
869.67	12489.10
869.96	12489.10
870.25	12489.10
