178.76	1673.48
179.14	1673.48
179.52	1673.48
179.90	1685.19
180.28	11417.13
180.66	10162.61
181.04	10015.15
181.42	7707.38
181.80	6457.54
182.18	11323.51
182.55	5935.60
182.93	7611.42
183.31	7192.47
183.69	8229.32
184.07	8355.71
184.45	7262.68
184.83	7571.63
185.21	6869.47
185.59	6808.62
185.97	17216.98
186.35	12521.87
186.72	7405.46
187.10	7592.70
187.48	12421.22
187.86	9284.91
188.24	6792.23
188.62	6485.62
189.00	11503.73
189.38	8159.11
189.75	8215.28
190.13	8248.05
190.51	6516.05
190.89	15831.38
191.27	21715.49
191.65	7241.62
192.03	8166.13
192.40	10923.28
192.78	7927.39
193.16	9160.86
193.54	12891.67
193.92	11260.32
194.30	7054.37
194.67	9923.87
195.05	8716.16
195.43	7819.73
195.81	7218.21
196.19	11014.56
196.56	8067.83
196.94	7454.61
197.32	12042.06
197.70	6743.08
198.08	8791.05
198.45	6867.13
198.83	7768.24
199.21	6991.18
199.59	12842.52
199.97	8339.33
200.34	6038.58
200.72	6796.92
201.10	14576.86
201.48	10499.64
201.85	6614.35
202.23	7033.31
202.61	6949.05
202.99	16807.39
203.36	6829.68
203.74	9385.55
204.12	7688.66
204.49	6719.68
204.87	9228.73
205.25	7339.92
205.63	5884.11
206.00	6541.80
206.38	8210.60
206.76	9947.28
207.14	6785.21
207.51	6174.33
207.89	11356.28
208.27	6640.10
208.64	5612.60
209.02	6867.13
209.40	7176.08
209.77	5802.19
210.15	16849.52
210.53	6141.57
210.90	11548.20
211.28	6399.02
211.66	12568.68
212.03	6707.98
212.41	5956.66
212.79	7293.11
213.16	6328.81
213.54	8070.17
213.92	8229.32
214.29	5806.87
214.67	6817.98
215.05	7005.22
215.42	9645.35
215.80	6935.01
216.17	6953.73
216.55	8133.36
216.93	5947.30
217.30	9397.25
217.68	6492.65
218.05	7012.24
218.43	6759.47
218.81	7066.08
219.18	11609.06
219.56	6984.16
219.93	6766.49
220.31	6743.08
220.69	6071.35
221.06	6532.44
221.44	7852.50
221.81	6328.81
222.19	5825.59
222.56	6104.12
222.94	7199.49
223.32	7873.56
223.69	6555.84
224.07	9181.92
224.44	10399.00
224.82	7581.00
225.19	8798.07
225.57	7651.21
225.94	6946.71
226.32	7489.71
226.69	12793.37
227.07	8837.86
227.44	6920.96
227.82	8334.65
228.19	7314.17
228.57	8987.66
228.94	12187.17
229.32	9767.06
229.69	9097.66
230.07	6878.83
230.44	6429.45
230.82	11604.38
231.19	9776.42
231.57	5682.82
231.94	6001.13
232.32	15723.72
232.69	7541.21
233.07	7805.69
233.44	6911.60
233.82	7037.99
234.19	7822.07
234.57	10462.19
234.94	6679.89
235.31	6920.96
235.69	7470.99
236.06	7765.90
236.44	9109.36
236.81	6085.39
237.19	8245.71
237.56	12154.40
237.93	6717.34
238.31	7922.71
238.68	7140.97
239.06	7892.29
239.43	9022.77
239.81	8365.07
240.18	6148.59
240.55	6511.37
240.93	13469.78
241.30	8018.68
241.67	7456.95
242.05	9006.38
242.42	9961.32
242.80	6099.44
243.17	8042.08
243.54	7887.61
243.92	9640.67
244.29	7548.23
244.66	7967.18
245.04	10600.29
245.41	16795.68
245.78	6216.46
246.16	7112.89
246.53	9294.27
246.90	7356.30
247.28	13900.44
247.65	7262.68
248.02	7442.90
248.40	10359.21
248.77	7770.58
249.14	8856.59
249.52	7115.23
249.89	8755.94
250.26	6455.20
250.64	7861.86
251.01	15946.07
251.38	5966.03
251.75	7712.07
252.13	6853.09
252.50	9287.25
252.87	13853.63
253.25	6008.16
253.62	8238.69
253.99	5834.96
254.36	9893.44
254.74	6820.32
255.11	6324.13
255.48	5675.80
255.85	14860.06
256.23	5818.57
256.60	5654.73
256.97	7138.63
257.34	8381.46
257.71	7796.32
258.09	7424.18
258.46	8002.29
258.83	11857.15
259.20	10085.37
259.58	7288.43
259.95	7557.59
260.32	9811.53
260.69	6150.93
261.06	11433.52
261.44	6370.94
261.81	13745.97
262.18	8095.91
262.55	6612.01
262.92	7665.25
263.29	6820.32
263.67	5905.17
264.04	6820.32
264.41	7052.03
264.78	6750.10
265.15	10611.99
265.52	12840.18
265.90	7513.12
266.27	6551.16
266.64	5980.07
267.01	5626.65
267.38	8435.29
267.75	6366.26
268.12	5593.88
268.50	7302.47
268.87	6541.80
269.24	6078.37
269.61	7955.48
269.98	5879.43
270.35	8002.29
270.72	6408.39
271.09	7075.44
271.46	6787.55
271.83	8133.36
272.21	9661.73
272.58	6127.52
272.95	6651.80
273.32	7595.04
273.69	7513.12
274.06	5792.83
274.43	6450.52
274.80	7311.83
275.17	8011.65
275.54	13682.77
275.91	7578.65
276.28	7459.29
276.65	7894.63
277.02	11538.84
277.39	6436.47
277.76	6408.39
278.13	8758.28
278.50	8947.87
278.87	10700.93
279.24	9554.07
279.61	8720.84
279.98	11974.18
280.35	6633.08
280.72	7590.36
281.09	7368.01
281.46	7761.22
281.83	6256.25
282.20	8135.70
282.57	6740.74
282.94	8273.79
283.31	6846.07
283.68	8198.90
284.05	5849.00
284.42	5628.99
284.79	7878.24
285.16	8774.67
285.53	7339.92
285.90	7578.65
286.27	15552.86
286.64	5692.18
287.01	6476.26
287.38	8868.29
287.75	59936.44
288.12	8727.86
288.49	17453.37
288.86	6104.12
289.23	6209.44
289.59	6307.74
289.96	6129.86
290.33	6593.29
290.70	6771.17
291.07	8732.54
291.44	8116.98
291.81	6118.16
292.18	7763.56
292.55	6817.98
292.91	13415.95
293.28	8526.57
293.65	11459.26
294.02	8109.96
294.39	5797.51
294.76	7145.66
295.13	7648.87
295.50	7248.64
295.86	7070.76
296.23	6551.16
296.60	5909.85
296.97	6724.36
297.34	7323.54
297.71	9322.35
298.07	7616.10
298.44	5638.35
298.81	8226.98
299.18	7763.56
299.55	11019.24
299.91	7166.72
300.28	7618.44
300.65	5570.48
301.02	7927.39
301.39	8367.42
301.75	13752.99
302.12	8425.93
302.49	7243.96
302.86	10878.81
303.23	7658.23
303.59	6162.63
303.96	17771.69
304.33	10040.90
304.70	15524.77
305.06	6930.33
305.43	10754.76
305.80	8442.31
306.17	9310.65
306.53	6480.94
306.90	9776.42
307.27	7522.48
307.64	10963.07
308.00	6637.76
308.37	6803.94
308.74	12706.77
309.11	9277.88
309.47	6462.22
309.84	5853.68
310.21	7344.60
310.57	7772.92
310.94	7061.40
311.31	7623.12
311.67	8105.28
312.04	5664.10
312.41	10267.93
312.77	8428.27
313.14	6471.58
313.51	7143.32
313.87	6654.14
314.24	6623.72
314.61	6597.97
314.97	6841.39
315.34	7510.78
315.71	5673.46
316.07	9408.95
316.44	6047.94
316.81	8987.66
317.17	6555.84
317.54	15988.20
317.91	6630.74
318.27	5586.86
318.64	7033.31
319.00	9027.45
319.37	5631.33
319.74	9640.67
320.10	9877.06
320.47	6972.46
320.83	11325.85
321.20	7171.40
321.57	6267.95
321.93	6803.94
322.30	7747.17
322.66	6427.11
323.03	9064.89
323.40	8177.83
323.76	6792.23
324.13	6548.82
324.49	5542.39
324.86	19428.79
325.22	7714.41
325.59	7026.29
325.95	8098.25
326.32	9771.74
326.68	9434.70
327.05	7220.55
327.42	6207.10
327.78	6644.78
328.15	9699.18
328.51	6441.15
328.88	7604.40
329.24	11377.34
329.61	7414.82
329.97	8887.01
330.34	6476.26
330.70	7632.49
331.07	11138.61
331.43	9027.45
331.80	13745.97
332.16	10808.59
332.52	6307.74
332.89	8580.40
333.25	5633.67
333.62	12702.09
333.98	8557.00
334.35	6483.28
334.71	7508.44
335.08	5916.87
335.44	12372.07
335.81	12322.92
336.17	10607.31
336.53	7360.98
336.90	6148.59
337.26	8884.67
337.63	14551.11
337.99	8006.97
338.36	6186.04
338.72	9221.71
339.08	7702.70
339.45	5811.55
339.81	9935.57
340.18	6899.90
340.54	10642.42
340.90	6455.20
341.27	7040.33
341.63	8540.61
341.99	5521.32
342.36	10869.45
342.72	6071.35
343.09	10684.55
343.45	6490.31
343.81	11103.50
344.18	5731.97
344.54	7297.79
344.90	7955.48
345.27	7566.95
345.63	7267.36
345.99	9191.28
346.36	7625.47
346.72	5991.77
347.08	6176.67
347.45	5731.97
347.81	10204.74
348.17	7803.35
348.54	5806.87
348.90	9479.17
349.26	10272.61
349.62	11157.33
349.99	5514.30
350.35	5385.57
350.71	7887.61
351.08	7487.37
351.44	5345.78
351.80	13891.08
352.16	12107.59
352.53	6314.77
352.89	8748.92
353.25	11386.71
353.61	6745.42
353.98	9083.62
354.34	10471.56
354.70	6731.38
355.06	6153.27
355.43	7522.48
355.79	6967.77
356.15	6984.16
356.51	6359.24
356.88	6260.93
357.24	6988.84
357.60	5727.29
357.96	5371.53
358.32	16133.31
358.69	5636.01
359.05	8243.37
359.41	7761.22
359.77	5954.32
360.13	6420.09
360.49	6279.66
360.86	9839.61
361.22	11967.16
361.58	8119.32
361.94	11520.12
362.30	6033.90
362.66	8723.18
363.03	5460.47
363.39	5357.49
363.75	6431.79
364.11	10485.60
364.47	6427.11
364.83	11016.90
365.19	7749.51
365.56	9219.37
365.92	5376.21
366.28	8954.89
366.64	10209.42
367.00	5654.73
367.36	5636.01
367.72	10235.16
368.08	9783.44
368.44	6839.05
368.80	8493.80
369.17	6729.04
369.53	7028.63
369.89	6326.47
370.25	6361.58
370.61	6401.37
370.97	11286.06
371.33	6586.27
371.69	13401.91
372.05	8716.16
372.41	6071.35
372.77	6726.70
373.13	7822.07
373.49	5280.25
373.85	8255.07
374.21	7751.85
374.57	5926.24
374.93	8865.95
375.29	9425.34
375.65	7934.42
376.01	7435.88
376.37	10445.81
376.73	8830.84
377.09	5874.74
377.45	10429.43
377.81	7140.97
378.17	6010.50
378.53	5291.95
378.89	8903.40
379.25	11452.24
379.61	14820.27
379.97	9809.19
380.33	6658.82
380.69	6349.87
381.05	5792.83
381.41	9481.51
381.77	7527.16
382.13	9013.40
382.49	15253.27
382.85	7719.09
383.21	9320.01
383.57	5521.32
383.93	10803.91
384.28	5282.59
384.64	6913.94
385.00	7868.88
385.36	7578.65
385.72	9406.61
386.08	6083.05
386.44	9165.54
386.80	9217.03
387.16	12666.98
387.52	10017.49
387.87	14366.21
388.23	8212.94
388.59	6366.26
388.95	5516.64
389.31	6869.47
389.67	6993.52
390.03	6621.38
390.38	6832.02
390.74	5240.46
391.10	9745.99
391.46	7796.32
391.82	6186.04
392.18	8552.32
392.54	5111.73
392.89	5895.81
393.25	8711.47
393.61	6019.86
393.97	5738.99
394.33	8189.53
394.68	7255.66
395.04	5724.95
395.40	7473.33
395.76	9551.73
396.12	7723.77
396.47	5975.39
396.83	7307.15
397.19	5605.58
397.55	5984.75
397.90	7726.11
398.26	7595.04
398.62	5809.21
398.98	5121.09
399.33	6920.96
399.69	26787.43
400.05	8507.85
400.41	5959.00
400.76	9111.71
401.12	10712.63
401.48	8175.49
401.84	6314.77
402.19	6581.59
402.55	7969.52
402.91	7552.91
403.26	5362.17
403.62	8491.46
403.98	7300.13
404.34	4992.36
404.69	7166.72
405.05	9366.82
405.41	14747.72
405.76	6090.07
406.12	6223.48
406.48	7007.56
406.83	6197.74
407.19	8615.51
407.55	8140.38
407.90	14815.59
408.26	8655.30
408.62	9514.28
408.97	7215.87
409.33	5631.33
409.68	5977.73
410.04	7976.55
410.40	6078.37
410.75	8313.58
411.11	5940.28
411.47	7714.41
411.82	6892.88
412.18	7506.10
412.53	7056.72
412.89	6431.79
413.25	7155.02
413.60	7501.42
413.96	5486.22
414.31	6651.80
414.67	7805.69
415.03	5586.86
415.38	5909.85
415.74	6719.68
416.09	6670.53
416.45	8982.98
416.80	6216.46
417.16	8587.43
417.51	6998.20
417.87	6548.82
418.23	7756.54
418.58	8404.86
418.94	5062.58
419.29	6207.10
419.65	8116.98
420.00	9259.16
420.36	8121.66
420.71	8594.45
421.07	5792.83
421.42	7243.96
421.78	9486.19
422.13	6913.94
422.49	6888.20
422.84	7681.64
423.20	5313.02
423.55	5713.25
423.91	5710.91
424.26	14609.62
424.61	8468.06
424.97	11679.27
425.32	6181.35
425.68	6813.30
426.03	7990.59
426.39	10832.00
426.74	10260.91
427.10	9771.74
427.45	6230.51
427.80	8037.40
428.16	7262.68
428.51	7201.83
428.87	8009.31
429.22	9811.53
429.58	10944.34
429.93	10448.15
430.28	6274.98
430.64	6389.66
430.99	5535.37
431.35	8030.38
431.70	6644.78
432.05	6958.41
432.41	8458.70
432.76	8030.38
433.11	8402.52
433.47	8126.34
433.82	11021.58
434.17	8379.12
434.53	9385.55
434.88	14810.91
435.24	7983.57
435.59	7478.01
435.94	5806.87
436.30	8449.33
436.65	6696.27
437.00	9853.66
437.35	16861.22
437.71	6953.73
438.06	6525.41
438.41	6363.92
438.77	8482.10
439.12	5437.06
439.47	4952.57
439.83	7997.61
440.18	5345.78
440.53	6640.10
440.88	12755.92
441.24	8966.59
441.59	6775.85
441.94	6738.40
442.30	8526.57
442.65	13397.23
443.00	7204.17
443.35	10803.91
443.71	6693.93
444.06	9774.08
444.41	8339.33
444.76	11866.52
445.11	7487.37
445.47	10707.95
445.82	9537.68
446.17	6080.71
446.52	11070.73
446.88	7578.65
447.23	5397.28
447.58	8238.69
447.93	6230.51
448.28	31438.08
448.63	11351.60
448.99	7213.53
449.34	8816.80
449.69	9202.99
450.04	6527.75
450.39	6333.49
450.74	7236.94
451.10	7250.98
451.45	7669.94
451.80	8039.74
452.15	10527.73
452.50	8423.59
452.85	10396.66
453.21	9317.67
453.56	7967.18
453.91	6890.54
454.26	7442.90
454.61	5954.32
454.96	8662.32
455.31	6981.82
455.66	6415.41
456.01	8236.35
456.36	6607.33
456.72	6228.17
457.07	8093.57
457.42	10913.92
457.77	9628.96
458.12	6001.13
458.47	7548.23
458.82	9863.02
459.17	7325.88
459.52	7410.14
459.87	37010.89
460.22	6026.88
460.57	7583.34
460.92	6258.59
461.27	8496.14
461.62	7000.54
461.97	6160.29
462.32	12697.41
462.67	11094.14
463.02	14075.98
463.38	14427.06
463.73	9256.82
464.08	12650.60
464.43	7875.90
464.78	5832.62
465.12	8400.18
465.47	8861.27
465.82	31267.22
466.17	6813.30
466.52	9270.86
466.87	6635.42
467.22	6211.78
467.57	5500.26
467.92	7967.18
468.27	11353.94
468.62	15452.22
468.97	7068.42
469.32	5621.97
469.67	16606.10
470.02	14665.80
470.37	6286.68
470.72	8011.65
471.07	5467.49
471.42	6951.39
471.76	7222.89
472.11	7059.06
472.46	8879.99
472.81	15665.21
473.16	7007.56
473.51	6296.04
473.86	5455.79
474.21	6754.79
474.56	6555.84
474.90	6441.15
475.25	10134.52
475.60	9057.87
475.95	6169.65
476.30	11817.36
476.65	10740.72
477.00	15775.21
477.34	11646.51
477.69	5830.27
478.04	9664.07
478.39	7520.14
478.74	6026.88
479.09	5385.57
479.43	21682.72
479.78	5469.83
480.13	13699.16
480.48	10780.51
480.83	7646.53
481.17	5554.09
481.52	7955.48
481.87	6799.26
482.22	12521.87
482.57	6923.30
482.91	9430.02
483.26	8093.57
483.61	6621.38
483.96	7962.50
484.30	65535.00
484.65	11714.38
485.00	6019.86
485.35	6981.82
485.69	6019.86
486.04	6965.43
486.39	8006.97
486.74	7997.61
487.08	5448.77
487.43	8189.53
487.78	5151.52
488.12	8573.38
488.47	6363.92
488.82	11040.31
489.17	6113.48
489.51	5390.25
489.86	8514.87
490.21	5392.59
490.55	8222.30
490.90	5526.00
491.25	6595.63
491.59	5753.04
491.94	13165.51
492.29	6424.77
492.63	7272.04
492.98	4858.95
493.33	7742.49
493.67	6471.58
494.02	5671.12
494.37	5795.17
494.71	8652.96
495.06	6363.92
495.40	10871.79
495.75	6230.51
496.10	10993.50
496.44	8194.22
496.79	8842.54
497.13	5919.21
497.48	15077.73
497.83	10721.99
498.17	8648.28
498.52	6427.11
498.86	9004.04
499.21	7709.72
499.56	6078.37
499.90	6792.23
500.25	5411.32
500.59	7255.66
500.94	8191.88
501.28	9078.94
501.63	10022.17
501.97	6602.65
502.32	5956.66
502.67	8063.15
503.01	5411.32
503.36	6455.20
503.70	6326.47
504.05	8549.98
504.39	9692.16
504.74	7052.03
505.08	11304.79
505.43	4788.74
505.77	5689.84
506.12	7679.30
506.46	6963.09
506.81	6057.31
507.15	5996.45
507.49	6740.74
507.84	6101.78
508.18	8126.34
508.53	7683.98
508.87	7428.86
509.22	6775.85
509.56	65535.00
509.91	19648.80
510.25	7475.67
510.60	5158.54
510.94	11014.56
511.28	5043.85
511.63	9951.96
511.97	8234.00
512.32	9547.05
512.66	6024.54
513.00	7344.60
513.35	9837.27
513.69	6071.35
514.04	8688.07
514.38	9104.68
514.72	7934.42
515.07	6061.99
515.41	6052.63
515.76	6083.05
516.10	8084.21
516.44	9221.71
516.79	6380.30
517.13	5490.90
517.47	9839.61
517.82	7817.39
518.16	8671.68
518.50	7658.23
518.85	7817.39
519.19	10871.79
519.53	14232.80
519.88	9383.21
520.22	6888.20
520.56	7379.71
520.91	5544.73
521.25	5769.42
521.59	7037.99
521.93	8257.41
522.28	6715.00
522.62	7262.68
522.96	9785.78
523.31	6881.18
523.65	8353.37
523.99	9013.40
524.33	12217.60
524.68	8559.34
525.02	5526.00
525.36	8180.17
525.70	5434.72
526.05	6190.72
526.39	5778.78
526.73	8652.96
527.07	7714.41
527.41	11103.50
527.76	6064.33
528.10	7033.31
528.44	8175.49
528.78	7140.97
529.12	8798.07
529.47	6740.74
529.81	9654.71
530.15	9720.24
530.49	8510.19
530.83	5289.61
531.18	5717.93
531.52	6944.37
531.86	5516.64
532.20	7370.35
532.54	10052.60
532.88	5050.88
533.22	6988.84
533.57	6237.53
533.91	11194.78
534.25	5631.33
534.59	11431.18
534.93	8987.66
535.27	6026.88
535.61	6974.80
535.95	11646.51
536.30	8737.22
536.64	7253.32
536.98	4765.33
537.32	6700.95
537.66	5146.84
538.00	8409.54
538.34	8603.81
538.68	8573.38
539.02	12390.80
539.36	6422.43
539.70	5633.67
540.04	7351.62
540.39	21041.42
540.73	6258.59
541.07	7487.37
541.41	7976.55
541.75	7978.89
542.09	10551.14
542.43	8215.28
542.77	7321.20
543.11	7913.35
543.45	7557.59
543.79	9884.08
544.13	6773.51
544.47	6977.14
544.81	6111.14
545.15	8643.60
545.49	7030.97
545.83	6052.63
546.17	6883.52
546.51	5060.24
546.85	6293.70
547.19	11630.12
547.53	5434.72
547.87	9041.49
548.21	12545.27
548.54	7552.91
548.88	6279.66
549.22	6202.42
549.56	5565.79
549.90	6373.28
550.24	7162.04
550.58	5898.15
550.92	10153.24
551.26	6558.18
551.60	11632.46
551.94	6724.36
552.28	6808.62
552.61	8748.92
552.95	8613.17
553.29	6207.10
553.63	7304.81
553.97	11868.86
554.31	9628.96
554.65	10993.50
554.99	10815.62
555.32	6719.68
555.66	8454.02
556.00	4952.57
556.34	6771.17
556.68	7590.36
557.02	9774.08
557.36	7810.37
557.69	7131.61
558.03	6457.54
558.37	13209.98
558.71	15389.02
559.05	10923.28
559.38	12053.76
559.72	6043.26
560.06	9130.43
560.40	8547.64
560.74	10186.01
561.07	8449.33
561.41	9254.48
561.75	8367.42
562.09	10150.90
562.42	9603.22
562.76	8482.10
563.10	7517.80
563.44	25568.01
563.77	7908.67
564.11	8552.32
564.45	10066.64
564.79	8390.82
565.12	7482.69
565.46	7840.79
565.80	8219.96
566.14	8006.97
566.47	9729.61
566.81	5998.79
567.15	7489.71
567.48	8526.57
567.82	8479.76
568.16	7515.46
568.49	6174.33
568.83	5605.58
569.17	7241.62
569.50	8084.21
569.84	11524.80
570.18	8234.00
570.51	11889.92
570.85	7007.56
571.19	6895.22
571.52	6232.85
571.86	9830.25
572.20	6747.76
572.53	11379.68
572.87	6136.88
573.21	5916.87
573.54	5694.52
573.88	8037.40
574.21	7503.76
574.55	7133.95
574.89	6541.80
575.22	9139.79
575.56	6473.92
575.89	6384.98
576.23	6911.60
576.57	8360.39
576.90	6274.98
577.24	7709.72
577.57	5806.87
577.91	8030.38
578.24	5558.77
578.58	7155.02
578.91	8617.85
579.25	6017.52
579.59	7536.52
579.92	7021.61
580.26	5811.55
580.59	8402.52
580.93	8262.09
581.26	6846.07
581.60	8404.86
581.93	8744.24
582.27	11655.87
582.60	5893.47
582.94	7768.24
583.27	5846.66
583.61	6892.88
583.94	7768.24
584.28	5420.68
584.61	6932.67
584.94	8641.26
585.28	8432.95
585.61	9895.78
585.95	8699.77
586.28	12086.53
586.62	13764.69
586.95	7236.94
587.29	12823.80
587.62	10281.97
587.95	5652.39
588.29	7730.79
588.62	8798.07
588.96	9605.56
589.29	6719.68
589.62	6487.96
589.96	6965.43
590.29	6558.18
590.63	5455.79
590.96	9057.87
591.29	9458.10
591.63	10043.24
591.96	5856.02
592.29	6792.23
592.63	6614.35
592.96	7880.58
593.30	12395.48
593.63	8046.76
593.96	6085.39
594.30	6712.66
594.63	8308.90
594.96	12238.66
595.30	7194.81
595.63	6668.19
595.96	6186.04
596.29	8299.54
596.63	6715.00
596.96	9179.58
597.29	8549.98
597.63	5345.78
597.96	10527.73
598.29	10221.12
598.63	9844.29
598.96	6181.35
599.29	6546.48
599.62	9872.38
599.96	6553.50
600.29	6937.35
600.62	5951.98
600.95	6527.75
601.29	7166.72
601.62	7922.71
601.95	7370.35
602.28	6244.55
602.61	44552.10
602.95	7822.07
603.28	12524.21
603.61	6256.25
603.94	9888.76
604.27	6029.22
604.61	8992.34
604.94	8351.03
605.27	7866.54
605.60	6026.88
605.93	6579.25
606.27	9582.15
606.60	7103.53
606.93	5460.47
607.26	11796.30
607.59	7293.11
607.92	10242.18
608.26	6722.02
608.59	6326.47
608.92	7037.99
609.25	5750.70
609.58	8208.26
609.91	8854.25
610.24	14244.50
610.57	8627.21
610.90	10080.69
611.24	5341.10
611.57	5575.16
611.90	9488.53
612.23	7190.13
612.56	9380.87
612.89	9081.28
613.22	9076.60
613.55	5425.36
613.88	9954.30
614.21	5989.43
614.54	8180.17
614.87	6043.26
615.20	5064.92
615.53	10281.97
615.87	6221.14
616.20	7700.36
616.53	10803.91
616.86	7398.43
617.19	8315.92
617.52	6455.20
617.85	6675.21
618.18	6171.99
618.51	6752.45
618.84	8999.36
619.17	7218.21
619.50	11466.28
619.83	11007.54
620.16	9125.75
620.49	6363.92
620.82	15108.16
621.14	11187.76
621.47	7002.88
621.80	10363.89
622.13	7831.43
622.46	15218.16
622.79	9078.94
623.12	5685.16
623.45	9715.56
623.78	8987.66
624.11	5987.09
624.44	8093.57
624.77	6204.76
625.10	6366.26
625.43	5919.21
625.75	7756.54
626.08	6272.64
626.41	6029.22
626.74	9958.98
627.07	6747.76
627.40	12812.09
627.73	6630.74
628.06	6125.18
628.38	5032.15
628.71	9132.77
629.04	10340.49
629.37	9893.44
629.70	7880.58
630.03	6239.87
630.36	10256.23
630.68	9483.85
631.01	6492.65
631.34	11463.94
631.67	6487.96
632.00	5060.24
632.32	9490.87
632.65	10471.56
632.98	7929.74
633.31	7454.61
633.64	9558.75
633.96	6066.67
634.29	11726.08
634.62	7721.43
634.95	7927.39
635.27	7880.58
635.60	9486.19
635.93	8159.11
636.26	8177.83
636.58	6778.19
636.91	6647.12
637.24	6368.60
637.57	7714.41
637.89	8702.11
638.22	6696.27
638.55	7576.31
638.87	8138.04
639.20	9252.14
639.53	8659.98
639.86	6335.83
640.18	5961.34
640.51	7815.05
640.84	8067.83
641.16	5891.13
641.49	8168.47
641.82	5827.93
642.14	5977.73
642.47	14913.89
642.80	7356.30
643.12	9802.16
643.45	7040.33
643.78	7424.18
644.10	6326.47
644.43	7522.48
644.75	10600.29
645.08	5380.89
645.41	8372.10
645.73	5907.51
646.06	16032.67
646.39	9430.02
646.71	6619.04
647.04	6270.30
647.36	5362.17
647.69	8842.54
648.01	7801.01
648.34	6335.83
648.67	10186.01
648.99	10897.53
649.32	6296.04
649.64	5605.58
649.97	5008.75
650.29	5736.65
650.62	15328.17
650.94	7531.84
651.27	11604.38
651.59	7206.51
651.92	6562.86
652.25	11246.27
652.57	6061.99
652.90	6235.19
653.22	8042.08
653.55	8128.68
653.87	5123.43
654.20	7517.80
654.52	11616.08
654.84	6972.46
655.17	8638.92
655.49	11957.80
655.82	6747.76
656.14	8051.44
656.47	11571.61
656.79	12334.62
657.12	7042.67
657.44	6693.93
657.77	9415.98
658.09	7824.41
658.41	7115.23
658.74	8816.80
659.06	5614.95
659.39	7073.10
659.71	6403.71
660.03	7398.43
660.36	6806.28
660.68	10490.28
661.01	14090.02
661.33	11124.57
661.65	6429.45
661.98	14668.14
662.30	15171.35
662.63	7524.82
662.95	7061.40
663.27	6464.56
663.60	5748.36
663.92	7218.21
664.24	7180.76
664.57	6050.28
664.89	6272.64
665.21	6513.71
665.54	10010.47
665.86	7548.23
666.18	7763.56
666.51	10820.30
666.83	6689.25
667.15	16109.91
667.47	10164.95
667.80	8732.54
668.12	6272.64
668.44	7751.85
668.77	9034.47
669.09	10668.16
669.41	9235.75
669.73	5526.00
670.06	7543.55
670.38	7042.67
670.70	5584.52
671.02	8659.98
671.35	6635.42
671.67	11131.59
671.99	7033.31
672.31	10527.73
672.63	8212.94
672.96	11824.39
673.28	6579.25
673.60	7730.79
673.92	7625.47
674.24	6186.04
674.57	6368.60
674.89	10101.75
675.21	7138.63
675.53	9600.88
675.85	10406.02
676.17	10586.24
676.50	6120.50
676.82	10391.98
677.14	7714.41
677.46	15480.30
677.78	5743.67
678.10	10087.71
678.42	7356.30
678.75	6654.14
679.07	5982.41
679.39	7489.71
679.71	6722.02
680.03	6553.50
680.35	6619.04
680.67	6860.11
680.99	6260.93
681.31	6069.01
681.63	8564.02
681.96	10839.02
682.28	6703.29
682.60	7466.31
682.92	9060.21
683.24	6188.38
683.56	9165.54
683.88	6682.23
684.20	7166.72
684.52	6740.74
684.84	6729.04
685.16	7169.06
685.48	9437.04
685.80	8210.60
686.12	9116.39
686.44	12484.42
686.76	7241.62
687.08	5441.75
687.40	5956.66
687.72	9731.95
688.04	6333.49
688.36	15325.83
688.68	11770.55
689.00	8493.80
689.32	7162.04
689.64	6778.19
689.96	7276.73
690.28	10019.83
690.60	10661.14
690.92	6490.31
691.24	8919.78
691.56	6902.24
691.88	7070.76
692.19	6104.12
692.51	9785.78
692.83	8308.90
693.15	9411.29
693.47	8301.88
693.79	7721.43
694.11	9977.70
694.43	9291.93
694.75	7314.17
695.06	8074.85
695.38	10654.12
695.70	7765.90
696.02	7850.16
696.34	6817.98
696.66	6825.00
696.98	5423.02
697.29	7274.38
697.61	11875.88
697.93	10459.85
698.25	42155.39
698.57	8779.35
698.89	5591.54
699.20	7119.91
699.52	11845.45
699.84	5359.83
700.16	7124.59
700.48	11316.49
700.79	6076.03
701.11	12552.29
701.43	9792.80
701.75	6448.18
702.07	7208.85
702.38	12486.76
702.70	6221.14
703.02	6134.54
703.34	9231.07
703.65	7852.50
703.97	6988.84
704.29	5383.23
704.61	6064.33
704.92	9645.35
705.24	7101.19
705.56	9905.15
705.87	10422.41
706.19	7686.32
706.51	7122.25
706.82	10733.70
707.14	6251.57
707.46	5493.24
707.78	6204.76
708.09	8842.54
708.41	10171.97
708.73	8121.66
709.04	10593.26
709.36	7063.74
709.68	7630.15
709.99	13921.51
710.31	10509.01
710.62	7592.70
710.94	7054.37
711.26	8559.34
711.57	6846.07
711.89	5930.92
712.21	16212.89
712.52	7597.38
712.84	11265.00
713.15	8011.65
713.47	9816.21
713.79	5912.19
714.10	6417.75
714.42	7023.95
714.73	11375.00
715.05	5579.84
715.36	6001.13
715.68	6450.52
715.99	6911.60
716.31	10122.82
716.63	9060.21
716.94	10052.60
717.26	21198.23
717.57	9804.50
717.89	12308.88
718.20	6277.32
718.52	10186.01
718.83	7304.81
719.15	15688.61
719.46	14787.50
719.78	8149.75
720.09	7482.69
720.41	6321.79
720.72	5959.00
721.04	6104.12
721.35	7279.07
721.67	7169.06
721.98	6963.09
722.29	6759.47
722.61	6396.68
722.92	5233.44
723.24	7087.14
723.55	7915.69
723.87	8208.26
724.18	9289.59
724.50	5998.79
724.81	7463.97
725.12	7419.50
725.44	8697.43
725.75	7983.57
726.07	10953.71
726.38	8685.73
726.69	6932.67
727.01	9312.99
727.32	9366.82
727.63	6911.60
727.95	11403.09
728.26	6651.80
728.58	9287.25
728.89	6773.51
729.20	7384.39
729.52	6326.47
729.83	14478.55
730.14	9121.07
730.46	7878.24
730.77	10415.38
731.08	8997.02
731.39	7124.59
731.71	7646.53
732.02	9572.79
732.33	7475.67
732.65	6972.46
732.96	11250.96
733.27	9844.29
733.59	15213.48
733.90	10209.42
734.21	5963.68
734.52	6736.06
734.84	18148.51
735.15	6920.96
735.46	7124.59
735.77	7740.15
736.09	7424.18
736.40	11538.84
736.71	9589.17
737.02	5914.53
737.33	6871.81
737.65	7108.21
737.96	7817.39
738.27	8236.35
738.58	14174.28
738.89	9200.65
739.21	6738.40
739.52	5432.38
739.83	9109.36
740.14	6471.58
740.45	7812.71
740.76	6834.36
741.08	5914.53
741.39	7365.67
741.70	6808.62
742.01	8257.41
742.32	10745.40
742.63	8145.06
742.94	6366.26
743.26	8910.42
743.57	8592.11
743.88	9834.93
744.19	8264.43
744.50	7136.29
744.81	13458.08
745.12	7597.38
745.43	7461.63
745.74	16416.52
746.05	11845.45
746.36	5495.58
746.67	12868.27
746.99	7234.60
747.30	8870.63
747.61	6836.70
747.92	8386.14
748.23	10672.84
748.54	7171.40
748.85	7400.77
749.16	7875.90
749.47	6384.98
749.78	6920.96
750.09	7164.38
750.40	8393.16
750.71	8011.65
751.02	8915.10
751.33	7515.46
751.64	8484.44
751.95	7658.23
752.26	9071.92
752.57	9289.59
752.88	7204.17
753.19	7707.38
753.50	12351.01
753.81	7243.96
754.11	7524.82
754.42	18129.79
754.73	8315.92
755.04	8442.31
755.35	8285.50
755.66	14623.67
755.97	6160.29
756.28	6190.72
756.59	9188.94
756.90	18155.54
757.21	8582.74
757.52	11850.13
757.82	8587.43
758.13	6853.09
758.44	10352.19
758.75	9184.26
759.06	6679.89
759.37	6134.54
759.68	8601.47
759.98	6815.64
760.29	9280.22
760.60	8126.34
760.91	5736.65
761.22	7503.76
761.53	8039.74
761.83	6490.31
762.14	7843.14
762.45	6927.99
762.76	5996.45
763.07	8809.78
763.37	16793.34
763.68	11983.54
763.99	13965.98
764.30	12517.18
764.60	6677.55
764.91	10874.13
765.22	8128.68
765.53	14277.27
765.84	8442.31
766.14	7459.29
766.45	5827.93
766.76	11887.58
767.06	12510.16
767.37	7232.26
767.68	7831.43
767.99	7288.43
768.29	6745.42
768.60	7796.32
768.91	10672.84
769.21	14019.81
769.52	11754.17
769.83	7503.76
770.13	7578.65
770.44	7112.89
770.75	9357.46
771.05	7756.54
771.36	9502.58
771.67	7911.01
771.97	7143.32
772.28	7555.25
772.59	8229.32
772.89	10155.58
773.20	6626.06
773.51	6799.26
773.81	12468.03
774.12	6359.24
774.42	7695.68
774.73	6267.95
775.04	6462.22
775.34	22721.92
775.65	8891.70
775.95	13380.84
776.26	9783.44
776.56	7103.53
776.87	8952.55
777.18	65535.00
777.48	18698.54
777.79	8203.58
778.09	11698.00
778.40	7112.89
778.70	7197.15
779.01	11508.41
779.31	8025.70
779.62	7194.81
779.92	9451.08
780.23	9174.90
780.53	6003.47
780.84	7543.55
781.14	6899.90
781.45	6881.18
781.75	10665.82
782.06	6546.48
782.36	8557.00
782.67	6218.80
782.97	6621.38
783.28	13970.66
783.58	7098.84
783.89	6967.77
784.19	9032.13
784.49	13371.48
784.80	7440.56
785.10	13760.01
785.41	6466.90
785.71	9273.20
786.02	9107.02
786.32	15400.72
786.62	9675.77
786.93	12451.65
787.23	7054.37
787.54	7358.64
787.84	14785.16
788.14	9071.92
788.45	9238.09
788.75	11365.64
789.05	6181.35
789.36	7529.50
789.66	14672.82
789.96	9980.04
790.27	7894.63
790.57	7688.66
790.87	6494.99
791.18	7398.43
791.48	6410.73
791.78	9167.88
792.09	9294.27
792.39	6759.47
792.69	10150.90
793.00	8777.01
793.30	9308.31
793.60	6071.35
793.90	5661.76
794.21	8938.51
794.51	18097.02
794.81	11382.03
795.11	7793.98
795.42	6881.18
795.72	12198.87
796.02	9921.53
796.32	8809.78
796.63	9090.64
796.93	10693.91
797.23	9635.99
797.53	8430.61
797.84	6527.75
798.14	6513.71
798.44	8741.90
798.74	8957.23
799.04	8748.92
799.34	6003.47
799.65	16889.31
799.95	8098.25
800.25	7363.33
800.55	7405.46
800.85	8358.05
801.15	6579.25
801.46	7520.14
801.76	19005.15
802.06	7183.10
802.36	8805.10
802.66	7030.97
802.96	9664.07
803.26	11358.62
803.56	13928.53
803.87	17170.17
804.17	7609.08
804.47	10038.56
804.77	11026.26
805.07	11178.40
805.37	10277.29
805.67	9530.66
805.97	7375.03
806.27	7606.74
806.57	7084.80
806.87	12381.43
807.17	8531.25
807.47	12006.95
807.77	11712.04
808.07	7059.06
808.37	12175.47
808.67	8292.52
808.98	16332.26
809.28	7145.66
809.58	16901.01
809.88	10808.59
810.18	15452.22
810.47	7508.44
810.77	6345.19
811.07	9930.89
811.37	9151.49
811.67	6520.73
811.97	5746.02
812.27	6361.58
812.57	5715.59
812.87	6946.71
813.17	6530.09
813.47	6544.14
813.77	7232.26
814.07	6946.71
814.37	10473.90
814.67	6740.74
814.97	7595.04
815.27	6595.63
815.56	9013.40
815.86	12072.48
816.16	8414.23
816.46	6097.10
816.76	6689.25
817.06	10878.81
817.36	13238.07
817.66	8116.98
817.95	6420.09
818.25	8631.90
818.55	10974.77
818.85	9701.52
819.15	6967.77
819.45	14188.33
819.75	7885.26
820.04	8095.91
820.34	16596.74
820.64	10417.72
820.94	13008.70
821.24	7412.48
821.53	7826.75
821.83	6806.28
822.13	6080.71
822.43	7391.41
822.72	6010.50
823.02	6850.75
823.32	6387.32
823.62	8739.56
823.91	15990.54
824.21	6157.95
824.51	8945.53
824.81	7276.73
825.10	6029.22
825.40	9799.82
825.70	8032.72
826.00	13224.03
826.29	7052.03
826.59	8760.63
826.89	7358.64
827.18	8226.98
827.48	6834.36
827.78	6303.06
828.07	7887.61
828.37	10380.28
828.67	8519.55
828.96	7918.03
829.26	6752.45
829.56	10925.62
829.85	6801.60
830.15	8685.73
830.45	5940.28
830.74	12982.95
831.04	10104.09
831.34	10738.38
831.63	14516.00
831.93	10335.81
832.22	9717.90
832.52	7852.50
832.82	6186.04
833.11	6080.71
833.41	6401.37
833.70	7000.54
834.00	10986.47
834.29	8154.43
834.59	5860.70
834.89	9245.12
835.18	7349.28
835.48	13575.11
835.77	9453.42
836.07	9682.80
836.36	9455.76
836.66	10998.18
836.95	7758.88
837.25	6712.66
837.54	9144.47
837.84	7178.42
838.13	8407.20
838.43	6487.96
838.72	14382.59
839.02	11459.26
839.31	6483.28
839.61	11054.35
839.90	5806.87
840.20	8044.42
840.49	6303.06
840.78	8683.39
841.08	9591.52
841.37	7155.02
841.67	6012.84
841.96	9186.60
842.26	8407.20
842.55	5907.51
842.84	6368.60
843.14	10553.48
843.43	5886.45
843.73	7744.83
844.02	5891.13
844.31	7332.90
844.61	7220.55
844.90	8655.30
845.20	7946.12
845.49	5488.56
845.78	6991.18
846.08	6167.31
846.37	5270.89
846.66	8945.53
846.96	9593.86
847.25	8861.27
847.54	5865.38
847.84	6649.46
848.13	7634.83
848.42	10368.57
848.72	6637.76
849.01	9371.50
849.30	6902.24
849.59	6422.43
849.89	6726.70
850.18	12800.39
850.47	6331.15
850.76	16858.88
851.06	15066.03
851.35	8879.99
851.64	10296.02
851.93	8344.01
852.23	19295.38
852.52	7286.09
852.81	7021.61
853.10	7705.04
853.40	5563.45
853.69	5717.93
853.98	7866.54
854.27	10277.29
854.56	6920.96
854.86	9195.96
855.15	8126.34
855.44	8451.67
855.73	5650.05
856.02	6817.98
856.31	9977.70
856.61	8681.05
856.90	7255.66
857.19	6038.58
857.48	5816.23
857.77	6099.44
858.06	5179.61
858.35	5900.49
858.65	11943.75
858.94	9724.93
859.23	7405.46
859.52	9598.54
859.81	12369.73
860.10	6679.89
860.39	9493.21
860.68	7824.41
860.97	6223.48
861.26	6621.38
861.55	12587.40
861.85	7740.15
862.14	9638.33
862.43	10214.10
862.72	9064.89
863.01	5968.37
863.30	7059.06
863.59	7681.64
863.88	7248.64
864.17	7281.41
864.46	6076.03
864.75	15225.18
865.04	8042.08
865.33	6214.12
865.62	11496.71
865.91	6832.02
866.20	9275.54
866.49	6888.20
866.78	7321.20
867.07	6916.28
867.36	10551.14
867.65	10401.34
867.93	9296.61
868.22	8269.11
868.51	7531.84
868.80	8039.74
869.09	7421.84
869.38	6630.74
869.67	13006.36
869.96	13006.36
870.25	13006.36
