178.76	1762.42
179.14	1762.42
179.52	1762.42
179.90	1706.25
180.28	10448.15
180.66	5881.77
181.04	7995.27
181.42	7119.91
181.80	6087.73
182.18	10394.32
182.55	5727.29
182.93	7019.27
183.31	6815.64
183.69	7623.12
184.07	8081.87
184.45	6862.45
184.83	7054.37
185.21	6434.13
185.59	6775.85
185.97	15594.99
186.35	11442.88
186.72	6970.12
187.10	6981.82
187.48	11070.73
187.86	8706.79
188.24	6452.86
188.62	6099.44
189.00	10593.26
189.38	7808.03
189.75	7243.96
190.13	7604.40
190.51	6094.76
190.89	14520.68
191.27	20079.46
191.65	6834.36
192.03	7384.39
192.40	10015.15
192.78	7351.62
193.16	8468.06
193.54	11555.22
193.92	10387.30
194.30	6516.05
194.67	9289.59
195.05	7995.27
195.43	7229.91
195.81	6876.49
196.19	10258.57
196.56	7637.17
196.94	7145.66
197.32	11063.71
197.70	6394.34
198.08	8397.84
198.45	6445.84
198.83	7398.43
199.21	6651.80
199.59	11868.86
199.97	7801.01
200.34	5790.49
200.72	6443.49
201.10	13350.42
201.48	9671.09
201.85	6186.04
202.23	6773.51
202.61	6410.73
202.99	15599.67
203.36	6438.81
203.74	8734.88
204.12	6960.75
204.49	6361.58
204.87	8676.37
205.25	6839.05
205.63	5572.82
206.00	6230.51
206.38	7742.49
206.76	9268.52
207.14	6300.72
207.51	5849.00
207.89	10298.36
208.27	6181.35
208.64	5198.33
209.02	6335.83
209.40	6740.74
209.77	5633.67
210.15	13937.89
210.53	6017.52
210.90	10743.06
211.28	6083.05
211.66	11552.88
212.03	6399.02
212.41	5762.40
212.79	6909.26
213.16	5902.83
213.54	7529.50
213.92	7719.09
214.29	5430.04
214.67	6448.18
215.05	6703.29
215.42	9060.21
215.80	6633.08
216.17	6396.68
216.55	7536.52
216.93	5736.65
217.30	8702.11
217.68	6282.00
218.05	6494.99
218.43	6368.60
218.81	6670.53
219.18	10682.20
219.56	6583.93
219.93	6483.28
220.31	6359.24
220.69	5832.62
221.06	6087.73
221.44	7576.31
221.81	5921.56
222.19	5568.13
222.56	5951.98
222.94	6700.95
223.32	7431.20
223.69	6183.70
224.07	8856.59
224.44	11843.11
224.82	7494.40
225.19	8004.63
225.57	7344.60
225.94	6509.03
226.32	7126.93
226.69	11716.72
227.07	8301.88
227.44	6548.82
227.82	7726.11
228.19	6780.53
228.57	8294.86
228.94	11328.19
229.32	9310.65
229.69	8465.72
230.07	6560.52
230.44	5895.81
230.82	10324.10
231.19	9053.19
231.57	5451.11
231.94	5710.91
232.32	8599.13
232.69	6623.72
233.07	7145.66
233.44	7913.35
233.82	6860.11
234.19	7232.26
234.57	9699.18
234.94	6284.34
235.31	6532.44
235.69	6913.94
236.06	7269.70
236.44	8470.40
236.81	5830.27
237.19	7817.39
237.56	11248.61
237.93	6235.19
238.31	7438.22
238.68	6731.38
239.06	7431.20
239.43	8496.14
239.81	7824.41
240.18	5724.95
240.55	6073.69
240.93	12381.43
241.30	7424.18
241.67	6904.58
242.05	8351.03
242.42	9198.31
242.80	5757.72
243.17	7440.56
243.54	7470.99
243.92	8929.14
244.29	6913.94
244.66	7482.69
245.04	9783.44
245.41	15351.57
245.78	5935.60
246.16	6530.09
246.53	8498.49
246.90	6850.75
247.28	12512.50
247.65	6686.91
248.02	7110.55
248.40	9474.49
248.77	7265.02
249.14	8116.98
249.52	6597.97
249.89	8107.62
250.26	6139.23
250.64	7375.03
251.01	14817.93
251.38	5640.69
251.75	7075.44
252.13	6445.84
252.50	8781.69
252.87	12779.32
253.25	5874.74
253.62	7751.85
253.99	5626.65
254.36	8929.14
254.74	6377.96
255.11	5940.28
255.48	5479.19
255.85	13563.40
256.23	5589.20
256.60	5305.99
256.97	6693.93
257.34	7852.50
257.71	7307.15
258.09	6331.15
258.46	7307.15
258.83	10740.72
259.20	9348.10
259.58	6965.43
259.95	7145.66
260.32	9118.73
260.69	5895.81
261.06	10368.57
261.44	6115.82
261.81	12697.41
262.18	7557.59
262.55	6188.38
262.92	7152.68
263.29	6279.66
263.67	5633.67
264.04	6429.45
264.41	6682.23
264.78	6214.12
265.15	9797.48
265.52	11922.69
265.90	7068.42
266.27	6356.90
266.64	5645.37
267.01	5256.84
267.38	7756.54
267.75	5970.71
268.12	5114.07
268.50	6766.49
268.87	6033.90
269.24	6118.16
269.61	7517.80
269.98	7843.14
270.35	7634.83
270.72	5888.79
271.09	6787.55
271.46	6410.73
271.83	7606.74
272.21	8851.91
272.58	5928.58
272.95	6134.54
273.32	6993.52
273.69	7133.95
274.06	5518.98
274.43	5914.53
274.80	6785.21
275.17	7646.53
275.54	14939.64
275.91	7007.56
276.28	7176.08
276.65	7246.30
277.02	10794.55
277.39	5959.00
277.76	6033.90
278.13	7939.10
278.50	8418.91
278.87	9935.57
279.24	8805.10
279.61	8004.63
279.98	9621.94
280.35	6242.21
280.72	7169.06
281.09	6867.13
281.46	7169.06
281.83	5916.87
282.20	7578.65
282.57	6445.84
282.94	7653.55
283.31	6076.03
283.68	7445.24
284.05	5486.22
284.42	5158.54
284.79	7419.50
285.16	8133.36
285.53	6995.86
285.90	7000.54
286.27	13933.21
286.64	5556.43
287.01	6155.61
287.38	8114.64
287.75	57389.94
288.12	8124.00
288.49	15793.94
288.86	5753.04
289.23	5963.68
289.59	5909.85
289.96	5771.76
290.33	6059.65
290.70	6441.15
291.07	8095.91
291.44	7506.10
291.81	5799.85
292.18	7075.44
292.55	6396.68
292.91	11950.78
293.28	7953.14
293.65	10345.17
294.02	7658.23
294.39	5437.06
294.76	6876.49
295.13	7105.87
295.50	6691.59
295.86	6869.47
296.23	6282.00
296.60	5706.23
296.97	6167.31
297.34	6867.13
297.71	8510.19
298.07	7089.48
298.44	5270.89
298.81	7798.66
299.18	7059.06
299.55	10155.58
299.91	6775.85
300.28	7033.31
300.65	5146.84
301.02	7360.98
301.39	7864.20
301.75	12713.79
302.12	7805.69
302.49	6768.83
302.86	10090.05
303.23	7080.12
303.59	5741.33
303.96	16271.40
304.33	9214.69
304.70	14277.27
305.06	6228.17
305.43	9771.74
305.80	7815.05
306.17	8461.04
306.53	6092.41
306.90	9064.89
307.27	6974.80
307.64	10153.24
308.00	6193.06
308.37	6066.67
308.74	11573.95
309.11	8432.95
309.47	6104.12
309.84	5444.09
310.21	6878.83
310.57	7220.55
310.94	6380.30
311.31	7066.08
311.67	7611.42
312.04	5266.21
312.41	9392.57
312.77	7761.22
313.14	6076.03
313.51	6616.69
313.87	6352.21
314.24	6195.40
314.61	6106.46
314.97	6242.21
315.34	6970.12
315.71	5467.49
316.07	8645.94
316.44	5619.63
316.81	8402.52
317.17	6104.12
317.54	14822.61
317.91	6239.87
318.27	5226.42
318.64	6450.52
319.00	8409.54
319.37	5263.86
319.74	9015.74
320.10	9046.17
320.47	6457.54
320.83	10188.35
321.20	6663.51
321.57	5933.26
321.93	6307.74
322.30	7213.53
322.66	5942.62
323.03	8248.05
323.40	7639.51
323.76	6216.46
324.13	6188.38
324.49	5266.21
324.86	17589.13
325.22	6981.82
325.59	6677.55
325.95	7426.52
326.32	9137.45
326.68	8744.24
327.05	6661.16
327.42	5853.68
327.78	6312.42
328.15	9083.62
328.51	6242.21
328.88	8098.25
329.24	10736.04
329.61	6958.41
329.97	8311.24
330.34	6122.84
330.70	7014.59
331.07	10209.42
331.43	7983.57
331.80	12475.06
332.16	9617.26
332.52	5980.07
332.89	7868.88
333.25	5275.57
333.62	11978.86
333.98	6597.97
334.35	6558.18
334.71	7115.23
335.08	5706.23
335.44	11506.07
335.81	11318.83
336.17	9525.98
336.53	6794.58
336.90	5729.63
337.26	8058.46
337.63	9135.11
337.99	7260.34
338.36	5556.43
338.72	8437.63
339.08	7190.13
339.45	5640.69
339.81	8917.44
340.18	6399.02
340.54	9748.33
340.90	6134.54
341.27	6801.60
341.63	8004.63
341.99	5224.08
342.36	9963.66
342.72	5774.10
343.09	9989.41
343.45	6214.12
343.81	10281.97
344.18	5385.57
344.54	6754.79
344.90	7426.52
345.27	7105.87
345.63	6696.27
345.99	8620.19
346.36	7133.95
346.72	5755.38
347.08	5839.64
347.45	5301.31
347.81	9525.98
348.17	7328.22
348.54	5556.43
348.90	8748.92
349.26	9205.33
349.62	10270.27
349.99	5167.90
350.35	4919.81
350.71	7382.05
351.08	6939.69
351.44	5109.39
351.80	12898.69
352.16	10766.46
352.53	5944.96
352.89	8025.70
353.25	10729.02
353.61	6230.51
353.98	8329.97
354.34	9514.28
354.70	6382.64
355.06	5160.88
355.43	7040.33
355.79	6572.22
356.15	6415.41
356.51	5884.11
356.88	5909.85
357.24	6494.99
357.60	5352.81
357.96	5184.29
358.32	14637.71
358.69	5221.74
359.05	7798.66
359.41	7190.13
359.77	5729.63
360.13	5888.79
360.49	5856.02
360.86	8535.93
361.22	10731.36
361.58	7393.75
361.94	10464.54
362.30	5767.08
362.66	8116.98
363.03	5109.39
363.39	5055.56
363.75	5921.56
364.11	9589.17
364.47	6186.04
364.83	10092.39
365.19	7131.61
365.56	8491.46
365.92	5287.27
366.28	8388.48
366.64	9504.92
367.00	5247.48
367.36	5249.82
367.72	9516.62
368.08	9233.41
368.44	6354.55
368.80	7999.95
369.17	6310.08
369.53	6413.07
369.89	5806.87
370.25	5701.54
370.61	5968.37
370.97	10225.80
371.33	6246.89
371.69	12140.36
372.05	8067.83
372.41	5678.14
372.77	6260.93
373.13	7206.51
373.49	5041.51
373.85	7756.54
374.21	7269.70
374.57	5617.29
374.93	8210.60
375.29	8692.75
375.65	7204.17
376.01	6895.22
376.37	9767.06
376.73	8212.94
377.09	5486.22
377.45	9488.53
377.81	6604.99
378.17	5844.32
378.53	4959.60
378.89	7997.61
379.25	10588.58
379.61	13547.02
379.97	8788.71
380.33	6164.97
380.69	5816.23
381.05	5600.90
381.41	8718.50
381.77	6937.35
382.13	8116.98
382.49	14434.08
382.85	7225.23
383.21	8381.46
383.57	5090.67
383.93	9996.43
384.28	5060.24
384.64	6230.51
385.00	7281.41
385.36	7063.74
385.72	8542.96
386.08	5851.34
386.44	8454.02
386.80	8505.51
387.16	10363.89
387.52	8982.98
387.87	13048.49
388.23	7730.79
388.59	5973.05
388.95	5427.70
389.31	6567.54
389.67	6609.67
390.03	6122.84
390.38	6298.38
390.74	4919.81
391.10	8875.31
391.46	7304.81
391.82	5844.32
392.18	7887.61
392.54	4868.31
392.89	5516.64
393.25	8147.40
393.61	5572.82
393.97	5331.74
394.33	7496.74
394.68	6406.05
395.04	5320.04
395.40	6963.09
395.76	8631.90
396.12	7260.34
396.47	5596.22
396.83	6752.45
397.19	5345.78
397.55	5488.56
397.90	6951.39
398.26	6956.07
398.62	5483.88
398.98	4795.76
399.33	6448.18
399.69	23391.31
400.05	7833.77
400.41	5654.73
400.76	8315.92
401.12	9825.57
401.48	7555.25
401.84	5902.83
402.19	6270.30
402.55	7407.80
402.91	6867.13
403.26	5179.61
403.62	7976.55
403.98	6839.05
404.34	4730.22
404.69	6675.21
405.05	8835.52
405.41	13413.61
405.76	5753.04
406.12	5741.33
406.48	6448.18
406.83	5874.74
407.19	7999.95
407.55	7536.52
407.90	13301.26
408.26	8131.02
408.62	8954.89
408.97	6759.47
409.33	5217.05
409.68	5547.07
410.04	7330.56
410.40	5776.44
410.75	7829.09
411.11	5783.46
411.47	7274.38
411.82	6331.15
412.18	6799.26
412.53	6537.12
412.89	5954.32
413.25	6626.06
413.60	7037.99
413.96	5071.94
414.31	6200.08
414.67	7070.76
415.03	5116.41
415.38	5453.45
415.74	6291.36
416.09	6349.87
416.45	8358.05
416.80	5893.47
417.16	8009.31
417.51	6499.67
417.87	6312.42
418.23	7527.16
418.58	7896.97
418.94	4816.82
419.29	5937.94
419.65	7520.14
420.00	8432.95
420.36	7845.48
420.71	7770.58
421.07	5390.25
421.42	6785.21
421.78	8758.28
422.13	6579.25
422.49	5305.99
422.84	7124.59
423.20	4994.70
423.55	5364.51
423.91	5359.83
424.26	13275.52
424.61	7983.57
424.97	10827.32
425.32	5811.55
425.68	6464.56
426.03	7290.77
426.39	9619.60
426.74	9441.72
427.10	9165.54
427.45	5977.73
427.80	7236.94
428.16	6656.48
428.51	6796.92
428.87	7342.26
429.22	9067.24
429.58	9762.37
429.93	9823.23
430.28	5769.42
430.64	5961.34
430.99	5205.35
431.35	7250.98
431.70	6401.37
432.05	6579.25
432.41	7887.61
432.76	7501.42
433.11	7737.81
433.47	7442.90
433.82	10223.46
434.17	7929.74
434.53	7492.05
434.88	13448.72
435.24	7426.52
435.59	7084.80
435.94	5572.82
436.30	8105.28
436.65	6197.74
437.00	8938.51
437.35	15274.34
437.71	6434.13
438.06	5959.00
438.41	6003.47
438.77	7573.97
439.12	5135.14
439.47	4702.14
439.83	7541.21
440.18	5095.35
440.53	6289.02
440.88	11571.61
441.24	8245.71
441.59	5476.85
441.94	6382.64
442.30	7836.11
442.65	12009.29
443.00	6815.64
443.35	9940.26
443.71	6314.77
444.06	9013.40
444.41	7765.90
444.76	10642.42
445.11	6759.47
445.47	9745.99
445.82	8809.78
446.17	5668.78
446.52	9970.68
446.88	6977.14
447.23	5029.81
447.58	7712.07
447.93	5856.02
448.28	28271.33
448.63	10361.55
448.99	6719.68
449.34	8205.92
449.69	8533.59
450.04	6061.99
450.39	5968.37
450.74	6782.87
451.10	6829.68
451.45	6956.07
451.80	7344.60
452.15	9465.13
452.50	7808.03
452.85	9600.88
453.21	8423.59
453.56	7485.03
453.91	6438.81
454.26	7229.91
454.61	5645.37
454.96	8037.40
455.31	6417.75
455.66	6164.97
456.01	7768.24
456.36	6284.34
456.72	5898.15
457.07	7368.01
457.42	9858.34
457.77	8819.14
458.12	5441.75
458.47	7108.21
458.82	9224.05
459.17	6682.23
459.52	7023.95
459.87	11353.94
460.22	5404.30
460.57	6780.53
460.92	5987.09
461.27	7946.12
461.62	6403.71
461.97	5624.31
462.32	11728.42
462.67	10214.10
463.02	13224.03
463.38	12805.07
463.73	8575.72
464.08	12072.48
464.43	7253.32
464.78	5518.98
465.12	7779.94
465.47	8138.04
465.82	26962.97
466.17	6356.90
466.52	8416.57
466.87	6092.41
467.22	5825.59
467.57	5156.20
467.92	7440.56
468.27	10553.48
468.62	14221.10
468.97	6532.44
469.32	4784.06
469.67	15044.96
470.02	13502.55
470.37	6003.47
470.72	7358.64
471.07	5301.31
471.42	6340.51
471.76	6677.55
472.11	6555.84
472.46	8086.55
472.81	14499.62
473.16	5895.81
473.51	5849.00
473.86	5188.97
474.21	6347.53
474.56	6146.25
474.90	6141.57
475.25	9263.84
475.60	8699.77
475.95	5872.40
476.30	10668.16
476.65	9907.49
477.00	14389.61
477.34	10937.32
477.69	5380.89
478.04	8968.93
478.39	7126.93
478.74	5722.61
479.09	5160.88
479.43	6768.83
479.78	4786.40
480.13	11934.39
480.48	9612.58
480.83	6981.82
481.17	5254.50
481.52	6963.09
481.87	6211.78
482.22	11337.56
482.57	6422.43
482.91	8826.16
483.26	7644.19
483.61	6282.00
483.96	7342.26
484.30	65535.00
484.65	12610.81
485.00	5687.50
485.35	6429.45
485.69	5675.80
486.04	6434.13
486.39	7421.84
486.74	7461.63
487.08	5224.08
487.43	7744.83
487.78	4922.15
488.12	7840.79
488.47	5933.26
488.82	10033.88
489.17	5572.82
489.51	4924.49
489.86	7667.60
490.21	4910.44
490.55	7339.92
490.90	5268.55
491.25	6228.17
491.59	5371.53
491.94	12194.19
492.29	6059.65
492.63	6792.23
492.98	4697.46
493.33	7040.33
493.67	5987.09
494.02	5451.11
494.37	5420.68
494.71	8032.72
495.06	6017.52
495.40	9769.40
495.75	5783.46
496.10	9940.26
496.44	6546.48
496.79	7953.14
497.13	5659.42
497.48	13551.70
497.83	9788.12
498.17	7763.56
498.52	5987.09
498.86	8327.63
499.21	6539.46
499.56	5645.37
499.90	6125.18
500.25	5167.90
500.59	6590.95
500.94	7573.97
501.28	8390.82
501.63	9378.53
501.97	6274.98
502.32	5717.93
502.67	7459.29
503.01	5137.48
503.36	6005.81
503.70	5881.77
504.05	7953.14
504.39	8734.88
504.74	6516.05
505.08	10228.14
505.43	4674.05
505.77	5181.95
506.12	6986.50
506.46	6256.25
506.81	5631.33
507.15	5540.05
507.49	6193.06
507.84	5614.95
508.18	7426.52
508.53	7002.88
508.87	6815.64
509.22	6333.49
509.56	65535.00
509.91	18721.95
510.25	6874.15
510.60	4837.89
510.94	8416.57
511.28	4772.35
511.63	8922.12
511.97	7478.01
512.32	8659.98
512.66	5666.44
513.00	6965.43
513.35	9200.65
513.69	5668.78
514.04	8044.42
514.38	8540.61
514.72	7206.51
515.07	5481.53
515.41	5589.20
515.76	5755.38
516.10	6719.68
516.44	8571.04
516.79	6043.26
517.13	5226.42
517.47	8954.89
517.82	7091.82
518.16	6445.84
518.50	7045.01
518.85	7421.84
519.19	9769.40
519.53	12755.92
519.88	8524.23
520.22	6431.79
520.56	6829.68
520.91	5181.95
521.25	5406.64
521.59	6590.95
521.93	7655.89
522.28	6441.15
522.62	7222.89
522.96	8847.22
523.31	6434.13
523.65	7695.68
523.99	8414.23
524.33	11094.14
524.68	7918.03
525.02	5217.05
525.36	7426.52
525.70	4919.81
526.05	5863.04
526.39	5476.85
526.73	7988.25
527.07	6986.50
527.41	10260.91
527.76	5680.48
528.10	6303.06
528.44	7716.75
528.78	6597.97
529.12	8217.62
529.47	6356.90
529.81	8816.80
530.15	9041.49
530.49	7971.86
530.83	4802.78
531.18	5334.08
531.52	6352.21
531.86	5008.75
532.20	6717.34
532.54	9181.92
532.88	4699.80
533.22	6310.08
533.57	5928.58
533.91	9006.38
534.25	5256.84
534.59	10384.96
534.93	8156.77
535.27	5717.93
535.61	6443.49
535.95	10672.84
536.30	5235.78
536.64	6654.14
536.98	4521.92
537.32	6237.53
537.66	4889.38
538.00	7674.62
538.34	7962.50
538.68	7903.99
539.02	11330.53
539.36	6050.28
539.70	5186.63
540.04	6506.69
540.39	19241.54
540.73	5540.05
541.07	6860.11
541.41	7501.42
541.75	7609.08
542.09	9467.47
542.43	7517.80
542.77	6703.29
543.11	7211.19
543.45	6656.48
543.79	9107.02
544.13	6354.55
544.47	6284.34
544.81	5619.63
545.15	7871.22
545.49	6567.54
545.83	5565.79
546.17	6293.70
546.51	4725.54
546.85	5987.09
547.19	10588.58
547.53	5093.01
547.87	8231.66
548.21	11417.13
548.54	6895.22
548.88	5788.14
549.22	5591.54
549.56	5071.94
549.90	5973.05
550.24	6717.34
550.58	5544.73
550.92	9401.93
551.26	6249.23
551.60	10314.74
551.94	6019.86
552.28	6157.95
552.61	8063.15
552.95	6296.04
553.29	5949.64
553.63	7047.35
553.97	10775.83
554.31	8905.74
554.65	9830.25
554.99	9872.38
555.32	6033.90
555.66	7833.77
556.00	4688.09
556.34	6368.60
556.68	7129.27
557.02	8762.97
557.36	7115.23
557.69	6520.73
558.03	5970.71
558.37	12095.89
558.71	14092.37
559.05	10033.88
559.38	10991.16
559.72	5645.37
560.06	8489.12
560.40	7880.58
560.74	9296.61
561.07	7768.24
561.41	8592.11
561.75	7793.98
562.09	6080.71
562.42	8582.74
562.76	7962.50
563.10	6904.58
563.44	23143.22
563.77	7325.88
564.11	7826.75
564.45	9404.27
564.79	7742.49
565.12	6967.77
565.46	7335.24
565.80	7417.16
566.14	7400.77
566.47	8915.10
566.81	5572.82
567.15	7115.23
567.48	7660.57
567.82	8131.02
568.16	7426.52
568.49	5591.54
568.83	5207.69
569.17	6710.32
569.50	7527.16
569.84	10225.80
570.18	7651.21
570.51	10768.80
570.85	6661.16
571.19	6359.24
571.52	5699.20
571.86	7178.42
572.20	6382.64
572.53	10101.75
572.87	5657.07
573.21	5523.66
573.54	5294.29
573.88	7222.89
574.21	6986.50
574.55	6729.04
574.89	6059.65
575.22	8552.32
575.56	6057.31
575.89	5891.13
576.23	6314.77
576.57	7524.82
576.90	5682.82
577.24	7145.66
577.57	5399.62
577.91	7405.46
578.24	5191.31
578.58	6668.19
578.91	8049.10
579.25	5813.89
579.59	7187.79
579.92	6651.80
580.26	5287.27
580.59	7662.91
580.93	7281.41
581.26	6118.16
581.60	7658.23
581.93	8032.72
582.27	10555.82
582.60	5584.52
582.94	7082.46
583.27	5526.00
583.61	6499.67
583.94	7148.00
584.28	5139.82
584.61	6333.49
584.94	8100.59
585.28	7801.01
585.61	8243.37
585.95	8086.55
586.28	11173.72
586.62	12627.19
586.95	6757.13
587.29	11646.51
587.62	14974.75
587.95	5458.13
588.29	7386.73
588.62	7985.91
588.96	8882.33
589.29	6164.97
589.62	5984.75
589.96	6448.18
590.29	6092.41
590.63	5200.67
590.96	8271.45
591.29	8662.32
591.63	9081.28
591.96	5612.60
592.29	6267.95
592.63	5944.96
592.96	7454.61
593.30	11297.77
593.63	7503.76
593.96	5607.92
594.30	6106.46
594.63	7730.79
594.96	11318.83
595.30	6726.70
595.63	6171.99
595.96	5886.45
596.29	7578.65
596.63	6223.48
596.96	8491.46
597.29	7791.64
597.63	5046.20
597.96	9619.60
598.29	9296.61
598.63	9181.92
598.96	5764.74
599.29	6097.10
599.62	5996.45
599.96	5984.75
600.29	6633.08
600.62	5607.92
600.95	6214.12
601.29	6628.40
601.62	7393.75
601.95	6843.73
602.28	5909.85
602.61	21247.38
602.95	6935.01
603.28	11548.20
603.61	5881.77
603.94	9078.94
604.27	5631.33
604.61	8074.85
604.94	7672.28
605.27	7272.04
605.60	5551.75
605.93	6033.90
606.27	8884.67
606.60	5738.99
606.93	5186.63
607.26	10764.12
607.59	6810.96
607.92	9500.23
608.26	5933.26
608.59	5839.64
608.92	6539.46
609.25	5378.55
609.58	7274.38
609.91	8126.34
610.24	13261.48
610.57	7681.64
610.90	9114.05
611.24	5095.35
611.57	5132.79
611.90	8608.49
612.23	6825.00
612.56	8697.43
612.89	8217.62
613.22	8475.08
613.55	5032.15
613.88	9046.17
614.21	5708.57
614.54	7550.57
614.87	5689.84
615.20	4788.74
615.53	9542.36
615.87	5944.96
616.20	7012.24
616.53	9783.44
616.86	6773.51
617.19	7946.12
617.52	5881.77
617.85	6148.59
618.18	5736.65
618.51	6193.06
618.84	8205.92
619.17	6621.38
619.50	10354.53
619.83	9839.61
620.16	8060.80
620.49	5954.32
620.82	13544.68
621.14	10296.02
621.47	7262.68
621.80	9504.92
622.13	7150.34
622.46	14267.91
622.79	8243.37
623.12	5397.28
623.45	9060.21
623.78	8313.58
624.11	5596.22
624.44	7513.12
624.77	5458.13
625.10	5795.17
625.43	5582.18
625.75	7073.10
626.08	5795.17
626.41	5624.31
626.74	6775.85
627.07	6214.12
627.40	11580.97
627.73	6284.34
628.06	5715.59
628.38	4573.41
628.71	8449.33
629.04	9556.41
629.37	8400.18
629.70	7335.24
630.03	5743.67
630.36	9446.40
630.68	8617.85
631.01	6157.95
631.34	10466.88
631.67	6038.58
632.00	4795.76
632.32	8711.47
632.65	9479.17
632.98	7468.65
633.31	6883.52
633.64	8769.99
633.96	5579.84
634.29	10546.45
634.62	7213.53
634.95	7431.20
635.27	7283.75
635.60	8105.28
635.93	7522.48
636.26	7564.61
636.58	6202.42
636.91	6256.25
637.24	5823.25
637.57	7030.97
637.89	7932.08
638.22	6282.00
638.55	7267.36
638.87	7449.93
639.20	8283.16
639.53	7758.88
639.86	5877.09
640.18	5643.03
640.51	7148.00
640.84	7424.18
641.16	5322.38
641.49	7372.69
641.82	5495.58
642.14	5715.59
642.47	13703.84
642.80	6675.21
643.12	8968.93
643.45	6752.45
643.78	7171.40
644.10	5996.45
644.43	6855.43
644.75	9884.08
645.08	5039.17
645.41	7819.73
645.73	5579.84
646.06	14518.34
646.39	8636.58
646.71	6083.05
647.04	5666.44
647.36	4973.64
647.69	8173.15
648.01	7138.63
648.34	5907.51
648.67	9411.29
648.99	10047.92
649.32	5741.33
649.64	5186.63
649.97	4496.17
650.29	5334.08
650.62	13806.82
650.94	7023.95
651.27	10651.78
651.59	6686.91
651.92	5987.09
652.25	7681.64
652.57	5685.16
652.90	5631.33
653.22	7328.22
653.55	7288.43
653.87	4938.53
654.20	7084.80
654.52	10817.96
654.84	6642.44
655.17	7906.33
655.49	10813.28
655.82	6263.27
656.14	7391.41
656.47	8173.15
656.79	11215.85
657.12	6359.24
657.44	6242.21
657.77	8580.40
658.09	7258.00
658.41	6630.74
658.74	8217.62
659.06	5219.39
659.39	6619.04
659.71	6153.27
660.03	6817.98
660.36	6338.17
660.68	9413.63
661.01	12856.56
661.33	10253.89
661.65	6087.73
661.98	13380.84
662.30	10148.56
662.63	6869.47
662.95	6485.62
663.27	5919.21
663.60	5357.49
663.92	6612.01
664.24	6567.54
664.57	5612.60
664.89	5989.43
665.21	6031.56
665.54	9191.28
665.86	7068.42
666.18	7400.77
666.51	10036.22
666.83	6111.14
667.15	14712.61
667.47	9373.85
667.80	8131.02
668.12	5947.30
668.44	7218.21
668.77	8336.99
669.09	9804.50
669.41	8688.07
669.73	5146.84
670.06	6972.46
670.38	6459.88
670.70	5287.27
671.02	7908.67
671.35	6202.42
671.67	10087.71
671.99	6494.99
672.31	9750.67
672.63	7620.78
672.96	10677.52
673.28	6221.14
673.60	7185.44
673.92	7016.93
674.24	5937.94
674.57	5916.87
674.89	9268.52
675.21	6558.18
675.53	8828.50
675.85	9664.07
676.17	9514.28
676.50	5600.90
676.82	9811.53
677.14	7262.68
677.46	14129.81
677.78	5310.68
678.10	9111.71
678.42	6813.30
678.75	6160.29
679.07	5516.64
679.39	6780.53
679.71	6251.57
680.03	6216.46
680.35	6134.54
680.67	6363.92
680.99	5834.96
681.31	5275.57
681.63	7843.14
681.96	9743.65
682.28	6211.78
682.60	5769.42
682.92	8219.96
683.24	5256.84
683.56	8313.58
683.88	6066.67
684.20	6616.69
684.52	6321.79
684.84	6197.74
685.16	6223.48
685.48	8676.37
685.80	7545.89
686.12	8475.08
686.44	11597.35
686.76	6782.87
687.08	5167.90
687.40	5554.09
687.72	9018.08
688.04	6553.50
688.36	14085.34
688.68	10478.58
689.00	7655.89
689.32	6546.48
689.64	6176.67
689.96	6810.96
690.28	9458.10
690.60	9708.54
690.92	6031.56
691.24	8201.24
691.56	6506.69
691.88	6696.27
692.19	5713.25
692.51	8910.42
692.83	7763.56
693.15	8498.49
693.47	7875.90
693.79	7272.04
694.11	9259.16
694.43	7730.79
694.75	6839.05
695.06	7005.22
695.38	9788.12
695.70	6892.88
696.02	7260.34
696.34	6221.14
696.66	6129.86
696.98	5064.92
697.29	7108.21
697.61	10799.23
697.93	9535.34
698.25	13060.19
698.57	7763.56
698.89	5263.86
699.20	6796.92
699.52	10705.61
699.84	5020.45
700.16	6813.30
700.48	10146.22
700.79	5708.57
701.11	11669.91
701.43	8994.68
701.75	6150.93
702.07	6525.41
702.38	11534.16
702.70	6015.18
703.02	5837.30
703.34	8390.82
703.65	7178.42
703.97	6616.69
704.29	4919.81
704.61	5748.36
704.92	8723.18
705.24	6431.79
705.56	9057.87
705.87	9497.89
706.19	6995.86
706.51	6736.06
706.82	9748.33
707.14	5921.56
707.46	5074.28
707.78	5811.55
708.09	8191.88
708.41	9420.66
708.73	7335.24
709.04	9753.01
709.36	6399.02
709.68	6841.39
709.99	12833.16
710.31	9811.53
710.62	7030.97
710.94	6422.43
711.26	7793.98
711.57	6483.28
711.89	5469.83
712.21	14668.14
712.52	7066.08
712.84	10232.82
713.15	7396.09
713.47	8784.03
713.79	5509.62
714.10	6127.52
714.42	6597.97
714.73	10455.17
715.05	5324.72
715.36	5476.85
715.68	5841.98
715.99	6483.28
716.31	9198.31
716.63	8219.96
716.94	9261.50
717.26	19058.98
717.57	9020.42
717.89	11239.25
718.20	5970.71
718.52	9284.91
718.83	6656.48
719.15	14267.91
719.46	13528.30
719.78	7433.54
720.09	6951.39
720.41	5849.00
720.72	5568.13
721.04	5708.57
721.35	6766.49
721.67	6768.83
721.98	6516.05
722.29	6324.13
722.61	6005.81
722.92	4849.59
723.24	6700.95
723.55	7304.81
723.87	7513.12
724.18	8519.55
724.50	5577.50
724.81	6689.25
725.12	7108.21
725.44	8163.79
725.75	7253.32
726.07	10228.14
726.38	8131.02
726.69	6621.38
727.01	8470.40
727.32	8777.01
727.63	6342.85
727.95	10410.70
728.26	6125.18
728.58	8571.04
728.89	6408.39
729.20	7152.68
729.52	5802.19
729.83	13156.15
730.14	8388.48
730.46	6895.22
730.77	9687.48
731.08	8486.78
731.39	6560.52
731.71	7126.93
732.02	8940.85
732.33	7016.93
732.65	6413.07
732.96	10424.75
733.27	8985.32
733.59	14162.58
733.90	9352.78
734.21	5526.00
734.52	6651.80
734.84	16463.33
735.15	6427.11
735.46	6677.55
735.77	7243.96
736.09	7021.61
736.40	10785.19
736.71	8861.27
737.02	5526.00
737.33	6534.78
737.65	6588.61
737.96	7159.70
738.27	7555.25
738.58	12879.97
738.89	8386.14
739.21	6319.45
739.52	5149.18
739.83	8451.67
740.14	5991.77
740.45	7204.17
740.76	6270.30
741.08	5530.69
741.39	6984.16
741.70	6335.83
742.01	7485.03
742.32	9731.95
742.63	7470.99
742.94	5961.34
743.26	8379.12
743.57	7892.29
743.88	9071.92
744.19	7688.66
744.50	6768.83
744.81	12149.72
745.12	6911.60
745.43	6892.88
745.74	14981.77
746.05	11367.98
746.36	5219.39
746.67	11817.36
746.99	6855.43
747.30	8170.81
747.61	6434.13
747.92	7541.21
748.23	9912.17
748.54	6649.46
748.85	6722.02
749.16	7318.86
749.47	5818.57
749.78	6478.60
750.09	6223.48
750.40	7913.35
750.71	7559.93
751.02	8238.69
751.33	6930.33
751.64	7962.50
751.95	7014.59
752.26	8304.22
752.57	8526.57
752.88	6593.29
753.19	7073.10
753.50	10150.90
753.81	6808.62
754.11	7152.68
754.42	16320.56
754.73	7868.88
755.04	7707.38
755.35	7520.14
755.66	13282.54
755.97	5600.90
756.28	5734.31
756.59	8400.18
756.90	16592.06
757.21	7962.50
757.52	10848.38
757.82	8121.66
758.13	6312.42
758.44	9645.35
758.75	8519.55
759.06	6291.36
759.37	5888.79
759.68	7819.73
759.98	6317.11
760.29	8404.86
760.60	7510.78
760.91	5287.27
761.22	6883.52
761.53	7485.03
761.83	6328.81
762.14	7342.26
762.45	6291.36
762.76	5544.73
763.07	8187.19
763.37	15707.34
763.68	11115.20
763.99	12631.87
764.30	11522.46
764.60	6380.30
764.91	9947.28
765.22	7543.55
765.53	12814.43
765.84	7742.49
766.14	6787.55
766.45	5401.96
766.76	10864.77
767.06	11632.46
767.37	6621.38
767.68	7267.36
767.99	6682.23
768.29	6267.95
768.60	7119.91
768.91	9757.69
769.21	12870.61
769.52	10719.65
769.83	7213.53
770.13	7344.60
770.44	6583.93
770.75	8674.03
771.05	7126.93
771.36	8814.46
771.67	7391.41
771.97	6612.01
772.28	6853.09
772.59	7599.72
772.89	9132.77
773.20	6314.77
773.51	6335.83
773.81	11363.30
774.12	5832.62
774.42	6998.20
774.73	6001.13
775.04	6043.26
775.34	20816.72
775.65	8161.45
775.95	12142.70
776.26	7983.57
776.56	6417.75
776.87	8135.70
777.18	65535.00
777.48	16863.56
777.79	7606.74
778.09	10771.15
778.40	6583.93
778.70	6612.01
779.01	10567.52
779.31	7470.99
779.62	6567.54
779.92	8835.52
780.23	8493.80
780.53	5589.20
780.84	7037.99
781.14	6375.62
781.45	6314.77
781.75	9153.84
782.06	6200.08
782.36	7962.50
782.67	5830.27
782.97	6179.01
783.28	12872.95
783.58	6499.67
783.89	6314.77
784.19	8374.44
784.49	12318.24
784.80	7000.54
785.10	12519.53
785.41	6043.26
785.71	8444.65
786.02	8304.22
786.32	13336.37
786.62	8896.38
786.93	11169.04
787.23	6560.52
787.54	6817.98
787.84	12180.15
788.14	8320.60
788.45	5385.57
788.75	8425.93
789.05	5966.03
789.36	6939.69
789.66	13444.04
789.96	8947.87
790.27	7346.94
790.57	7815.05
790.87	6073.69
791.18	6335.83
791.48	5973.05
791.78	8131.02
792.09	8482.10
792.39	6539.46
792.69	9231.07
793.00	8138.04
793.30	8753.60
793.60	5750.70
793.90	5289.61
794.21	8222.30
794.51	16217.57
794.81	10516.03
795.11	7295.45
795.42	6293.70
795.72	11176.06
796.02	9177.24
796.32	8390.82
796.63	8451.67
796.93	9771.74
797.23	8908.08
797.53	7772.92
797.84	10263.25
798.14	6202.42
798.44	8032.72
798.74	8468.06
799.04	8180.17
799.34	5736.65
799.65	15382.00
799.95	7543.55
800.25	6899.90
800.55	6703.29
800.85	7873.56
801.15	6162.63
801.46	6881.18
801.76	17303.58
802.06	6677.55
802.36	9116.39
802.66	6555.84
802.96	9195.96
803.26	10516.03
803.56	12842.52
803.87	15910.96
804.17	7140.97
804.47	9593.86
804.77	10244.52
805.07	10289.00
805.37	9254.48
805.67	8800.41
805.97	6820.32
806.27	7140.97
806.57	6733.72
806.87	11566.93
807.17	7782.28
807.47	11080.10
807.77	10794.55
808.07	6621.38
808.37	11197.12
808.67	7473.33
808.98	14750.06
809.28	6874.15
809.58	15440.51
809.88	10230.48
810.18	13937.89
810.47	6942.03
810.77	7187.79
811.07	9092.98
811.37	8318.26
811.67	6015.18
811.97	5439.40
812.27	5963.68
812.57	5362.17
812.87	6319.45
813.17	6272.64
813.47	6246.89
813.77	6663.51
814.07	6473.92
814.37	9743.65
814.67	6303.06
814.97	7094.16
815.27	6197.74
815.56	8477.42
815.86	10860.09
816.16	7903.99
816.46	5692.18
816.76	6289.02
817.06	10143.88
817.36	11854.81
817.66	7459.29
817.95	5919.21
818.25	8107.62
818.55	9764.72
818.85	9275.54
819.15	6534.78
819.45	12744.22
819.75	7248.64
820.04	7309.49
820.34	15059.01
820.64	9453.42
820.94	12196.53
821.24	6747.76
821.53	6862.45
821.83	6370.94
822.13	5818.57
822.43	7026.29
822.72	5636.01
823.02	6270.30
823.32	6024.54
823.62	7840.79
823.91	14389.61
824.21	5647.71
824.51	8205.92
824.81	6825.00
825.10	5631.33
825.40	9060.21
825.70	7463.97
826.00	12217.60
826.29	6560.52
826.59	7981.23
826.89	6717.34
827.18	6167.31
827.48	6284.34
827.78	5963.68
828.07	7438.22
828.37	9053.19
828.67	8070.17
828.96	7552.91
829.26	6092.41
829.56	10401.34
829.85	6434.13
830.15	7974.21
830.45	5687.50
830.74	11744.81
831.04	9149.15
831.34	9785.78
831.63	13205.30
831.93	9390.23
832.22	9006.38
832.52	7253.32
832.82	5881.77
833.11	6033.90
833.41	6064.33
833.70	6583.93
834.00	10115.80
834.29	7524.82
834.59	5476.85
834.89	8248.05
835.18	6827.34
835.48	12545.27
835.77	8889.35
836.07	8812.12
836.36	8713.81
836.66	9991.75
836.95	6972.46
837.25	6155.61
837.54	7206.51
837.84	6427.11
838.13	7679.30
838.43	6338.17
838.72	13163.17
839.02	10064.30
839.31	6057.31
839.61	10211.76
839.90	5638.35
840.20	7323.54
840.49	5797.51
840.78	8175.49
841.08	8809.78
841.37	6654.14
841.67	5614.95
841.96	8484.44
842.26	7796.32
842.55	5535.37
842.84	6071.35
843.14	9647.69
843.43	5558.77
843.73	7255.66
844.02	5605.58
844.31	6918.62
844.61	6576.91
844.90	8121.66
845.20	7478.01
845.49	5224.08
845.78	6602.65
846.08	5753.04
846.37	4877.68
846.66	8201.24
846.96	8760.63
847.25	8016.33
847.54	5514.30
847.84	8713.81
848.13	7037.99
848.42	9483.85
848.72	6171.99
849.01	8442.31
849.30	6370.94
849.59	6010.50
849.89	6195.40
850.18	11803.32
850.47	5926.24
850.76	15470.94
851.06	13994.06
851.35	8313.58
851.64	9235.75
851.93	7665.25
852.23	10237.50
852.52	6703.29
852.81	6406.05
853.10	6179.01
853.40	5242.80
853.69	5345.78
853.98	7080.12
854.27	9392.57
854.56	6382.64
854.86	8437.63
855.15	7412.48
855.44	7726.11
855.73	5305.99
856.02	6291.36
856.31	9383.21
856.61	7836.11
856.90	6574.56
857.19	5645.37
857.48	5460.47
857.77	5769.42
858.06	4889.38
858.35	5638.35
858.65	10736.04
858.94	8901.06
859.23	6832.02
859.52	8760.63
859.81	11489.69
860.10	6169.65
860.39	8819.14
860.68	7405.46
860.97	6015.18
861.26	6153.27
861.55	11625.44
861.85	7431.20
862.14	8854.25
862.43	9217.03
862.72	7623.12
863.01	5603.24
863.30	6600.31
863.59	7152.68
863.88	6853.09
864.17	7080.12
864.46	5935.60
864.75	13830.23
865.04	7403.11
865.33	5680.48
865.62	10333.47
865.91	6303.06
866.20	8517.21
866.49	6633.08
866.78	6829.68
867.07	6413.07
867.36	9640.67
867.65	9614.92
867.93	8514.87
868.22	7124.59
868.51	6738.40
868.80	7302.47
869.09	6832.02
869.38	6066.67
869.67	12018.65
869.96	12018.65
870.25	12018.65
