178.76	1729.66
179.14	1729.66
179.52	1729.66
179.90	1703.91
180.28	10691.57
180.66	6001.13
181.04	8299.54
181.42	7325.88
181.80	6237.53
182.18	10946.69
182.55	5830.27
182.93	7208.85
183.31	7063.74
183.69	7726.11
184.07	8189.53
184.45	7035.65
184.83	7342.26
185.21	6530.09
185.59	6724.36
185.97	16135.65
186.35	11922.69
186.72	7089.48
187.10	7129.27
187.48	11349.26
187.86	8903.40
188.24	6633.08
188.62	6307.74
189.00	10771.15
189.38	7683.98
189.75	7365.67
190.13	7957.82
190.51	6249.23
190.89	14745.38
191.27	21055.46
191.65	6857.77
192.03	7777.60
192.40	10200.05
192.78	7679.30
193.16	8718.50
193.54	11992.90
193.92	10817.96
194.30	6576.91
194.67	9345.76
195.05	8362.73
195.43	7145.66
195.81	6867.13
196.19	10588.58
196.56	7641.85
196.94	7290.77
197.32	11428.84
197.70	6581.59
198.08	8521.89
198.45	6532.44
198.83	7508.44
199.21	6679.89
199.59	12145.04
199.97	7997.61
200.34	5827.93
200.72	6588.61
201.10	13963.64
201.48	10052.60
201.85	6345.19
202.23	6754.79
202.61	6642.44
202.99	15934.37
203.36	6483.28
203.74	9057.87
204.12	7054.37
204.49	6572.22
204.87	8812.12
205.25	7059.06
205.63	5790.49
206.00	6356.90
206.38	7964.84
206.76	9448.74
207.14	6537.12
207.51	5884.11
207.89	10867.11
208.27	6347.53
208.64	5469.83
209.02	6635.42
209.40	7016.93
209.77	5617.29
210.15	15974.16
210.53	5881.77
210.90	11253.30
211.28	6136.88
211.66	11967.16
212.03	6583.93
212.41	5895.81
212.79	7019.27
213.16	5959.00
213.54	7758.88
213.92	7899.31
214.29	5692.18
214.67	6642.44
215.05	6857.77
215.42	9334.06
215.80	6759.47
216.17	6710.32
216.55	7789.30
216.93	5790.49
217.30	8924.46
217.68	6335.83
218.05	6768.83
218.43	6607.33
218.81	6839.05
219.18	11068.39
219.56	6726.70
219.93	6443.49
220.31	6478.60
220.69	5851.34
221.06	6120.50
221.44	7541.21
221.81	6200.08
222.19	5713.25
222.56	6157.95
222.94	6787.55
223.32	7714.41
223.69	6190.72
224.07	8826.16
224.44	12404.84
224.82	7576.31
225.19	8423.59
225.57	7627.81
225.94	6464.56
226.32	7225.23
226.69	12140.36
227.07	8294.86
227.44	6750.10
227.82	7939.10
228.19	6913.94
228.57	8472.74
228.94	11485.01
229.32	9565.77
229.69	8779.35
230.07	6768.83
230.44	6176.67
230.82	10878.81
231.19	9399.59
231.57	5579.84
231.94	5736.65
232.32	9151.49
232.69	6808.62
233.07	7435.88
233.44	8222.30
233.82	6810.96
234.19	7522.48
234.57	9916.85
234.94	6396.68
235.31	6607.33
235.69	7138.63
236.06	7466.31
236.44	8582.74
236.81	5919.21
237.19	7953.14
237.56	11534.16
237.93	6380.30
238.31	7691.00
238.68	6892.88
239.06	7578.65
239.43	8709.13
239.81	8018.68
240.18	5902.83
240.55	6289.02
240.93	12751.24
241.30	7730.79
241.67	7166.72
242.05	8664.66
242.42	9713.22
242.80	5844.32
243.17	7784.62
243.54	7723.77
243.92	9263.84
244.29	7138.63
244.66	7557.59
245.04	10059.62
245.41	15955.43
245.78	5996.45
246.16	6717.34
246.53	8774.67
246.90	7171.40
247.28	12734.85
247.65	6792.23
248.02	7073.10
248.40	9767.06
248.77	7543.55
249.14	8311.24
249.52	6768.83
249.89	8369.76
250.26	6186.04
250.64	7480.35
251.01	15161.99
251.38	5750.70
251.75	7243.96
252.13	6707.98
252.50	8849.57
252.87	13415.95
253.25	5966.03
253.62	7653.55
253.99	5809.21
254.36	9177.24
254.74	6555.84
255.11	6064.33
255.48	5453.45
255.85	14075.98
256.23	5708.57
256.60	5338.76
256.97	6665.85
257.34	8201.24
257.71	7573.97
258.09	6623.72
258.46	7829.09
258.83	11265.00
259.20	9762.37
259.58	6916.28
259.95	7119.91
260.32	9430.02
260.69	5900.49
261.06	10621.35
261.44	6108.80
261.81	13027.42
262.18	7702.70
262.55	6387.32
262.92	7353.96
263.29	6441.15
263.67	5659.42
264.04	6370.94
264.41	6846.07
264.78	6408.39
265.15	10080.69
265.52	12343.99
265.90	7302.47
266.27	6429.45
266.64	5767.08
267.01	5327.06
267.38	7892.29
267.75	6083.05
268.12	5219.39
268.50	7075.44
268.87	6317.11
269.24	6256.25
269.61	7597.38
269.98	8215.28
270.35	7882.92
270.72	6043.26
271.09	7014.59
271.46	6502.01
271.83	7793.98
272.21	9064.89
272.58	5813.89
272.95	6312.42
273.32	7190.13
273.69	7148.00
274.06	5671.12
274.43	6162.63
274.80	7103.53
275.17	7613.76
275.54	11492.03
275.91	7307.15
276.28	7178.42
276.65	7531.84
277.02	10871.79
277.39	5977.73
277.76	6038.58
278.13	8257.41
278.50	8744.24
278.87	10375.59
279.24	9001.70
279.61	8442.31
279.98	9692.16
280.35	6349.87
280.72	7393.75
281.09	6876.49
281.46	7311.83
281.83	6054.97
282.20	7749.51
282.57	6459.88
282.94	7995.27
283.31	6494.99
283.68	7634.83
284.05	5486.22
284.42	5249.82
284.79	7604.40
285.16	8383.80
285.53	6993.52
285.90	7215.87
286.27	14633.03
286.64	5521.32
287.01	6282.00
287.38	8442.31
287.75	58621.06
288.12	8493.80
288.49	16482.05
288.86	5947.30
289.23	5893.47
289.59	6094.76
289.96	5778.78
290.33	6169.65
290.70	6396.68
291.07	8365.07
291.44	7754.19
291.81	5867.72
292.18	7192.47
292.55	6509.03
292.91	12587.40
293.28	8152.09
293.65	10574.54
294.02	7833.77
294.39	5483.88
294.76	6857.77
295.13	7166.72
295.50	6820.32
295.86	6956.07
296.23	6338.17
296.60	5813.89
296.97	6370.94
297.34	7026.29
297.71	8798.07
298.07	7155.02
298.44	5324.72
298.81	7733.13
299.18	7419.50
299.55	10438.79
299.91	6803.94
300.28	7307.15
300.65	5394.93
301.02	7555.25
301.39	7889.95
301.75	13064.87
302.12	7939.10
302.49	6958.41
302.86	10450.49
303.23	7283.75
303.59	5823.25
303.96	16971.22
304.33	9350.44
304.70	14480.89
305.06	6513.71
305.43	10090.05
305.80	8271.45
306.17	8889.35
306.53	6225.82
306.90	9366.82
307.27	7157.36
307.64	10611.99
308.00	6399.02
308.37	6293.70
308.74	11674.59
309.11	8814.46
309.47	6347.53
309.84	5434.72
310.21	6883.52
310.57	7515.46
310.94	6520.73
311.31	7183.10
311.67	7658.23
312.04	5437.06
312.41	9610.24
312.77	7925.05
313.14	6134.54
313.51	6789.89
313.87	6413.07
314.24	6272.64
314.61	6342.85
314.97	6434.13
315.34	7183.10
315.71	5605.58
316.07	8943.19
316.44	5706.23
316.81	8629.56
317.17	6106.46
317.54	15222.84
317.91	6382.64
318.27	5350.46
318.64	6745.42
319.00	8596.79
319.37	5535.37
319.74	9114.05
320.10	9268.52
320.47	6352.21
320.83	10483.26
321.20	6832.02
321.57	5799.85
321.93	6597.97
322.30	7414.82
322.66	6118.16
323.03	8613.17
323.40	7798.66
323.76	6422.43
324.13	6321.79
324.49	5434.72
324.86	18417.68
325.22	7360.98
325.59	6775.85
325.95	7829.09
326.32	9160.86
326.68	9097.66
327.05	6935.01
327.42	5921.56
327.78	6406.05
328.15	9146.81
328.51	6296.04
328.88	8416.57
329.24	11089.46
329.61	7033.31
329.97	8456.36
330.34	6342.85
330.70	7220.55
331.07	10509.01
331.43	8578.06
331.80	13011.04
332.16	10176.65
332.52	5933.26
332.89	8201.24
333.25	5423.02
333.62	12348.67
333.98	7070.76
334.35	6839.05
334.71	7248.64
335.08	5811.55
335.44	11873.54
335.81	11859.49
336.17	10097.07
336.53	7052.03
336.90	5851.34
337.26	8189.53
337.63	9310.65
337.99	7620.78
338.36	5928.58
338.72	8840.20
339.08	7241.62
339.45	5781.12
339.81	9303.63
340.18	6729.04
340.54	10193.03
340.90	6333.49
341.27	6862.45
341.63	8290.18
341.99	5242.80
342.36	10256.23
342.72	5785.80
343.09	10380.28
343.45	6164.97
343.81	10427.09
344.18	5495.58
344.54	6808.62
344.90	7681.64
345.27	7246.30
345.63	6848.41
345.99	8709.13
346.36	7272.04
346.72	5959.00
347.08	5998.79
347.45	5575.16
347.81	9621.94
348.17	7470.99
348.54	5738.99
348.90	8828.50
349.26	9647.69
349.62	10485.60
349.99	5231.10
350.35	5240.46
350.71	7543.55
351.08	7045.01
351.44	5245.14
351.80	13308.29
352.16	11482.67
352.53	5959.00
352.89	8238.69
353.25	11143.29
353.61	6492.65
353.98	8421.25
354.34	10040.90
354.70	6377.96
355.06	5128.11
355.43	7227.57
355.79	6740.74
356.15	6604.99
356.51	5886.45
356.88	5949.64
357.24	6616.69
357.60	5563.45
357.96	5153.86
358.32	14998.15
358.69	5341.10
359.05	8004.63
359.41	7412.48
359.77	5785.80
360.13	6153.27
360.49	5996.45
360.86	8798.07
361.22	11042.65
361.58	7576.31
361.94	10839.02
362.30	5818.57
362.66	8318.26
363.03	5252.16
363.39	5343.44
363.75	6076.03
364.11	9933.23
364.47	6239.87
364.83	10670.50
365.19	7274.38
365.56	8760.63
365.92	5245.14
366.28	8327.63
366.64	9731.95
367.00	5343.44
367.36	5490.90
367.72	9781.10
368.08	9380.87
368.44	6347.53
368.80	8009.31
369.17	6455.20
369.53	6595.63
369.89	6050.28
370.25	5909.85
370.61	6118.16
370.97	10602.63
371.33	6328.81
371.69	12468.03
372.05	8156.77
372.41	5841.98
372.77	6361.58
373.13	7482.69
373.49	5074.28
373.85	8095.91
374.21	7571.63
374.57	5767.08
374.93	8432.95
375.29	8933.82
375.65	7302.47
376.01	7045.01
376.37	10211.76
376.73	8341.67
377.09	5708.57
377.45	9753.01
377.81	6698.61
378.17	5846.66
378.53	5188.97
378.89	8159.11
379.25	10972.43
379.61	13987.04
379.97	9282.56
380.33	6331.15
380.69	6132.20
381.05	5600.90
381.41	9027.45
381.77	7059.06
382.13	8573.38
382.49	14757.08
382.85	7258.00
383.21	8564.02
383.57	5226.42
383.93	10307.72
384.28	5221.74
384.64	6480.94
385.00	7424.18
385.36	7267.36
385.72	8844.88
386.08	5870.06
386.44	8816.80
386.80	8990.00
387.16	10614.33
387.52	9568.11
387.87	13633.62
388.23	7808.03
388.59	6218.80
388.95	5528.35
389.31	6761.81
389.67	6761.81
390.03	6279.66
390.38	6480.94
390.74	5055.56
391.10	9336.40
391.46	7595.04
391.82	5851.34
392.18	8297.20
392.54	4908.10
392.89	5675.80
393.25	8339.33
393.61	5605.58
393.97	5760.06
394.33	7824.41
394.68	6747.76
395.04	5500.26
395.40	7138.63
395.76	9298.95
396.12	7335.24
396.47	5710.91
396.83	6923.30
397.19	5636.01
397.55	5825.59
397.90	7115.23
398.26	7155.02
398.62	5626.65
398.98	4875.34
399.33	6658.82
399.69	24493.71
400.05	8287.84
400.41	5797.51
400.76	8510.19
401.12	9949.62
401.48	7805.69
401.84	6078.37
402.19	6321.79
402.55	7641.85
402.91	7250.98
403.26	5186.63
403.62	8348.69
403.98	6977.14
404.34	4781.71
404.69	6876.49
405.05	8929.14
405.41	13734.26
405.76	5811.55
406.12	5898.15
406.48	6787.55
406.83	6127.52
407.19	8353.37
407.55	7808.03
407.90	14012.79
408.26	8503.17
408.62	9006.38
408.97	6897.56
409.33	5418.34
409.68	5607.92
410.04	7618.44
410.40	5961.34
410.75	7953.14
411.11	5804.53
411.47	7618.44
411.82	6623.72
412.18	7073.10
412.53	6609.67
412.89	5980.07
413.25	6633.08
413.60	7021.61
413.96	5238.12
414.31	6359.24
414.67	7293.11
415.03	5317.70
415.38	5647.71
415.74	6431.79
416.09	6499.67
416.45	8362.73
416.80	5909.85
417.16	8470.40
417.51	6705.63
417.87	6303.06
418.23	7651.21
418.58	8124.00
418.94	5060.24
419.29	6078.37
419.65	7613.76
420.00	8629.56
420.36	8327.63
420.71	8229.32
421.07	5423.02
421.42	6902.24
421.78	9081.28
422.13	6567.54
422.49	5423.02
422.84	7281.41
423.20	5179.61
423.55	5572.82
423.91	5448.77
424.26	13689.79
424.61	8238.69
424.97	11204.14
425.32	5975.39
425.68	6565.20
426.03	7459.29
426.39	10071.33
426.74	9713.22
427.10	9317.67
427.45	6083.05
427.80	7499.08
428.16	6960.75
428.51	6815.64
428.87	7609.08
429.22	9516.62
429.58	9954.30
429.93	10078.35
430.28	5975.39
430.64	6118.16
430.99	5228.76
431.35	7529.50
431.70	6483.28
432.05	6668.19
432.41	8304.22
432.76	7606.74
433.11	7969.52
433.47	7658.23
433.82	10478.58
434.17	7927.39
434.53	7672.28
434.88	13853.63
435.24	7763.56
435.59	7234.60
435.94	5490.90
436.30	8074.85
436.65	6239.87
437.00	9364.48
437.35	16065.44
437.71	6534.78
438.06	6099.44
438.41	6146.25
438.77	7894.63
439.12	5273.23
439.47	4842.57
439.83	7559.93
440.18	5252.16
440.53	6406.05
440.88	11985.88
441.24	8549.98
441.59	5575.16
441.94	6298.38
442.30	8095.91
442.65	12393.14
443.00	6897.56
443.35	10242.18
443.71	6394.34
444.06	9413.63
444.41	7808.03
444.76	11145.63
445.11	6888.20
445.47	10052.60
445.82	9067.24
446.17	5951.98
446.52	10214.10
446.88	7045.01
447.23	5153.86
447.58	7747.17
447.93	5973.05
448.28	28575.60
448.63	10743.06
448.99	6834.36
449.34	8327.63
449.69	8798.07
450.04	6214.12
450.39	5973.05
450.74	7042.67
451.10	6913.94
451.45	7054.37
451.80	7536.52
452.15	9888.76
452.50	8039.74
452.85	9792.80
453.21	8936.17
453.56	7829.09
453.91	6612.01
454.26	7353.96
454.61	5722.61
454.96	8210.60
455.31	6644.78
455.66	6373.28
456.01	7934.42
456.36	6134.54
456.72	5806.87
457.07	7653.55
457.42	10307.72
457.77	9170.22
458.12	5764.74
458.47	7346.94
458.82	9643.01
459.17	6991.18
459.52	7283.75
459.87	11707.36
460.22	5664.10
460.57	7183.10
460.92	5977.73
461.27	8189.53
461.62	6628.40
461.97	5844.32
462.32	11882.90
462.67	10757.10
463.02	13434.68
463.38	13142.11
463.73	8798.07
464.08	12149.72
464.43	7552.91
464.78	5479.19
465.12	8201.24
465.47	8477.42
465.82	26738.28
466.17	6436.47
466.52	8648.28
466.87	6274.98
467.22	5884.11
467.57	5212.37
467.92	7793.98
468.27	10906.90
468.62	14635.37
468.97	6792.23
469.32	4840.23
469.67	15555.20
470.02	13937.89
470.37	6031.56
470.72	7489.71
471.07	5240.46
471.42	6408.39
471.76	6726.70
472.11	6583.93
472.46	8535.93
472.81	14937.30
473.16	5748.36
473.51	6029.22
473.86	5277.91
474.21	6628.40
474.56	6403.71
474.90	6022.20
475.25	9682.80
475.60	8730.20
475.95	5951.98
476.30	11222.87
476.65	10291.34
477.00	14757.08
477.34	11257.98
477.69	5589.20
478.04	9212.35
478.39	7262.68
478.74	5685.16
479.09	5266.21
479.43	6953.73
479.78	4894.06
480.13	12526.55
480.48	10150.90
480.83	7246.30
481.17	5397.28
481.52	7124.59
481.87	6462.22
482.22	11667.57
482.57	6719.68
482.91	9090.64
483.26	7749.51
483.61	6354.55
483.96	7384.39
484.30	65535.00
484.65	12411.86
485.00	5870.06
485.35	6647.12
485.69	5982.41
486.04	6478.60
486.39	7658.23
486.74	7571.63
487.08	5235.78
487.43	7880.58
487.78	4959.60
488.12	8189.53
488.47	5987.09
488.82	10324.10
489.17	5710.91
489.51	5158.54
489.86	7962.50
490.21	5144.50
490.55	7620.78
490.90	5315.36
491.25	6377.96
491.59	5444.09
491.94	12685.70
492.29	6246.89
492.63	6960.75
492.98	4819.16
493.33	7325.88
493.67	6143.91
494.02	5507.28
494.37	5406.64
494.71	8332.31
495.06	6090.07
495.40	10469.22
495.75	5895.81
496.10	10204.74
496.44	6799.26
496.79	8215.28
497.13	5736.65
497.48	14211.73
497.83	10193.03
498.17	8006.97
498.52	6029.22
498.86	8374.44
499.21	6532.44
499.56	6052.63
499.90	6349.87
500.25	5245.14
500.59	6885.86
500.94	7859.52
501.28	8645.94
501.63	9490.87
501.97	6406.05
502.32	5738.99
502.67	7793.98
503.01	5266.21
503.36	6333.49
503.70	6195.40
504.05	8203.58
504.39	9202.99
504.74	6773.51
505.08	10747.74
505.43	4643.62
505.77	5437.06
506.12	7454.61
506.46	6525.41
506.81	5727.29
507.15	5717.93
507.49	6296.04
507.84	5774.10
508.18	7763.56
508.53	7222.89
508.87	7007.56
509.22	6525.41
509.56	65535.00
509.91	19040.26
510.25	7068.42
510.60	4957.25
510.94	8872.97
511.28	4905.76
511.63	9348.10
511.97	7637.17
512.32	8922.12
512.66	5767.08
513.00	7014.59
513.35	9268.52
513.69	5701.54
514.04	8297.20
514.38	8718.50
514.72	7449.93
515.07	5699.20
515.41	5778.78
515.76	5970.71
516.10	7052.03
516.44	8669.34
516.79	6160.29
517.13	5291.95
517.47	9221.71
517.82	7304.81
518.16	6733.72
518.50	7211.19
518.85	7482.69
519.19	10310.06
519.53	13521.27
519.88	8821.48
520.22	6448.18
520.56	7056.72
520.91	5301.31
521.25	5582.18
521.59	6808.62
521.93	7751.85
522.28	6455.20
522.62	7609.08
522.96	9064.89
523.31	6499.67
523.65	7992.93
523.99	8491.46
524.33	11314.15
524.68	8016.33
525.02	5310.68
525.36	7667.60
525.70	5132.79
526.05	5982.41
526.39	5535.37
526.73	8334.65
527.07	7248.64
527.41	10534.75
527.76	5680.48
528.10	6363.92
528.44	7894.63
528.78	6775.85
529.12	8432.95
529.47	6487.96
529.81	9057.87
530.15	9331.72
530.49	8201.24
530.83	5013.43
531.18	5432.38
531.52	6684.57
531.86	5341.10
532.20	7056.72
532.54	9586.83
532.88	4950.23
533.22	6452.86
533.57	6047.94
533.91	9128.09
534.25	5329.40
534.59	10654.12
534.93	8446.99
535.27	5614.95
535.61	6560.52
535.95	10759.44
536.30	5273.23
536.64	6864.79
536.98	4540.64
537.32	6422.43
537.66	4964.28
538.00	8081.87
538.34	8184.85
538.68	7974.21
539.02	11377.34
539.36	6125.18
539.70	5268.55
540.04	6771.17
540.39	19501.34
540.73	5699.20
541.07	7061.40
541.41	7559.93
541.75	7510.78
542.09	9879.40
542.43	7817.39
542.77	6963.09
543.11	7466.31
543.45	6902.24
543.79	9247.46
544.13	6541.80
544.47	6581.59
544.81	5795.17
545.15	8166.13
545.49	6853.09
545.83	5645.37
546.17	6317.11
546.51	4730.22
546.85	6153.27
547.19	10796.89
547.53	5301.31
547.87	8603.81
548.21	11995.25
548.54	7070.76
548.88	5970.71
549.22	5614.95
549.56	5226.42
549.90	6101.78
550.24	6935.01
550.58	5640.69
550.92	9362.14
551.26	6303.06
551.60	11019.24
551.94	6375.62
552.28	6305.40
552.61	8329.97
552.95	6434.13
553.29	5909.85
553.63	7234.60
553.97	11066.05
554.31	9324.69
554.65	10352.19
554.99	10281.97
555.32	6244.55
555.66	8184.85
556.00	4739.58
556.34	6464.56
556.68	7281.41
557.02	9233.41
557.36	7417.16
557.69	6892.88
558.03	6136.88
558.37	12465.69
558.71	14705.59
559.05	10324.10
559.38	11527.14
559.72	5818.57
560.06	8767.65
560.40	8238.69
560.74	9638.33
561.07	7978.89
561.41	8809.78
561.75	7761.22
562.09	6097.10
562.42	8819.14
562.76	8278.47
563.10	7122.25
563.44	24474.98
563.77	7599.72
564.11	8152.09
564.45	9813.87
564.79	8149.75
565.12	7103.53
565.46	7475.67
565.80	7691.00
566.14	7403.11
566.47	9193.62
566.81	5696.86
567.15	7452.27
567.48	7911.01
567.82	8201.24
568.16	7557.59
568.49	5837.30
568.83	5338.76
569.17	6860.11
569.50	7782.28
569.84	10806.25
570.18	7939.10
570.51	11269.68
570.85	6974.80
571.19	6616.69
571.52	5741.33
571.86	7304.81
572.20	6347.53
572.53	10609.65
572.87	5949.64
573.21	5666.44
573.54	5451.11
573.88	7393.75
574.21	7108.21
574.55	6848.41
574.89	6274.98
575.22	9041.49
575.56	6122.84
575.89	6017.52
576.23	6497.33
576.57	7740.15
576.90	5921.56
577.24	7435.88
577.57	5565.79
577.91	7618.44
578.24	5205.35
578.58	6717.34
578.91	8124.00
579.25	5944.96
579.59	7185.44
579.92	6761.81
580.26	5313.02
580.59	7733.13
580.93	7548.23
581.26	6450.52
581.60	7894.63
581.93	8524.23
582.27	10998.18
582.60	5596.22
582.94	7225.23
583.27	5568.13
583.61	6483.28
583.94	7428.86
584.28	5224.08
584.61	6356.90
584.94	8135.70
585.28	8023.36
585.61	8622.53
585.95	8353.37
586.28	11527.14
586.62	13259.13
586.95	6949.05
587.29	11999.93
587.62	15417.11
587.95	5511.96
588.29	7529.50
588.62	8170.81
588.96	9287.25
589.29	6296.04
589.62	6239.87
589.96	6476.26
590.29	6319.45
590.63	5423.02
590.96	8557.00
591.29	8706.79
591.63	9694.50
591.96	5549.41
592.29	6504.35
592.63	6321.79
592.96	7688.66
593.30	11674.59
593.63	7611.42
593.96	5879.43
594.30	6359.24
594.63	7655.89
594.96	11690.98
595.30	6906.92
595.63	6354.55
595.96	5956.66
596.29	7700.36
596.63	6520.73
596.96	8725.52
597.29	8009.31
597.63	5146.84
597.96	10097.07
598.29	9460.45
598.63	9411.29
598.96	5856.02
599.29	6043.26
599.62	6015.18
599.96	5968.37
600.29	6644.78
600.62	5715.59
600.95	6310.08
601.29	6731.38
601.62	7573.97
601.95	6942.03
602.28	5912.19
602.61	20875.24
602.95	7033.31
603.28	11747.15
603.61	6057.31
603.94	9455.76
604.27	5748.36
604.61	8456.36
604.94	7845.48
605.27	7412.48
605.60	5760.06
605.93	5998.79
606.27	9130.43
606.60	5872.40
606.93	5359.83
607.26	11171.38
607.59	6984.16
607.92	9635.99
608.26	6026.88
608.59	6071.35
608.92	6691.59
609.25	5549.41
609.58	7768.24
609.91	8252.73
610.24	13495.53
610.57	8023.36
610.90	9525.98
611.24	5102.37
611.57	5369.19
611.90	8950.21
612.23	6911.60
612.56	8805.10
612.89	8615.51
613.22	8833.18
613.55	5221.74
613.88	9224.05
614.21	5636.01
614.54	7819.73
614.87	5907.51
615.20	4685.75
615.53	9902.81
615.87	6214.12
616.20	7206.51
616.53	10066.64
616.86	6946.71
617.19	7948.46
617.52	5982.41
617.85	6548.82
618.18	5919.21
618.51	6579.25
618.84	8386.14
619.17	6822.66
619.50	10700.93
619.83	10235.16
620.16	8519.55
620.49	6333.49
620.82	14118.11
621.14	10684.55
621.47	7384.39
621.80	9968.34
622.13	7255.66
622.46	14256.20
622.79	8470.40
623.12	5593.88
623.45	9053.19
623.78	8414.23
624.11	5640.69
624.44	7691.00
624.77	5561.11
625.10	6111.14
625.43	5626.65
625.75	7213.53
626.08	5963.68
626.41	5717.93
626.74	7007.56
627.07	6476.26
627.40	11960.14
627.73	6485.62
628.06	5944.96
628.38	4830.87
628.71	8631.90
629.04	9797.48
629.37	8641.26
629.70	7351.62
630.03	5713.25
630.36	9753.01
630.68	8992.34
631.01	6200.08
631.34	10740.72
631.67	6176.67
632.00	4947.89
632.32	8903.40
632.65	9827.91
632.98	7562.27
633.31	7026.29
633.64	8964.25
633.96	5703.89
634.29	10930.30
634.62	7433.54
634.95	7555.25
635.27	7307.15
635.60	8432.95
635.93	7840.79
636.26	7908.67
636.58	6415.41
636.91	6160.29
637.24	6024.54
637.57	7204.17
637.89	8243.37
638.22	6265.61
638.55	7159.70
638.87	7751.85
639.20	8692.75
639.53	7808.03
639.86	6115.82
640.18	5710.91
640.51	7328.22
640.84	7742.49
641.16	5568.13
641.49	7735.47
641.82	5727.29
642.14	5607.92
642.47	13708.52
642.80	6895.22
643.12	9284.91
643.45	6759.47
643.78	7262.68
644.10	6092.41
644.43	7049.69
644.75	10153.24
645.08	5174.92
645.41	8196.56
645.73	5757.72
646.06	15136.24
646.39	9011.06
646.71	6211.78
647.04	5944.96
647.36	5025.13
647.69	8552.32
648.01	7424.18
648.34	6015.18
648.67	9715.56
648.99	10228.14
649.32	5874.74
649.64	5301.31
649.97	4681.07
650.29	5416.00
650.62	14174.28
650.94	7190.13
651.27	11021.58
651.59	6808.62
651.92	6113.48
652.25	7913.35
652.57	5680.48
652.90	5858.36
653.22	7651.21
653.55	7651.21
653.87	4968.96
654.20	7344.60
654.52	11103.50
654.84	6724.36
655.17	8138.04
655.49	11215.85
655.82	6544.14
656.14	7599.72
656.47	8437.63
656.79	11550.54
657.12	6691.59
657.44	6415.41
657.77	8762.97
658.09	7463.97
658.41	6698.61
658.74	8463.38
659.06	5385.57
659.39	6864.79
659.71	6036.24
660.03	7101.19
660.36	6537.12
660.68	9818.55
661.01	13240.41
661.33	10387.30
661.65	6263.27
661.98	13778.73
662.30	10499.64
662.63	7136.29
662.95	6628.40
663.27	6186.04
663.60	5542.39
663.92	6942.03
664.24	6808.62
664.57	5834.96
664.89	6164.97
665.21	6242.21
665.54	9348.10
665.86	7304.81
666.18	7538.87
666.51	10237.50
666.83	6455.20
667.15	14759.42
667.47	9692.16
667.80	8147.40
668.12	5902.83
668.44	7325.88
668.77	8627.21
669.09	10118.14
669.41	8905.74
669.73	5355.15
670.06	7260.34
670.38	6712.66
670.70	5383.23
671.02	8217.62
671.35	6307.74
671.67	10429.43
671.99	6864.79
672.31	10164.95
672.63	7943.78
672.96	11126.91
673.28	6373.28
673.60	7389.07
673.92	7447.58
674.24	5912.19
674.57	6174.33
674.89	9703.86
675.21	6612.01
675.53	9067.24
675.85	10003.45
676.17	10101.75
676.50	5678.14
676.82	9837.27
677.14	7283.75
677.46	14483.24
677.78	5376.21
678.10	9465.13
678.42	7148.00
678.75	6321.79
679.07	5708.57
679.39	7070.76
679.71	6588.61
680.03	6408.39
680.35	6246.89
680.67	6539.46
680.99	5994.11
681.31	5411.32
681.63	8056.12
681.96	10225.80
682.28	6342.85
682.60	5853.68
682.92	8484.44
683.24	5158.54
683.56	8634.24
683.88	6094.76
684.20	6827.34
684.52	6410.73
684.84	6260.93
685.16	6406.05
685.48	8966.59
685.80	7726.11
686.12	8617.85
686.44	11688.64
686.76	6972.46
687.08	5411.32
687.40	5713.25
687.72	9362.14
688.04	6679.89
688.36	14633.03
688.68	11002.86
689.00	7847.82
689.32	6541.80
689.64	6380.30
689.96	6892.88
690.28	9668.75
690.60	10413.04
690.92	6263.27
691.24	8444.65
691.56	6626.06
691.88	6773.51
692.19	5891.13
692.51	9401.93
692.83	8086.55
693.15	8926.80
693.47	8107.62
693.79	7412.48
694.11	9537.68
694.43	7999.95
694.75	6885.86
695.06	7290.77
695.38	10223.46
695.70	7255.66
696.02	7428.86
696.34	6408.39
696.66	6436.47
696.98	5217.05
697.29	7276.73
697.61	11295.43
697.93	9820.89
698.25	13720.22
698.57	8049.10
698.89	5549.41
699.20	7002.88
699.52	10979.45
699.84	5205.35
700.16	6988.84
700.48	10710.29
700.79	5797.51
701.11	11946.09
701.43	9116.39
701.75	6169.65
702.07	6836.70
702.38	11775.24
702.70	6195.40
703.02	5916.87
703.34	8601.47
703.65	7506.10
703.97	6623.72
704.29	4929.17
704.61	5816.23
704.92	9053.19
705.24	6707.98
705.56	9502.58
705.87	9928.55
706.19	7094.16
706.51	6855.43
706.82	10134.52
707.14	6083.05
707.46	5228.76
707.78	5823.25
708.09	8414.23
708.41	9628.96
708.73	7639.51
709.04	10204.74
709.36	6555.84
709.68	7026.29
709.99	13322.33
710.31	10291.34
710.62	7510.78
710.94	6494.99
711.26	8051.44
711.57	6682.23
711.89	5605.58
712.21	15300.08
712.52	7208.85
712.84	10586.24
713.15	7658.23
713.47	9146.81
713.79	5507.28
714.10	6218.80
714.42	6717.34
714.73	10679.86
715.05	5394.93
715.36	5741.33
715.68	6050.28
715.99	6614.35
716.31	9703.86
716.63	8489.12
716.94	9401.93
717.26	19606.67
717.57	9338.74
717.89	11632.46
718.20	6094.76
718.52	9490.87
718.83	7183.10
719.15	14923.26
719.46	14150.88
719.78	7726.11
720.09	7030.97
720.41	6031.56
720.72	5605.58
721.04	5888.79
721.35	6972.46
721.67	6944.37
721.98	6546.48
722.29	6483.28
722.61	6223.48
722.92	5097.69
723.24	6839.05
723.55	7515.46
723.87	7803.35
724.18	8777.01
724.50	5607.92
724.81	7091.82
725.12	7171.40
725.44	8454.02
725.75	7522.48
726.07	10459.85
726.38	8369.76
726.69	6583.93
727.01	8737.22
727.32	8758.28
727.63	6710.32
727.95	10815.62
728.26	6420.09
728.58	8858.93
728.89	6431.79
729.20	7049.69
729.52	5900.49
729.83	13832.57
730.14	8503.17
730.46	7201.83
730.77	9898.13
731.08	8840.20
731.39	6745.42
731.71	7248.64
732.02	9088.30
732.33	7229.91
732.65	6649.46
732.96	10785.19
733.27	9289.59
733.59	14422.38
733.90	9729.61
734.21	5680.48
734.52	6860.11
734.84	17041.44
735.15	6628.40
735.46	6897.56
735.77	7555.25
736.09	7157.36
736.40	10843.70
736.71	9125.75
737.02	5654.73
737.33	6715.00
737.65	6810.96
737.96	7492.05
738.27	7915.69
738.58	13324.67
738.89	8545.30
739.21	6399.02
739.52	5170.24
739.83	8664.66
740.14	6162.63
740.45	7335.24
740.76	6506.69
741.08	5614.95
741.39	6965.43
741.70	6574.56
742.01	7859.52
742.32	10132.18
742.63	7695.68
742.94	6064.33
743.26	8451.67
743.57	8112.30
743.88	9359.80
744.19	7922.71
744.50	6871.81
744.81	12638.89
745.12	7091.82
745.43	7091.82
745.74	15389.02
746.05	11555.22
746.36	5338.76
746.67	12404.84
746.99	6895.22
747.30	8533.59
747.61	6551.16
747.92	7777.60
748.23	10296.02
748.54	6796.92
748.85	6918.62
749.16	7564.61
749.47	5860.70
749.78	6590.95
750.09	6307.74
750.40	8049.10
750.71	7679.30
751.02	8451.67
751.33	7103.53
751.64	8149.75
751.95	7335.24
752.26	8695.09
752.57	8917.44
752.88	6960.75
753.19	7466.31
753.50	10452.83
753.81	6867.13
754.11	7485.03
754.42	17034.42
754.73	7527.16
755.04	8042.08
755.35	7784.62
755.66	13823.20
755.97	5865.38
756.28	5872.40
756.59	8774.67
756.90	17352.73
757.21	8205.92
757.52	11346.92
757.82	8231.66
758.13	6509.03
758.44	9994.09
758.75	8800.41
759.06	6527.75
759.37	6031.56
759.68	8128.68
759.98	6375.62
760.29	8690.41
760.60	7801.01
760.91	5488.56
761.22	7042.67
761.53	7740.15
761.83	6279.66
762.14	7426.52
762.45	6466.90
762.76	5717.93
763.07	8355.71
763.37	16332.26
763.68	11442.88
763.99	13439.36
764.30	11768.21
764.60	6417.75
764.91	10340.49
765.22	7740.15
765.53	13378.50
765.84	8072.51
766.14	7026.29
766.45	5523.66
766.76	11094.14
767.06	12051.42
767.37	6911.60
767.68	7517.80
767.99	6808.62
768.29	6485.62
768.60	7243.96
768.91	10272.61
769.21	12940.82
769.52	11386.71
769.83	7372.69
770.13	7358.64
770.44	7019.27
770.75	9055.53
771.05	7562.27
771.36	8898.72
771.67	7604.40
771.97	6904.58
772.28	7150.34
772.59	7887.61
772.89	9624.28
773.20	6527.75
773.51	6450.52
773.81	11669.91
774.12	5982.41
774.42	7332.90
774.73	6059.65
775.04	6148.59
775.34	21528.25
775.65	8400.18
775.95	12795.71
776.26	8273.79
776.56	6717.34
776.87	8472.74
777.18	65535.00
777.48	17465.08
777.79	7822.07
778.09	10981.79
778.40	6920.96
778.70	6862.45
779.01	10906.90
779.31	7653.55
779.62	6766.49
779.92	8985.32
780.23	8638.92
780.53	5689.84
780.84	7124.59
781.14	6581.59
781.45	6417.75
781.75	9376.19
782.06	6267.95
782.36	8222.30
782.67	6209.44
782.97	6375.62
783.28	13289.56
783.58	6885.86
783.89	6602.65
784.19	8643.60
784.49	12683.36
784.80	7148.00
785.10	13036.78
785.41	6139.23
785.71	8662.32
786.02	8374.44
786.32	14057.26
786.62	9198.31
786.93	11964.82
787.23	6630.74
787.54	7082.46
787.84	12503.14
788.14	8585.08
788.45	5399.62
788.75	8404.86
789.05	5930.92
789.36	7372.69
789.66	13919.17
789.96	9338.74
790.27	7503.76
790.57	7508.44
790.87	6249.23
791.18	6562.86
791.48	6258.59
791.78	8308.90
792.09	8961.91
792.39	6427.11
792.69	9392.57
793.00	8472.74
793.30	8879.99
793.60	5877.09
793.90	5528.35
794.21	8400.18
794.51	17130.38
794.81	10663.48
795.11	7433.54
795.42	6609.67
795.72	11456.92
796.02	9408.95
796.32	8353.37
796.63	8521.89
796.93	10207.08
797.23	9179.58
797.53	8053.78
797.84	10567.52
798.14	6345.19
798.44	8212.94
798.74	8678.71
799.04	8166.13
799.34	5893.47
799.65	16027.99
799.95	7894.63
800.25	7066.08
800.55	6813.30
800.85	7990.59
801.15	6265.61
801.46	7318.86
801.76	17919.14
802.06	6586.27
802.36	9413.63
802.66	6658.82
802.96	9184.26
803.26	10904.56
803.56	13275.52
803.87	16538.23
804.17	7239.28
804.47	9547.05
804.77	10466.88
805.07	10843.70
805.37	9563.43
805.67	9210.01
805.97	6960.75
806.27	7342.26
806.57	6771.17
806.87	11683.95
807.17	8074.85
807.47	11623.10
807.77	11101.16
808.07	6743.08
808.37	11700.34
808.67	7896.97
808.98	15672.23
809.28	6909.26
809.58	16035.01
809.88	10420.06
810.18	14464.51
810.47	7187.79
810.77	7225.23
811.07	9329.38
811.37	8648.28
811.67	6218.80
811.97	5448.77
812.27	6193.06
812.57	5416.00
812.87	6745.42
813.17	6232.85
813.47	6148.59
813.77	6839.05
814.07	6623.72
814.37	9975.36
814.67	6436.47
814.97	7368.01
815.27	6282.00
815.56	8688.07
815.86	11164.36
816.16	8042.08
816.46	5872.40
816.76	6377.96
817.06	10487.94
817.36	12128.66
817.66	7627.81
817.95	6003.47
818.25	8414.23
818.55	9987.07
818.85	9446.40
819.15	6885.86
819.45	13198.28
819.75	7396.09
820.04	7405.46
820.34	15749.46
820.64	9951.96
820.94	12676.34
821.24	6958.41
821.53	7103.53
821.83	6560.52
822.13	5980.07
822.43	7037.99
822.72	5825.59
823.02	6450.52
823.32	6174.33
823.62	8023.36
823.91	14834.32
824.21	5764.74
824.51	8484.44
824.81	6984.16
825.10	5750.70
825.40	9315.33
825.70	7667.60
826.00	12772.30
826.29	6630.74
826.59	8152.09
826.89	6944.37
827.18	6321.79
827.48	6434.13
827.78	6125.18
828.07	7569.29
828.37	9497.89
828.67	8264.43
828.96	7585.68
829.26	6429.45
829.56	10649.44
829.85	6469.24
830.15	8332.31
830.45	5717.93
830.74	12255.04
831.04	9390.23
831.34	10164.95
831.63	13666.39
831.93	9783.44
832.22	9261.50
832.52	7501.42
832.82	5954.32
833.11	6043.26
833.41	6270.30
833.70	6789.89
834.00	10202.40
834.29	7749.51
834.59	5650.05
834.89	8477.42
835.18	6981.82
835.48	12849.54
835.77	9109.36
836.07	9296.61
836.36	9053.19
836.66	10284.31
836.95	7265.02
837.25	6434.13
837.54	7351.62
837.84	6583.93
838.13	7990.59
838.43	6471.58
838.72	13694.47
839.02	10530.07
839.31	6349.87
839.61	10668.16
839.90	5586.86
840.20	7630.15
840.49	5991.77
840.78	8231.66
841.08	9282.56
841.37	6778.19
841.67	5909.85
841.96	8896.38
842.26	7974.21
842.55	5650.05
842.84	6054.97
843.14	10043.24
843.43	5722.61
843.73	7339.92
844.02	5659.42
844.31	7133.95
844.61	6707.98
844.90	8465.72
845.20	7581.00
845.49	5298.97
845.78	6799.26
846.08	5851.34
846.37	4954.91
846.66	8557.00
846.96	8816.80
847.25	8358.05
847.54	5689.84
847.84	9036.81
848.13	7117.57
848.42	9853.66
848.72	6352.21
849.01	8964.25
849.30	6438.81
849.59	6031.56
849.89	6324.13
850.18	12231.64
850.47	6263.27
850.76	16074.80
851.06	14434.08
851.35	8402.52
851.64	9722.59
851.93	7918.03
852.23	10637.73
852.52	6895.22
852.81	6600.31
853.10	6422.43
853.40	5369.19
853.69	5661.76
853.98	7382.05
854.27	9603.22
854.56	6551.16
854.86	8659.98
855.15	7662.91
855.44	8112.30
855.73	5448.77
856.02	6576.91
856.31	9579.81
856.61	8145.06
856.90	6712.66
857.19	5755.38
857.48	5682.82
857.77	5811.55
858.06	5062.58
858.35	5628.99
858.65	11042.65
858.94	9177.24
859.23	6998.20
859.52	10223.46
859.81	11892.26
860.10	6502.01
860.39	9107.02
860.68	7620.78
860.97	6069.01
861.26	6438.81
861.55	11936.73
861.85	7630.15
862.14	9270.86
862.43	9495.55
862.72	7719.09
863.01	5657.07
863.30	6766.49
863.59	7346.94
863.88	7023.95
864.17	7260.34
864.46	6209.44
864.75	14267.91
865.04	7695.68
865.33	5895.81
865.62	10733.70
865.91	6476.26
866.20	8643.60
866.49	6743.08
866.78	6736.06
867.07	6768.83
867.36	10134.52
867.65	9860.68
867.93	8840.20
868.22	7246.30
868.51	6981.82
868.80	7470.99
869.09	7009.90
869.38	6171.99
869.67	12243.34
869.96	12243.34
870.25	12243.34
