178.76	1689.87
179.14	1689.87
179.52	1689.87
179.90	1645.40
180.28	11625.44
180.66	10148.56
181.04	10097.07
181.42	7716.75
181.80	6619.04
182.18	11548.20
182.55	6026.88
182.93	7691.00
183.31	7440.56
183.69	8226.98
184.07	8603.81
184.45	7372.69
184.83	7602.06
185.21	6801.60
185.59	7012.24
185.97	17116.34
186.35	12484.42
186.72	7328.22
187.10	7541.21
187.48	12168.45
187.86	9383.21
188.24	6918.62
188.62	6413.07
189.00	11543.52
189.38	8360.39
189.75	8395.50
190.13	8372.10
190.51	6555.84
190.89	15978.84
191.27	22317.01
191.65	7105.87
192.03	8138.04
192.40	10820.30
192.78	8032.72
193.16	9179.58
193.54	13132.75
193.92	11335.21
194.30	6825.00
194.67	9944.94
195.05	8692.75
195.43	7494.40
195.81	7180.76
196.19	11363.30
196.56	8217.62
196.94	7541.21
197.32	12311.22
197.70	6967.77
198.08	8889.35
198.45	7012.24
198.83	7864.20
199.21	7098.84
199.59	12720.81
199.97	8528.91
200.34	6139.23
200.72	6977.14
201.10	14860.06
201.48	10434.11
201.85	6686.91
202.23	7101.19
202.61	6738.40
202.99	16606.10
203.36	6806.28
203.74	9500.23
204.12	7658.23
204.49	6750.10
204.87	9324.69
205.25	7431.20
205.63	5968.37
206.00	6766.49
206.38	8297.20
206.76	9916.85
207.14	6843.73
207.51	6043.26
207.89	11351.60
208.27	6649.46
208.64	5643.03
209.02	6906.92
209.40	7283.75
209.77	5870.06
210.15	16161.40
210.53	6080.71
210.90	11852.47
211.28	6438.81
211.66	12571.02
212.03	6724.36
212.41	5846.66
212.79	7679.30
213.16	6174.33
213.54	7934.42
213.92	8292.52
214.29	5809.21
214.67	6803.94
215.05	7101.19
215.42	9722.59
215.80	6942.03
216.17	6970.12
216.55	8276.13
216.93	6038.58
217.30	9287.25
217.68	6731.38
218.05	7045.01
218.43	6944.37
218.81	7122.25
219.18	11480.33
219.56	7169.06
219.93	6853.09
220.31	6918.62
220.69	6066.67
221.06	6335.83
221.44	8121.66
221.81	6415.41
222.19	5867.72
222.56	6377.96
222.94	7190.13
223.32	7929.74
223.69	6452.86
224.07	9352.78
224.44	10263.25
224.82	7955.48
225.19	8788.71
225.57	7627.81
225.94	7023.95
226.32	7590.36
226.69	13055.51
227.07	8917.44
227.44	7054.37
227.82	8287.84
228.19	7307.15
228.57	9062.55
228.94	12465.69
229.32	9844.29
229.69	9350.44
230.07	7012.24
230.44	6480.94
230.82	11445.22
231.19	9848.97
231.57	5893.47
231.94	5966.03
232.32	16039.69
232.69	7358.64
233.07	7674.62
233.44	7213.53
233.82	7197.15
234.19	7777.60
234.57	10544.11
234.94	6637.76
235.31	7091.82
235.69	7424.18
236.06	7831.43
236.44	8915.10
236.81	6148.59
237.19	8355.71
237.56	12388.46
237.93	6595.63
238.31	8049.10
238.68	7288.43
239.06	7892.29
239.43	9195.96
239.81	8393.16
240.18	6249.23
240.55	6590.95
240.93	13628.94
241.30	8142.72
241.67	7438.22
242.05	9011.06
242.42	10094.73
242.80	6118.16
243.17	8299.54
243.54	7995.27
243.92	9549.39
244.29	7337.58
244.66	7850.16
245.04	10864.77
245.41	16901.01
245.78	6190.72
246.16	7012.24
246.53	9137.45
246.90	7541.21
247.28	13937.89
247.65	7421.84
248.02	7548.23
248.40	10520.71
248.77	7817.39
249.14	8809.78
249.52	7265.02
249.89	8826.16
250.26	6506.69
250.64	7889.95
251.01	16142.67
251.38	5919.21
251.75	7676.96
252.13	6953.73
252.50	9568.11
252.87	14097.05
253.25	6120.50
253.62	8320.60
253.99	6080.71
254.36	9781.10
254.74	6881.18
255.11	6333.49
255.48	5809.21
255.85	14890.49
256.23	5968.37
256.60	5750.70
256.97	7288.43
257.34	8585.08
257.71	8037.40
258.09	7204.17
258.46	8119.32
258.83	12044.40
259.20	10267.93
259.58	7349.28
259.95	7653.55
260.32	9884.08
260.69	6253.91
261.06	11791.62
261.44	6518.39
261.81	13879.38
262.18	8182.51
262.55	6490.31
262.92	7569.29
263.29	6855.43
263.67	6001.13
264.04	6775.85
264.41	7155.02
264.78	6633.08
265.15	10862.43
265.52	13207.64
265.90	7859.52
266.27	6686.91
266.64	5973.05
267.01	5657.07
267.38	8444.65
267.75	6469.24
268.12	5600.90
268.50	7258.00
268.87	6696.27
269.24	6237.53
269.61	8002.29
269.98	8760.63
270.35	8432.95
270.72	6274.98
271.09	7314.17
271.46	6899.90
271.83	8285.50
272.21	9699.18
272.58	6518.39
272.95	6757.13
273.32	7786.96
273.69	7655.89
274.06	5872.40
274.43	6649.46
274.80	7475.67
275.17	8290.18
275.54	12545.27
275.91	7623.12
276.28	7698.02
276.65	8145.06
277.02	11824.39
277.39	6593.29
277.76	6457.54
278.13	8882.33
278.50	9078.94
278.87	11063.71
279.24	9827.91
279.61	8954.89
279.98	12058.44
280.35	6890.54
280.72	8042.08
281.09	7513.12
281.46	7999.95
281.83	6551.16
282.20	8386.14
282.57	7000.54
282.94	8622.53
283.31	6960.75
283.68	8407.20
284.05	5987.09
284.42	5921.56
284.79	8100.59
285.16	9025.11
285.53	7801.01
285.90	7840.79
286.27	15676.91
286.64	6054.97
287.01	6565.20
287.38	9027.45
287.75	60217.30
288.12	9057.87
288.49	17399.54
288.86	6392.00
289.23	6466.90
289.59	6654.14
289.96	6473.92
290.33	6740.74
290.70	7236.94
291.07	9067.24
291.44	8500.83
291.81	6511.37
292.18	7749.51
292.55	6920.96
292.91	13378.50
293.28	8676.37
293.65	11576.29
294.02	8505.51
294.39	5886.45
294.76	7552.91
295.13	7859.52
295.50	7588.02
295.86	7578.65
296.23	7026.29
296.60	6342.85
296.97	7054.37
297.34	7508.44
297.71	9596.20
298.07	7742.49
298.44	5753.04
298.81	8421.25
299.18	7960.16
299.55	11311.81
299.91	7552.91
300.28	7808.03
300.65	5776.44
301.02	8049.10
301.39	8877.65
301.75	14319.40
302.12	8723.18
302.49	7389.07
302.86	11243.93
303.23	7950.80
303.59	6441.15
303.96	18302.99
304.33	10216.44
304.70	15768.19
305.06	7005.22
305.43	10923.28
305.80	8704.45
306.17	9659.39
306.53	6757.13
306.90	10183.67
307.27	7723.77
307.64	11351.60
308.00	6918.62
308.37	7077.78
308.74	12910.40
309.11	9551.73
309.47	6787.55
309.84	6036.24
310.21	7688.66
310.57	7978.89
310.94	7037.99
311.31	7786.96
311.67	8266.77
312.04	5788.14
312.41	10534.75
312.77	8678.71
313.14	6750.10
313.51	7412.48
313.87	6897.56
314.24	6803.94
314.61	6892.88
314.97	7080.12
315.34	7681.64
315.71	5982.41
316.07	9563.43
316.44	6293.70
316.81	9153.84
317.17	6590.95
317.54	16601.42
317.91	6829.68
318.27	5750.70
318.64	7227.57
319.00	9523.64
319.37	5811.55
319.74	10008.13
320.10	10258.57
320.47	7037.99
320.83	11564.59
321.20	7302.47
321.57	6354.55
321.93	7082.46
322.30	7981.23
322.66	6588.61
323.03	9509.60
323.40	8547.64
323.76	6871.81
324.13	6998.20
324.49	5715.59
324.86	19711.99
325.22	7805.69
325.59	7351.62
325.95	8210.60
326.32	9914.51
326.68	9661.73
327.05	7485.03
327.42	6429.45
327.78	6677.55
328.15	9912.17
328.51	6649.46
328.88	7705.04
329.24	11857.15
329.61	7707.38
329.97	8898.72
330.34	6747.76
330.70	7763.56
331.07	11524.80
331.43	8938.51
331.80	13804.48
332.16	10803.91
332.52	6392.00
332.89	8620.19
333.25	5645.37
333.62	12961.89
333.98	7534.18
334.35	6576.91
334.71	7573.97
335.08	6026.88
335.44	12587.40
335.81	12816.77
336.17	10785.19
336.53	7609.08
336.90	6366.26
337.26	8912.76
337.63	14504.30
337.99	8161.45
338.36	6356.90
338.72	9430.02
339.08	7655.89
339.45	6143.91
339.81	9881.74
340.18	7117.57
340.54	10806.25
340.90	6787.55
341.27	7407.80
341.63	8800.41
341.99	5479.19
342.36	10885.83
342.72	6260.93
343.09	11059.03
343.45	6724.36
343.81	11208.83
344.18	5865.38
344.54	7424.18
344.90	8128.68
345.27	7726.11
345.63	7309.49
345.99	9198.31
346.36	7763.56
346.72	6209.44
347.08	6293.70
347.45	5832.62
347.81	10527.73
348.17	8067.83
348.54	5947.30
348.90	9453.42
349.26	10197.71
349.62	11281.38
349.99	5626.65
350.35	5352.81
350.71	8196.56
351.08	7585.68
351.44	5418.34
351.80	14134.50
352.16	12072.48
352.53	6272.64
352.89	8765.31
353.25	11707.36
353.61	6923.30
353.98	9114.05
354.34	10562.84
354.70	6607.33
355.06	6230.51
355.43	7611.42
355.79	6979.48
356.15	6822.66
356.51	6094.76
356.88	6319.45
357.24	7000.54
357.60	5720.27
357.96	5556.43
358.32	16119.27
358.69	5624.31
359.05	8351.03
359.41	7932.08
359.77	6104.12
360.13	6380.30
360.49	6221.14
360.86	9331.72
361.22	11985.88
361.58	8198.90
361.94	11632.46
362.30	6071.35
362.66	8865.95
363.03	5329.40
363.39	5308.34
363.75	6478.60
364.11	10560.50
364.47	6518.39
364.83	11353.94
365.19	8035.06
365.56	9308.31
365.92	5558.77
366.28	9008.72
366.64	10274.95
367.00	5643.03
367.36	5624.31
367.72	10415.38
368.08	10052.60
368.44	6801.60
368.80	8851.91
369.17	6876.49
369.53	7133.95
369.89	6282.00
370.25	6455.20
370.61	6492.65
370.97	11398.41
371.33	6663.51
371.69	13493.19
372.05	8659.98
372.41	6132.20
372.77	6876.49
373.13	8042.08
373.49	5254.50
373.85	8418.91
374.21	7763.56
374.57	6005.81
374.93	8905.74
375.29	9444.06
375.65	7903.99
376.01	7641.85
376.37	10682.20
376.73	8821.48
377.09	5907.51
377.45	10314.74
377.81	7243.96
378.17	6228.17
378.53	5549.41
378.89	8807.44
379.25	11665.23
379.61	15021.56
379.97	9902.81
380.33	6773.51
380.69	6502.01
381.05	5975.39
381.41	9483.85
381.77	7494.40
382.13	9053.19
382.49	15723.72
382.85	7651.21
383.21	9078.94
383.57	5621.97
383.93	11096.48
384.28	5275.57
384.64	6883.52
385.00	8173.15
385.36	7625.47
385.72	9425.34
386.08	6197.74
386.44	9158.52
386.80	9149.15
387.16	12545.27
387.52	10064.30
387.87	14326.42
388.23	8245.71
388.59	6415.41
388.95	5708.57
389.31	7150.34
389.67	6995.86
390.03	6553.50
390.38	6738.40
390.74	5341.10
391.10	9722.59
391.46	7866.54
391.82	6218.80
392.18	8669.34
392.54	5125.77
392.89	5813.89
393.25	8793.39
393.61	6054.97
393.97	5657.07
394.33	8299.54
394.68	7318.86
395.04	5797.51
395.40	7770.58
395.76	9692.16
396.12	7906.33
396.47	6122.84
396.83	7346.94
397.19	5825.59
397.55	6003.47
397.90	7597.38
398.26	7595.04
398.62	5884.11
398.98	5165.56
399.33	6935.01
399.69	26630.62
400.05	8535.93
400.41	6071.35
400.76	8959.57
401.12	10719.65
401.48	8173.15
401.84	6384.98
402.19	6558.18
402.55	8269.11
402.91	7492.05
403.26	5661.76
403.62	8685.73
403.98	7363.33
404.34	4908.10
404.69	7337.58
405.05	9535.34
405.41	14885.81
405.76	6113.48
406.12	6321.79
406.48	7073.10
406.83	6403.71
407.19	8723.18
407.55	8184.85
407.90	14831.97
408.26	8847.22
408.62	9884.08
408.97	7353.96
409.33	5633.67
409.68	5966.03
410.04	8114.64
410.40	6282.00
410.75	8669.34
411.11	5991.77
411.47	7946.12
411.82	6904.58
412.18	7496.74
412.53	6958.41
412.89	6471.58
413.25	7424.18
413.60	7513.12
413.96	5500.26
414.31	6569.88
414.67	7744.83
415.03	5502.60
415.38	5940.28
415.74	6787.55
416.09	6923.30
416.45	8994.68
416.80	6174.33
417.16	8870.63
417.51	7056.72
417.87	6665.85
418.23	8056.12
418.58	8528.91
418.94	4957.25
419.29	6370.94
419.65	8086.55
420.00	9357.46
420.36	8189.53
420.71	8496.14
421.07	5743.67
421.42	7569.29
421.78	9591.52
422.13	7091.82
422.49	7016.93
422.84	7620.78
423.20	5392.59
423.55	5720.27
423.91	5607.92
424.26	14773.46
424.61	8545.30
424.97	12126.32
425.32	6331.15
425.68	6785.21
426.03	8072.51
426.39	10958.39
426.74	10539.43
427.10	9879.40
427.45	6455.20
427.80	8044.42
428.16	7208.85
428.51	7255.66
428.87	8250.39
429.22	10026.86
429.58	11012.22
429.93	10824.98
430.28	6237.53
430.64	6691.59
430.99	5455.79
431.35	7946.12
431.70	6892.88
432.05	6995.86
432.41	8449.33
432.76	8107.62
433.11	8229.32
433.47	7894.63
433.82	11077.76
434.17	8308.90
434.53	9467.47
434.88	14934.96
435.24	7950.80
435.59	7655.89
435.94	5851.34
436.30	8620.19
436.65	6686.91
437.00	10029.20
437.35	17170.17
437.71	6930.33
438.06	6534.78
438.41	6494.99
438.77	8498.49
439.12	5521.32
439.47	4987.68
439.83	8039.74
440.18	5486.22
440.53	6722.02
440.88	12807.41
441.24	8964.25
441.59	6806.28
441.94	6803.94
442.30	8634.24
442.65	13118.70
443.00	7344.60
443.35	10932.64
443.71	6862.45
444.06	9921.53
444.41	8432.95
444.76	11946.09
445.11	7438.22
445.47	10619.01
445.82	9661.73
446.17	6221.14
446.52	11269.68
446.88	7588.02
447.23	5366.85
447.58	8259.75
447.93	6249.23
448.28	31012.10
448.63	11529.48
448.99	7169.06
449.34	8746.58
449.69	9198.31
450.04	6558.18
450.39	6553.50
450.74	7274.38
451.10	7178.42
451.45	7939.10
451.80	8004.63
452.15	10319.42
452.50	8428.27
452.85	10391.98
453.21	9359.80
453.56	8044.42
453.91	6995.86
454.26	7683.98
454.61	6054.97
454.96	8861.27
455.31	7009.90
455.66	6649.46
456.01	8608.49
456.36	6661.16
456.72	6244.55
457.07	8056.12
457.42	10815.62
457.77	9568.11
458.12	6066.67
458.47	7599.72
458.82	10195.37
459.17	7454.61
459.52	7698.02
459.87	37502.40
460.22	6272.64
460.57	7595.04
460.92	6457.54
461.27	8475.08
461.62	6862.45
461.97	6303.06
462.32	12627.19
462.67	11379.68
463.02	14195.35
463.38	14546.43
463.73	9270.86
464.08	12966.57
464.43	7995.27
464.78	5863.04
465.12	8702.11
465.47	8933.82
465.82	31866.39
466.17	6682.23
466.52	9083.62
466.87	6619.04
467.22	6345.19
467.57	5341.10
467.92	7995.27
468.27	11602.04
468.62	15599.67
468.97	7218.21
469.32	5561.11
469.67	16587.38
470.02	14855.38
470.37	6382.64
470.72	8016.33
471.07	5572.82
471.42	6960.75
471.76	7227.57
472.11	6960.75
472.46	8943.19
472.81	16006.92
473.16	6993.52
473.51	6251.57
473.86	5420.68
474.21	6920.96
474.56	6595.63
474.90	6630.74
475.25	10171.97
475.60	9280.22
475.95	6448.18
476.30	11847.79
476.65	10918.60
477.00	15747.12
477.34	11812.68
477.69	5846.66
478.04	9788.12
478.39	7665.25
478.74	6214.12
479.09	5373.87
479.43	23040.23
479.78	5593.88
480.13	13729.58
480.48	10593.26
480.83	7646.53
481.17	5624.31
481.52	8177.83
481.87	6918.62
482.22	12320.58
482.57	7030.97
482.91	9628.96
483.26	8355.71
483.61	6832.02
483.96	7866.54
484.30	65535.00
484.65	13092.96
485.00	6188.38
485.35	7204.17
485.69	6260.93
486.04	6892.88
486.39	8135.70
486.74	8142.72
487.08	5640.69
487.43	8322.94
487.78	5221.74
488.12	8648.28
488.47	6319.45
488.82	11103.50
489.17	6321.79
489.51	5350.46
489.86	8402.52
490.21	5343.44
490.55	8124.00
490.90	5483.88
491.25	6633.08
491.59	5743.67
491.94	13570.43
492.29	6487.96
492.63	7255.66
492.98	4957.25
493.33	7723.77
493.67	6665.85
494.02	5746.02
494.37	5797.51
494.71	8748.92
495.06	6424.77
495.40	11115.20
495.75	6291.36
496.10	11002.86
496.44	8561.68
496.79	8779.35
497.13	6054.97
497.48	15220.50
497.83	10801.57
498.17	8800.41
498.52	6609.67
498.86	9315.33
499.21	8107.62
499.56	6150.93
499.90	7028.63
500.25	5614.95
500.59	7370.35
500.94	8138.04
501.28	9149.15
501.63	10195.37
501.97	6628.40
502.32	6120.50
502.67	8348.69
503.01	5610.26
503.36	6438.81
503.70	6349.87
504.05	8739.56
504.39	9423.00
504.74	7094.16
505.08	11571.61
505.43	5048.54
505.77	5856.02
506.12	7793.98
506.46	6932.67
506.81	6040.92
507.15	6031.56
507.49	6801.60
507.84	5987.09
508.18	8004.63
508.53	7693.34
508.87	7524.82
509.22	6909.26
509.56	65535.00
509.91	20023.28
510.25	7363.33
510.60	5383.23
510.94	11096.48
511.28	5128.11
511.63	9975.36
511.97	8257.41
512.32	9434.70
512.66	5989.43
513.00	7419.50
513.35	9989.41
513.69	6101.78
514.04	8889.35
514.38	9320.01
514.72	7999.95
515.07	6097.10
515.41	6024.54
515.76	6216.46
516.10	8341.67
516.44	9408.95
516.79	6424.77
517.13	5603.24
517.47	10085.37
517.82	7683.98
518.16	8615.51
518.50	7712.07
518.85	8098.25
519.19	10970.09
519.53	14324.08
519.88	9561.09
520.22	6984.16
520.56	7440.56
520.91	5603.24
521.25	5909.85
521.59	7323.54
521.93	8292.52
522.28	6853.09
522.62	7382.05
522.96	9860.68
523.31	7009.90
523.65	8425.93
523.99	9275.54
524.33	12292.49
524.68	8713.81
525.02	5636.01
525.36	8142.72
525.70	5518.98
526.05	6410.73
526.39	5959.00
526.73	8685.73
527.07	7700.36
527.41	11178.40
527.76	6052.63
528.10	7138.63
528.44	8318.26
528.78	7218.21
529.12	8901.06
529.47	6890.54
529.81	9792.80
530.15	9853.66
530.49	8517.21
530.83	5369.19
531.18	5839.64
531.52	7094.16
531.86	5650.05
532.20	7578.65
532.54	10125.16
532.88	5144.50
533.22	6890.54
533.57	6389.66
533.91	11421.81
534.25	5692.18
534.59	11543.52
534.93	9116.39
535.27	6263.27
535.61	6967.77
535.95	11513.10
536.30	8629.56
536.64	7424.18
536.98	4791.08
537.32	6780.53
537.66	5111.73
538.00	8580.40
538.34	8910.42
538.68	8491.46
539.02	12360.37
539.36	6462.22
539.70	5617.29
540.04	7358.64
540.39	21095.25
540.73	6157.95
541.07	7370.35
541.41	8086.55
541.75	8119.32
542.09	10623.69
542.43	8196.56
542.77	7398.43
543.11	7948.46
543.45	7576.31
543.79	9956.64
544.13	6937.35
544.47	6958.41
544.81	6186.04
545.15	8634.24
545.49	7143.32
545.83	5905.17
546.17	6846.07
546.51	5097.69
546.85	6635.42
547.19	11742.47
547.53	5589.20
547.87	9018.08
548.21	12793.37
548.54	7480.35
548.88	6335.83
549.22	6045.60
549.56	5568.13
549.90	6478.60
550.24	7276.73
550.58	6099.44
550.92	10415.38
551.26	6679.89
551.60	11808.00
551.94	6668.19
552.28	6581.59
552.61	8800.41
552.95	8678.71
553.29	6490.31
553.63	7585.68
553.97	11925.03
554.31	9832.59
554.65	11077.76
554.99	10848.38
555.32	6626.06
555.66	8636.58
556.00	4983.00
556.34	7084.80
556.68	7742.49
557.02	9834.93
557.36	7747.17
557.69	7281.41
558.03	6375.62
558.37	13291.90
558.71	15704.99
559.05	11023.92
559.38	12175.47
559.72	6026.88
560.06	9081.28
560.40	8678.71
560.74	10410.70
561.07	8285.50
561.41	9413.63
561.75	8390.82
562.09	10506.66
562.42	9673.43
562.76	8891.70
563.10	7728.45
563.44	25846.54
563.77	8016.33
564.11	8610.83
564.45	10424.75
564.79	8762.97
565.12	7616.10
565.46	7974.21
565.80	8238.69
566.14	7957.82
566.47	10090.05
566.81	6019.86
567.15	7873.56
567.48	8507.85
567.82	8685.73
568.16	7606.74
568.49	6143.91
568.83	5708.57
569.17	7386.73
569.50	8407.20
569.84	11623.10
570.18	8339.33
570.51	11838.43
570.85	7243.96
571.19	6888.20
571.52	6291.36
571.86	9895.78
572.20	6853.09
572.53	11524.80
572.87	6197.74
573.21	5966.03
573.54	5746.02
573.88	8138.04
574.21	7604.40
574.55	7304.81
574.89	6593.29
575.22	9610.24
575.56	6569.88
575.89	6448.18
576.23	6855.43
576.57	8432.95
576.90	6291.36
577.24	7920.37
577.57	5856.02
577.91	8030.38
578.24	5476.85
578.58	7173.74
578.91	8648.28
579.25	6296.04
579.59	7719.09
579.92	7211.19
580.26	5966.03
580.59	8379.12
580.93	8159.11
581.26	6890.54
581.60	8353.37
581.93	8854.25
582.27	11920.35
582.60	5912.19
582.94	7861.86
583.27	5802.19
583.61	7007.56
583.94	7913.35
584.28	5509.62
584.61	6740.74
584.94	8669.34
585.28	8524.23
585.61	9879.40
585.95	8739.56
586.28	12182.49
586.62	13928.53
586.95	7410.14
587.29	12982.95
587.62	10509.01
587.95	5830.27
588.29	8093.57
588.62	8950.21
588.96	9652.37
589.29	6647.12
589.62	6647.12
589.96	7082.46
590.29	6602.65
590.63	5680.48
590.96	9224.05
591.29	9687.48
591.63	10129.84
591.96	5867.72
592.29	6899.90
592.63	6546.48
592.96	8098.25
593.30	12486.76
593.63	8112.30
593.96	6073.69
594.30	6743.08
594.63	8414.23
594.96	12395.48
595.30	7396.09
595.63	6853.09
595.96	6289.02
596.29	8439.97
596.63	6878.83
596.96	9252.14
597.29	8601.47
597.63	5504.94
597.96	10555.82
598.29	10368.57
598.63	9865.36
598.96	6389.66
599.29	6588.61
599.62	6464.56
599.96	6422.43
600.29	7119.91
600.62	6015.18
600.95	6558.18
601.29	7101.19
601.62	8264.43
601.95	7339.92
602.28	6380.30
602.61	43711.84
602.95	7784.62
603.28	12634.21
603.61	6373.28
603.94	10050.26
604.27	6083.05
604.61	8987.66
604.94	8458.70
605.27	7999.95
605.60	6029.22
605.93	6539.46
606.27	9888.76
606.60	7358.64
606.93	5626.65
607.26	11653.53
607.59	7527.16
607.92	10132.18
608.26	7056.72
608.59	6443.49
608.92	7152.68
609.25	5736.65
609.58	8147.40
609.91	8851.91
610.24	14593.24
610.57	8606.15
610.90	10097.07
611.24	5423.02
611.57	5514.30
611.90	9469.81
612.23	7314.17
612.56	9446.40
612.89	9064.89
613.22	9289.59
613.55	5556.43
613.88	10010.47
614.21	6139.23
614.54	8086.55
614.87	6237.53
615.20	4933.85
615.53	10516.03
615.87	6450.52
616.20	7620.78
616.53	10778.17
616.86	7379.71
617.19	8610.83
617.52	6527.75
617.85	6658.82
618.18	6424.77
618.51	6878.83
618.84	9025.11
619.17	7211.19
619.50	11564.59
619.83	10843.70
620.16	9217.03
620.49	6499.67
620.82	15070.71
621.14	11311.81
621.47	7019.27
621.80	10186.01
622.13	7829.09
622.46	15648.82
622.79	9060.21
623.12	5888.79
623.45	9701.52
623.78	9383.21
624.11	6010.50
624.44	8187.19
624.77	6256.25
625.10	6434.13
625.43	5989.43
625.75	7712.07
626.08	6282.00
626.41	6162.63
626.74	10249.21
627.07	6927.99
627.40	13064.87
627.73	6846.07
628.06	6223.48
628.38	5013.43
628.71	9341.08
629.04	10434.11
629.37	10076.01
629.70	7957.82
630.03	6146.25
630.36	10523.05
630.68	9460.45
631.01	6579.25
631.34	11433.52
631.67	6604.99
632.00	5198.33
632.32	9727.27
632.65	10682.20
632.98	8021.02
633.31	7442.90
633.64	9706.20
633.96	6106.46
634.29	11751.83
634.62	7822.07
634.95	8124.00
635.27	7831.43
635.60	9542.36
635.93	8217.62
636.26	8407.20
636.58	6885.86
636.91	6707.98
637.24	6499.67
637.57	7901.65
637.89	8723.18
638.22	6628.40
638.55	7967.18
638.87	8063.15
639.20	9303.63
639.53	8847.22
639.86	6551.16
640.18	5998.79
640.51	7772.92
640.84	8196.56
641.16	5905.17
641.49	8500.83
641.82	6113.48
642.14	6111.14
642.47	15049.64
642.80	7288.43
643.12	9916.85
643.45	7281.41
643.78	7634.83
644.10	6534.78
644.43	7611.42
644.75	10773.49
645.08	5476.85
645.41	8697.43
645.73	6209.44
646.06	16081.82
646.39	9507.26
646.71	6630.74
647.04	6251.57
647.36	5460.47
647.69	9221.71
648.01	7751.85
648.34	6480.94
648.67	10485.60
648.99	11044.99
649.32	6368.60
649.64	5755.38
649.97	5287.27
650.29	5895.81
650.62	15541.16
650.94	7772.92
651.27	11852.47
651.59	7410.14
651.92	6647.12
652.25	11283.72
652.57	6181.35
652.90	6214.12
653.22	8131.02
653.55	8124.00
653.87	5441.75
654.20	7641.85
654.52	11698.00
654.84	7208.85
655.17	8748.92
655.49	12154.40
655.82	6855.43
656.14	8374.44
656.47	11602.04
656.79	12549.95
657.12	7042.67
657.44	6813.30
657.77	9432.36
658.09	8039.74
658.41	7316.51
658.74	9060.21
659.06	5767.08
659.39	7339.92
659.71	6548.82
660.03	7466.31
660.36	7101.19
660.68	10548.79
661.01	14218.75
661.33	11370.32
661.65	6628.40
661.98	14773.46
662.30	15124.54
662.63	7765.90
662.95	7124.59
663.27	6537.12
663.60	5947.30
663.92	7344.60
664.24	7260.34
664.57	6120.50
664.89	6490.31
665.21	6691.59
665.54	10101.75
665.86	7658.23
666.18	7971.86
666.51	11204.14
666.83	6684.57
667.15	15857.13
667.47	10230.48
667.80	8772.33
668.12	6338.17
668.44	7801.01
668.77	9366.82
669.09	10911.58
669.41	9589.17
669.73	5605.58
670.06	7566.95
670.38	7073.10
670.70	5762.40
671.02	8667.00
671.35	6736.06
671.67	11307.13
671.99	7035.65
672.31	10738.38
672.63	8112.30
672.96	12077.16
673.28	6740.74
673.60	7840.79
673.92	7688.66
674.24	6235.19
674.57	6293.70
674.89	10394.32
675.21	7110.55
675.53	9799.82
675.85	10511.35
676.17	10792.21
676.50	6115.82
676.82	10382.62
677.14	7878.24
677.46	15414.77
677.78	5664.10
678.10	10080.69
678.42	7407.80
678.75	6740.74
679.07	5935.60
679.39	7740.15
679.71	6946.71
680.03	6803.94
680.35	6780.53
680.67	6846.07
680.99	6403.71
681.31	6143.91
681.63	8627.21
681.96	10881.15
682.28	6729.04
682.60	7543.55
682.92	8947.87
683.24	6085.39
683.56	9088.30
683.88	6539.46
684.20	7208.85
684.52	6689.25
684.84	6658.82
685.16	7302.47
685.48	9657.05
685.80	8231.66
686.12	9235.75
686.44	12617.83
686.76	7604.40
687.08	5603.24
687.40	5914.53
687.72	9830.25
688.04	6520.73
688.36	15749.46
688.68	11763.53
689.00	8528.91
689.32	7019.27
689.64	6871.81
689.96	7356.30
690.28	10340.49
690.60	10937.32
690.92	6319.45
691.24	9083.62
691.56	7115.23
691.88	7269.70
692.19	6143.91
692.51	9785.78
692.83	8540.61
693.15	9612.58
693.47	8575.72
693.79	8091.23
694.11	10197.71
694.43	9504.92
694.75	7358.64
695.06	8334.65
695.38	10895.19
695.70	7721.43
696.02	7899.31
696.34	6897.56
696.66	6850.75
696.98	5509.62
697.29	7368.01
697.61	11927.37
697.93	10471.56
698.25	42892.66
698.57	8725.52
698.89	5671.12
699.20	7164.38
699.52	11796.30
699.84	5313.02
700.16	7356.30
700.48	11262.66
700.79	6069.01
701.11	12730.17
701.43	9830.25
701.75	6534.78
702.07	7183.10
702.38	12730.17
702.70	6324.13
703.02	6307.74
703.34	9205.33
703.65	7819.73
703.97	7096.50
704.29	5509.62
704.61	6080.71
704.92	9542.36
705.24	7037.99
705.56	10047.92
705.87	10438.79
706.19	7662.91
706.51	7239.28
706.82	10635.39
707.14	6551.16
707.46	5554.09
707.78	6193.06
708.09	8887.01
708.41	10253.89
708.73	8201.24
709.04	10792.21
709.36	7035.65
709.68	7478.01
709.99	14125.13
710.31	10960.73
710.62	7653.55
710.94	6932.67
711.26	8514.87
711.57	7026.29
711.89	5935.60
712.21	16327.58
712.52	7466.31
712.84	11169.04
713.15	8023.36
713.47	9729.61
713.79	5900.49
714.10	6487.96
714.42	7042.67
714.73	11419.47
715.05	5671.12
715.36	5956.66
715.68	6560.52
715.99	6963.09
716.31	10125.16
716.63	8833.18
716.94	9982.38
717.26	20999.29
717.57	9895.78
717.89	12198.87
718.20	6300.72
718.52	9982.38
718.83	7412.48
719.15	15744.78
719.46	15066.03
719.78	8138.04
720.09	7426.52
720.41	6305.40
720.72	5898.15
721.04	6078.37
721.35	7360.98
721.67	7262.68
721.98	7007.56
722.29	6911.60
722.61	6434.13
722.92	5357.49
723.24	7129.27
723.55	8042.08
723.87	8226.98
724.18	9107.02
724.50	6008.16
724.81	7396.09
725.12	7548.23
725.44	8800.41
725.75	8102.93
726.07	11257.98
726.38	9036.81
726.69	7084.80
727.01	9191.28
727.32	9320.01
727.63	7002.88
727.95	11433.52
728.26	6604.99
728.58	9610.24
728.89	6839.05
729.20	7613.76
729.52	6289.02
729.83	14843.68
730.14	9085.96
730.46	7873.56
730.77	10726.68
731.08	9015.74
731.39	7307.15
731.71	7681.64
732.02	9771.74
732.33	7597.38
732.65	6832.02
732.96	11407.77
733.27	9839.61
733.59	15129.22
733.90	10289.00
734.21	5987.09
734.52	6932.67
734.84	18459.81
735.15	6892.88
735.46	7234.60
735.77	7962.50
736.09	7634.83
736.40	11580.97
736.71	9692.16
737.02	5912.19
737.33	7063.74
737.65	7208.85
737.96	7777.60
738.27	8095.91
738.58	14530.05
738.89	9188.94
739.21	6640.10
739.52	5336.42
739.83	9100.00
740.14	6457.54
740.45	7915.69
740.76	6841.39
741.08	5914.53
741.39	7440.56
741.70	6857.77
742.01	8177.83
742.32	10654.12
742.63	8126.34
742.94	6417.75
743.26	9142.13
743.57	8617.85
743.88	9935.57
744.19	8208.26
744.50	7302.47
744.81	13481.49
745.12	7705.04
745.43	7360.98
745.74	16580.36
746.05	11896.94
746.36	5376.21
746.67	13011.04
746.99	7122.25
747.30	8872.97
747.61	6736.06
747.92	8203.58
748.23	10691.57
748.54	7152.68
748.85	7293.11
749.16	7793.98
749.47	6345.19
749.78	6864.79
750.09	7215.87
750.40	8573.38
750.71	8243.37
751.02	8856.59
751.33	7543.55
751.64	8500.83
751.95	7625.47
752.26	9128.09
752.57	9336.40
752.88	7222.89
753.19	7726.11
753.50	12409.52
753.81	7286.09
754.11	7843.14
754.42	18228.09
754.73	8498.49
755.04	8421.25
755.35	8339.33
755.66	14810.91
755.97	6242.21
756.28	6174.33
756.59	9268.52
756.90	18396.61
757.21	8746.58
757.52	12072.48
757.82	8842.54
758.13	6761.81
758.44	10567.52
758.75	9191.28
759.06	6839.05
759.37	6207.10
759.68	8503.17
759.98	6778.19
760.29	9348.10
760.60	8159.11
760.91	5605.58
761.22	7459.29
761.53	7927.39
761.83	6431.79
762.14	8102.93
762.45	6857.77
762.76	5907.51
763.07	9025.11
763.37	17312.94
763.68	12072.48
763.99	13982.36
764.30	12421.22
764.60	6738.40
764.91	10693.91
765.22	8191.88
765.53	14370.89
765.84	8374.44
766.14	7438.22
766.45	5811.55
766.76	11812.68
767.06	12524.21
767.37	7241.62
767.68	7962.50
767.99	7339.92
768.29	6965.43
768.60	7822.07
768.91	10691.57
769.21	14136.84
769.52	11789.28
769.83	7655.89
770.13	7784.62
770.44	7197.15
770.75	9490.87
771.05	7983.57
771.36	9231.07
771.67	8084.21
771.97	7204.17
772.28	7475.67
772.59	8131.02
772.89	9977.70
773.20	6764.15
773.51	6862.45
773.81	12517.18
774.12	6497.33
774.42	7836.11
774.73	6436.47
775.04	6616.69
775.34	22986.40
775.65	8924.46
775.95	13530.64
776.26	10171.97
776.56	6923.30
776.87	8985.32
777.18	63295.11
777.48	13249.77
777.79	8107.62
778.09	11810.34
778.40	7115.23
778.70	7265.02
779.01	11681.61
779.31	8044.42
779.62	7171.40
779.92	9589.17
780.23	9210.01
780.53	6052.63
780.84	7609.08
781.14	6892.88
781.45	6775.85
781.75	10565.18
782.06	6478.60
782.36	8599.13
782.67	6363.92
782.97	6717.34
783.28	14590.90
783.58	7084.80
783.89	6927.99
784.19	9160.86
784.49	13710.86
784.80	7573.97
785.10	13893.42
785.41	6518.39
785.71	9249.80
786.02	9137.45
786.32	15374.98
786.62	9874.72
786.93	12599.10
787.23	7000.54
787.54	7337.58
787.84	14724.31
788.14	9259.16
788.45	9221.71
788.75	11225.21
789.05	6328.81
789.36	7545.89
789.66	14714.95
789.96	9767.06
790.27	8006.97
790.57	7899.31
790.87	6462.22
791.18	7461.63
791.48	6509.03
791.78	9256.82
792.09	9198.31
792.39	6780.53
792.69	10216.44
793.00	9018.08
793.30	9413.63
793.60	6061.99
793.90	5764.74
794.21	9055.53
794.51	18258.52
794.81	11651.19
795.11	7915.69
795.42	6857.77
795.72	12397.82
796.02	9907.49
796.32	8945.53
796.63	9193.62
796.93	11000.52
797.23	9673.43
797.53	8690.41
797.84	6628.40
798.14	6569.88
798.44	8685.73
798.74	9378.53
799.04	8746.58
799.34	6251.57
799.65	17137.40
799.95	8196.56
800.25	7456.95
800.55	7346.94
800.85	8533.59
801.15	6595.63
801.46	7611.42
801.76	18963.02
802.06	7054.37
802.36	8786.37
802.66	7016.93
802.96	9907.49
803.26	11440.54
803.56	14061.94
803.87	17427.63
804.17	7658.23
804.47	10413.04
804.77	11138.61
805.07	11559.91
805.37	10087.71
805.67	9603.22
805.97	7332.90
806.27	7620.78
806.57	7297.79
806.87	12470.37
807.17	8463.38
807.47	12145.04
807.77	11489.69
808.07	7250.98
808.37	12397.82
808.67	8315.92
808.98	16540.57
809.28	7332.90
809.58	16912.71
809.88	11185.42
810.18	15735.42
810.47	7719.09
810.77	6471.58
811.07	9877.06
811.37	9043.83
811.67	6595.63
811.97	5650.05
812.27	6452.86
812.57	5736.65
812.87	6850.75
813.17	6600.31
813.47	6478.60
813.77	7323.54
814.07	6979.48
814.37	10485.60
814.67	6719.68
814.97	7726.11
815.27	6668.19
815.56	9530.66
815.86	11789.28
816.16	8505.51
816.46	6040.92
816.76	6794.58
817.06	11030.94
817.36	13451.06
817.66	7990.59
817.95	6457.54
818.25	8795.73
818.55	11044.99
818.85	9914.51
819.15	7115.23
819.45	13958.96
819.75	7667.60
820.04	8243.37
820.34	16812.07
820.64	10492.62
820.94	13474.46
821.24	7496.74
821.53	7859.52
821.83	6899.90
822.13	6164.97
822.43	7417.16
822.72	6024.54
823.02	6825.00
823.32	6373.28
823.62	9235.75
823.91	15885.22
824.21	6160.29
824.51	8807.44
824.81	7339.92
825.10	5973.05
825.40	9675.77
825.70	7918.03
826.00	13355.10
826.29	7173.74
826.59	8713.81
826.89	7513.12
827.18	8243.37
827.48	6970.12
827.78	6331.15
828.07	7864.20
828.37	10204.74
828.67	8884.67
828.96	7990.59
829.26	6719.68
829.56	10904.56
829.85	6953.73
830.15	8690.41
830.45	5959.00
830.74	13111.68
831.04	9877.06
831.34	10649.44
831.63	14232.80
831.93	10335.81
832.22	9816.21
832.52	8077.19
832.82	6249.23
833.11	6209.44
833.41	6574.56
833.70	7138.63
834.00	10925.62
834.29	8243.37
834.59	5783.46
834.89	9191.28
835.18	7442.90
835.48	13778.73
835.77	9535.34
836.07	9582.15
836.36	9483.85
836.66	10867.11
836.95	7592.70
837.25	6806.28
837.54	9277.88
837.84	7248.64
838.13	8318.26
838.43	6630.74
838.72	14532.39
839.02	11522.46
839.31	6420.09
839.61	11295.43
839.90	5764.74
840.20	8063.15
840.49	6085.39
840.78	8711.47
841.08	9521.30
841.37	7110.55
841.67	6223.48
841.96	9252.14
842.26	8463.38
842.55	5895.81
842.84	6558.18
843.14	10523.05
843.43	5980.07
843.73	7903.99
844.02	5959.00
844.31	7489.71
844.61	6963.09
844.90	8594.45
845.20	8147.40
845.49	5617.29
845.78	7215.87
846.08	6370.94
846.37	5366.85
846.66	8966.59
846.96	9481.51
847.25	8837.86
847.54	5944.96
847.84	6513.71
848.13	7377.37
848.42	10335.81
848.72	6635.42
849.01	9589.17
849.30	6876.49
849.59	6658.82
849.89	6686.91
850.18	12643.57
850.47	6438.81
850.76	17287.20
851.06	15239.23
851.35	8910.42
851.64	10111.11
851.93	8383.80
852.23	19524.75
852.52	7391.41
852.81	6984.16
853.10	7538.87
853.40	5832.62
853.69	5870.06
853.98	7662.91
854.27	10113.45
854.56	6780.53
854.86	9186.60
855.15	8091.23
855.44	8613.17
855.73	5680.48
856.02	6878.83
856.31	9841.95
856.61	8634.24
856.90	7066.08
857.19	6080.71
857.48	5757.72
857.77	6171.99
858.06	5156.20
858.35	5982.41
858.65	12030.35
858.94	9650.03
859.23	7449.93
859.52	9703.86
859.81	12645.91
860.10	6743.08
860.39	9610.24
860.68	7901.65
860.97	6253.91
861.26	6558.18
861.55	12987.63
861.85	7901.65
862.14	9799.82
862.43	10221.12
862.72	9905.15
863.01	5905.17
863.30	7201.83
863.59	7681.64
863.88	7442.90
864.17	7337.58
864.46	6169.65
864.75	15449.88
865.04	8023.36
865.33	6190.72
865.62	11370.32
865.91	6963.09
866.20	9252.14
866.49	7272.04
866.78	7323.54
867.07	7035.65
867.36	10579.22
867.65	10413.04
867.93	9352.78
868.22	7950.80
868.51	7508.44
868.80	7964.84
869.09	7332.90
869.38	6640.10
869.67	13301.26
869.96	13301.26
870.25	13301.26
