178.76	1720.29
179.14	1720.29
179.52	1720.29
179.90	1727.32
180.28	10946.69
180.66	6127.52
181.04	8280.82
181.42	7358.64
181.80	6394.34
182.18	11049.67
182.55	5720.27
182.93	7400.77
183.31	7066.08
183.69	7955.48
184.07	8250.39
184.45	7019.27
184.83	7255.66
185.21	6600.31
185.59	6717.34
185.97	16479.71
186.35	11791.62
186.72	7117.57
187.10	7239.28
187.48	11506.07
187.86	8891.70
188.24	6497.33
188.62	6176.67
189.00	10881.15
189.38	8035.06
189.75	7339.92
190.13	8067.83
190.51	6249.23
190.89	15131.56
191.27	20865.88
191.65	6981.82
192.03	7822.07
192.40	10321.76
192.78	7548.23
193.16	8730.20
193.54	12283.13
193.92	10757.10
194.30	6656.48
194.67	9490.87
195.05	8280.82
195.43	7332.90
195.81	6981.82
196.19	10717.31
196.56	7836.11
196.94	7400.77
197.32	11419.47
197.70	6703.29
198.08	8552.32
198.45	6672.87
198.83	7606.74
199.21	6853.09
199.59	12191.85
199.97	8098.25
200.34	5968.37
200.72	6778.19
201.10	13900.44
201.48	10094.73
201.85	6326.47
202.23	6787.55
202.61	6991.18
202.99	40851.71
203.36	6841.39
203.74	9034.47
204.12	7248.64
204.49	6478.60
204.87	8922.12
205.25	7133.95
205.63	5760.06
206.00	6321.79
206.38	7801.01
206.76	9645.35
207.14	6448.18
207.51	6017.52
207.89	10913.92
208.27	6373.28
208.64	5399.62
209.02	6684.57
209.40	6932.67
209.77	5696.86
210.15	14197.69
210.53	5884.11
210.90	11363.30
211.28	6263.27
211.66	12212.92
212.03	6576.91
212.41	5790.49
212.79	7250.98
213.16	6069.01
213.54	7864.20
213.92	7826.75
214.29	5598.56
214.67	6590.95
215.05	6780.53
215.42	9312.99
215.80	6775.85
216.17	6710.32
216.55	8025.70
216.93	5825.59
217.30	9095.32
217.68	6478.60
218.05	6722.02
218.43	6644.78
218.81	6846.07
219.18	10934.98
219.56	6869.47
219.93	6621.38
220.31	6394.34
220.69	5933.26
221.06	6106.46
221.44	7344.60
221.81	6186.04
222.19	5671.12
222.56	6113.48
222.94	7014.59
223.32	7442.90
223.69	6324.13
224.07	8833.18
224.44	12589.74
224.82	7665.25
225.19	8498.49
225.57	7564.61
225.94	6712.66
226.32	7274.38
226.69	12245.68
227.07	8528.91
227.44	6715.00
227.82	7838.45
228.19	6883.52
228.57	8549.98
228.94	11555.22
229.32	9401.93
229.69	8966.59
230.07	6808.62
230.44	6223.48
230.82	10951.37
231.19	9369.16
231.57	5621.97
231.94	5783.46
232.32	9114.05
232.69	7148.00
233.07	7592.70
233.44	8116.98
233.82	7091.82
234.19	7391.41
234.57	10097.07
234.94	6471.58
235.31	6780.53
235.69	7293.11
236.06	7545.89
236.44	8594.45
236.81	5909.85
237.19	7903.99
237.56	11583.31
237.93	6476.26
238.31	7772.92
238.68	6897.56
239.06	7632.49
239.43	8704.45
239.81	8079.53
240.18	6040.92
240.55	6207.10
240.93	12800.39
241.30	7859.52
241.67	7131.61
242.05	8821.48
242.42	9621.94
242.80	5877.09
243.17	7812.71
243.54	7822.07
243.92	9509.60
244.29	7227.57
244.66	7592.70
245.04	9970.68
245.41	16009.26
245.78	6057.31
246.16	6916.28
246.53	8933.82
246.90	7140.97
247.28	12936.14
247.65	7028.63
248.02	7269.70
248.40	9870.04
248.77	7522.48
249.14	8435.29
249.52	6932.67
249.89	8468.06
250.26	6256.25
250.64	7452.27
251.01	15253.27
251.38	5846.66
251.75	7358.64
252.13	6930.33
252.50	8891.70
252.87	13544.68
253.25	5874.74
253.62	8035.06
253.99	5956.66
254.36	9282.56
254.74	6619.04
255.11	6127.52
255.48	5507.28
255.85	14162.58
256.23	5710.91
256.60	5511.96
256.97	6899.90
257.34	8320.60
257.71	7662.91
258.09	6630.74
258.46	7845.48
258.83	11363.30
259.20	9806.84
259.58	7063.74
259.95	7379.71
260.32	9420.66
260.69	6169.65
261.06	10593.26
261.44	6305.40
261.81	13085.94
262.18	7946.12
262.55	6518.39
262.92	7377.37
263.29	6586.27
263.67	5743.67
264.04	6642.44
264.41	6972.46
264.78	6597.97
265.15	10284.31
265.52	12390.80
265.90	7648.87
266.27	6497.33
266.64	5762.40
267.01	5411.32
267.38	7999.95
267.75	6354.55
268.12	5380.89
268.50	7082.46
268.87	6504.35
269.24	6473.92
269.61	7784.62
269.98	8365.07
270.35	8023.36
270.72	6108.80
271.09	7082.46
271.46	6712.66
271.83	8037.40
272.21	9144.47
272.58	5954.32
272.95	6469.24
273.32	7548.23
273.69	7480.35
274.06	5706.23
274.43	6485.62
274.80	7201.83
275.17	8044.42
275.54	13273.18
275.91	7470.99
276.28	7204.17
276.65	7688.66
277.02	11255.64
277.39	6338.17
277.76	6218.80
278.13	8603.81
278.50	8760.63
278.87	10647.10
279.24	9195.96
279.61	8615.51
279.98	9916.85
280.35	6619.04
280.72	7735.47
281.09	7309.49
281.46	7646.53
281.83	6396.68
282.20	7908.67
282.57	6700.95
282.94	8304.22
283.31	6567.54
283.68	7997.61
284.05	5832.62
284.42	5547.07
284.79	7852.50
285.16	8697.43
285.53	7468.65
285.90	7510.78
286.27	14782.82
286.64	5678.14
287.01	6518.39
287.38	8669.34
287.75	58754.47
288.12	8652.96
288.49	16776.96
288.86	6153.27
289.23	6298.38
289.59	6399.02
289.96	6115.82
290.33	6471.58
290.70	6977.14
291.07	8650.62
291.44	8042.08
291.81	6176.67
292.18	7520.14
292.55	6864.79
292.91	12982.95
293.28	8381.46
293.65	10925.62
294.02	8011.65
294.39	5928.58
294.76	7265.02
295.13	7510.78
295.50	7407.80
295.86	7368.01
296.23	6640.10
296.60	6134.54
296.97	6738.40
297.34	7281.41
297.71	9125.75
298.07	7623.12
298.44	5521.32
298.81	8028.04
299.18	7705.04
299.55	10729.02
299.91	6972.46
300.28	7648.87
300.65	5738.99
301.02	7829.09
301.39	8531.25
301.75	13415.95
302.12	8465.72
302.49	7201.83
302.86	10853.06
303.23	7552.91
303.59	6069.01
303.96	17256.77
304.33	9767.06
304.70	15009.86
305.06	6773.51
305.43	10399.00
305.80	8339.33
306.17	9228.73
306.53	6443.49
306.90	9755.35
307.27	7442.90
307.64	10714.97
308.00	6722.02
308.37	6677.55
308.74	12360.37
309.11	9088.30
309.47	6675.21
309.84	5778.78
310.21	7145.66
310.57	7744.83
310.94	6853.09
311.31	7534.18
311.67	8035.06
312.04	5741.33
312.41	9827.91
312.77	8100.59
313.14	6427.11
313.51	7122.25
313.87	6700.95
314.24	6534.78
314.61	6560.52
314.97	6895.22
315.34	7466.31
315.71	5781.12
316.07	9270.86
316.44	5907.51
316.81	8823.82
317.17	6399.02
317.54	15531.80
317.91	6724.36
318.27	5614.95
318.64	6927.99
319.00	8884.67
319.37	5774.10
319.74	9542.36
320.10	9605.56
320.47	6874.15
320.83	11012.22
321.20	7026.29
321.57	6265.61
321.93	6541.80
322.30	7777.60
322.66	6377.96
323.03	8744.24
323.40	8189.53
323.76	6544.14
324.13	6670.53
324.49	5652.39
324.86	18633.00
325.22	7644.19
325.59	7117.57
325.95	8009.31
326.32	9530.66
326.68	9233.41
327.05	7124.59
327.42	6125.18
327.78	6572.22
328.15	9504.92
328.51	6429.45
328.88	8465.72
329.24	11110.52
329.61	7342.26
329.97	8723.18
330.34	6553.50
330.70	7295.45
331.07	10621.35
331.43	8568.70
331.80	13256.79
332.16	10061.96
332.52	6237.53
332.89	8379.12
333.25	5469.83
333.62	12383.77
333.98	7176.08
334.35	6991.18
334.71	7463.97
335.08	6064.33
335.44	12077.16
335.81	11936.73
336.17	10176.65
336.53	7131.61
336.90	5944.96
337.26	8498.49
337.63	9481.51
337.99	7655.89
338.36	5827.93
338.72	9046.17
339.08	7555.25
339.45	5870.06
339.81	9549.39
340.18	6740.74
340.54	10281.97
340.90	6480.94
341.27	6953.73
341.63	8348.69
341.99	5380.89
342.36	10361.55
342.72	5914.53
343.09	10494.96
343.45	6408.39
343.81	10860.09
344.18	5631.33
344.54	6988.84
344.90	7903.99
345.27	7428.86
345.63	7005.22
345.99	8655.30
346.36	7424.18
346.72	5998.79
347.08	6071.35
347.45	5540.05
347.81	9895.78
348.17	7557.59
348.54	5841.98
348.90	9053.19
349.26	9563.43
349.62	10895.19
349.99	5418.34
350.35	5273.23
350.71	7903.99
351.08	7176.08
351.44	5308.34
351.80	13542.34
352.16	11522.46
352.53	6022.20
352.89	8351.03
353.25	11152.65
353.61	6614.35
353.98	8814.46
354.34	10146.22
354.70	6513.71
355.06	5357.49
355.43	7185.44
355.79	6698.61
356.15	6642.44
356.51	5949.64
356.88	6228.17
357.24	6848.41
357.60	5724.95
357.96	5387.91
358.32	15190.08
358.69	5530.69
359.05	8032.72
359.41	7508.44
359.77	5827.93
360.13	6160.29
360.49	6047.94
360.86	8901.06
361.22	11363.30
361.58	7803.35
361.94	10951.37
362.30	5951.98
362.66	8566.36
363.03	5228.76
363.39	5270.89
363.75	6122.84
364.11	9984.73
364.47	6200.08
364.83	10668.16
365.19	7613.76
365.56	8821.48
365.92	5284.93
366.28	8549.98
366.64	9905.15
367.00	5418.34
367.36	5437.06
367.72	9923.87
368.08	9430.02
368.44	6443.49
368.80	8248.05
369.17	6623.72
369.53	6916.28
369.89	5984.75
370.25	5984.75
370.61	6092.41
370.97	10841.36
371.33	6520.73
371.69	12631.87
372.05	8278.47
372.41	5860.70
372.77	6607.33
373.13	7513.12
373.49	5217.05
373.85	7978.89
374.21	7473.33
374.57	5851.34
374.93	8425.93
375.29	9181.92
375.65	7482.69
376.01	7365.67
376.37	10183.67
376.73	8409.54
377.09	5874.74
377.45	9865.36
377.81	6684.57
378.17	5930.92
378.53	5273.23
378.89	8472.74
379.25	10967.75
379.61	14377.91
379.97	9212.35
380.33	6457.54
380.69	6083.05
381.05	5696.86
381.41	9128.09
381.77	7243.96
382.13	7691.00
382.49	14820.27
382.85	7489.71
383.21	8610.83
383.57	5308.34
383.93	10574.54
384.28	5348.12
384.64	6499.67
385.00	7611.42
385.36	7304.81
385.72	9006.38
386.08	5975.39
386.44	8760.63
386.80	8887.01
387.16	12388.46
387.52	9621.94
387.87	13886.40
388.23	8004.63
388.59	6218.80
388.95	5540.05
389.31	6764.15
389.67	6630.74
390.03	6228.17
390.38	6462.22
390.74	5135.14
391.10	9324.69
391.46	7510.78
391.82	6008.16
392.18	8217.62
392.54	5027.47
392.89	5661.76
393.25	8493.80
393.61	5720.27
393.97	5579.84
394.33	7880.58
394.68	6984.16
395.04	5572.82
395.40	7323.54
395.76	9158.52
396.12	7424.18
396.47	5811.55
396.83	6878.83
397.19	5633.67
397.55	5956.66
397.90	7300.13
398.26	7213.53
398.62	5425.36
398.98	5027.47
399.33	6677.55
399.69	24847.13
400.05	8290.18
400.41	5879.43
400.76	8652.96
401.12	10080.69
401.48	7754.19
401.84	6033.90
402.19	6513.71
402.55	7688.66
402.91	7133.95
403.26	5240.46
403.62	8322.94
403.98	7012.24
404.34	4762.99
404.69	7178.42
405.05	9142.13
405.41	14171.94
405.76	5853.68
406.12	6094.76
406.48	6820.32
406.83	6136.88
407.19	8346.35
407.55	7871.22
407.90	13984.70
408.26	8369.76
408.62	9081.28
408.97	7049.69
409.33	5504.94
409.68	5799.85
410.04	7651.21
410.40	5956.66
410.75	8142.72
411.11	5900.49
411.47	7508.44
411.82	6583.93
412.18	7192.47
412.53	6717.34
412.89	6195.40
413.25	6761.81
413.60	7131.61
413.96	5165.56
414.31	6319.45
414.67	7382.05
415.03	5193.65
415.38	5673.46
415.74	6534.78
416.09	6616.69
416.45	8505.51
416.80	5865.38
417.16	8465.72
417.51	6878.83
417.87	6366.26
418.23	7770.58
418.58	8201.24
418.94	4936.19
419.29	5916.87
419.65	7674.62
420.00	8802.75
420.36	8320.60
420.71	8264.43
421.07	5600.90
421.42	7040.33
421.78	9224.05
422.13	6712.66
422.49	5645.37
422.84	7314.17
423.20	5207.69
423.55	5455.79
423.91	5460.47
424.26	13891.08
424.61	8367.42
424.97	11325.85
425.32	5926.24
425.68	6569.88
426.03	7695.68
426.39	9966.00
426.74	9839.61
427.10	9392.57
427.45	6043.26
427.80	7595.04
428.16	6951.39
428.51	6808.62
428.87	7754.19
429.22	9554.07
429.58	10052.60
429.93	9877.06
430.28	6059.65
430.64	6256.25
430.99	5280.25
431.35	7531.84
431.70	6593.29
432.05	6738.40
432.41	8072.51
432.76	7665.25
433.11	7962.50
433.47	7829.09
433.82	10771.15
434.17	7871.22
434.53	8982.98
434.88	14164.92
435.24	7585.68
435.59	7414.82
435.94	5612.60
436.30	8383.80
436.65	6546.48
437.00	9317.67
437.35	16109.91
437.71	6684.57
438.06	6230.51
438.41	6232.85
438.77	7913.35
439.12	5284.93
439.47	4711.50
439.83	7569.29
440.18	5191.31
440.53	6691.59
440.88	12002.27
441.24	8493.80
441.59	5598.56
441.94	6506.69
442.30	8056.12
442.65	12599.10
443.00	7169.06
443.35	10427.09
443.71	6832.02
444.06	9432.36
444.41	8004.63
444.76	11276.70
445.11	7068.42
445.47	10111.11
445.82	9123.41
446.17	5863.04
446.52	10345.17
446.88	7201.83
447.23	5259.18
447.58	7878.24
447.93	6031.56
448.28	29703.74
448.63	10773.49
448.99	6923.30
449.34	8393.16
449.69	8961.91
450.04	6324.13
450.39	6155.61
450.74	6942.03
451.10	7059.06
451.45	7155.02
451.80	7602.06
452.15	10022.17
452.50	8173.15
452.85	9893.44
453.21	8915.10
453.56	7782.28
453.91	6637.76
454.26	7445.24
454.61	5771.76
454.96	8273.79
455.31	6607.33
455.66	6349.87
456.01	8091.23
456.36	6431.79
456.72	6193.06
457.07	7714.41
457.42	10501.98
457.77	9102.34
458.12	5928.58
458.47	7297.79
458.82	9659.39
459.17	6942.03
459.52	7272.04
459.87	11953.12
460.22	5692.18
460.57	7148.00
460.92	6146.25
461.27	8248.05
461.62	6670.53
461.97	5750.70
462.32	12128.66
462.67	10939.66
463.02	13788.10
463.38	13364.46
463.73	8835.52
464.08	12287.81
464.43	7541.21
464.78	5720.27
465.12	8243.37
465.47	8645.94
465.82	27019.14
466.17	6590.95
466.52	8667.00
466.87	6239.87
467.22	5926.24
467.57	5282.59
467.92	7730.79
468.27	11028.60
468.62	14857.72
468.97	6846.07
469.32	4926.83
469.67	15602.01
470.02	13975.34
470.37	6031.56
470.72	7496.74
471.07	5394.93
471.42	6684.57
471.76	6815.64
472.11	6752.45
472.46	8496.14
472.81	14981.77
473.16	5928.58
473.51	5956.66
473.86	5305.99
474.21	6787.55
474.56	6523.07
474.90	6246.89
475.25	9575.13
475.60	8912.76
475.95	5984.75
476.30	11272.02
476.65	10333.47
477.00	14904.53
477.34	11260.32
477.69	5511.96
478.04	9345.76
478.39	7330.56
478.74	5811.55
479.09	5205.35
479.43	7213.53
479.78	5039.17
480.13	12599.10
480.48	10195.37
480.83	7332.90
481.17	5584.52
481.52	7169.06
481.87	6506.69
482.22	11850.13
482.57	6747.76
482.91	9085.96
483.26	7934.42
483.61	6452.86
483.96	7475.67
484.30	65535.00
484.65	7995.27
485.00	5902.83
485.35	6668.19
485.69	5944.96
486.04	6492.65
486.39	7726.11
486.74	7639.51
487.08	5334.08
487.43	7805.69
487.78	5004.07
488.12	8142.72
488.47	6218.80
488.82	10448.15
489.17	5846.66
489.51	5214.71
489.86	8079.53
490.21	5217.05
490.55	7796.32
490.90	5345.78
491.25	6345.19
491.59	5404.30
491.94	12594.42
492.29	6282.00
492.63	7183.10
492.98	4910.44
493.33	7314.17
493.67	6303.06
494.02	5535.37
494.37	5563.45
494.71	8285.50
495.06	6176.67
495.40	10501.98
495.75	6087.73
496.10	10183.67
496.44	6944.37
496.79	8238.69
497.13	5795.17
497.48	14139.18
497.83	10274.95
498.17	8074.85
498.52	6349.87
498.86	8732.54
499.21	6860.11
499.56	5860.70
499.90	6651.80
500.25	5273.23
500.59	6923.30
500.94	7808.03
501.28	8643.60
501.63	9563.43
501.97	6480.94
502.32	5851.34
502.67	8011.65
503.01	5324.72
503.36	6094.76
503.70	6228.17
504.05	8437.63
504.39	9118.73
504.74	6661.16
505.08	10782.85
505.43	4725.54
505.77	5540.05
506.12	7370.35
506.46	6506.69
506.81	5898.15
507.15	5795.17
507.49	6394.34
507.84	5755.38
508.18	7758.88
508.53	7375.03
508.87	7192.47
509.22	6602.65
509.56	65535.00
509.91	19145.58
510.25	7040.33
510.60	5137.48
510.94	9074.26
511.28	4987.68
511.63	9312.99
511.97	7791.64
512.32	9001.70
512.66	5746.02
513.00	7054.37
513.35	9399.59
513.69	5746.02
514.04	8393.16
514.38	8748.92
514.72	7592.70
515.07	5788.14
515.41	5781.12
515.76	6015.18
516.10	7765.90
516.44	9060.21
516.79	6026.88
517.13	5490.90
517.47	9305.97
517.82	7461.63
518.16	6726.70
518.50	7302.47
518.85	7634.83
519.19	10197.71
519.53	13483.83
519.88	8809.78
520.22	6668.19
520.56	7129.27
520.91	5418.34
521.25	5544.73
521.59	6911.60
521.93	7824.41
522.28	6586.27
522.62	7391.41
522.96	9027.45
523.31	6672.87
523.65	7990.59
523.99	8631.90
524.33	11356.28
524.68	8063.15
525.02	5453.45
525.36	7925.05
525.70	5235.78
526.05	6087.73
526.39	5755.38
526.73	8561.68
527.07	7283.75
527.41	10530.07
527.76	5891.13
528.10	6567.54
528.44	7915.69
528.78	6789.89
529.12	8458.70
529.47	6677.55
529.81	9245.12
530.15	9366.82
530.49	8208.26
530.83	5130.45
531.18	5610.26
531.52	6712.66
531.86	5462.81
532.20	7026.29
532.54	9659.39
532.88	4894.06
533.22	6649.46
533.57	7035.65
533.91	9596.20
534.25	5453.45
534.59	11000.52
534.93	8662.32
535.27	5865.38
535.61	6560.52
535.95	10775.83
536.30	8971.27
536.64	7061.40
536.98	4741.93
537.32	6623.72
537.66	5001.72
538.00	8161.45
538.34	8255.07
538.68	8149.75
539.02	11548.20
539.36	6195.40
539.70	5350.46
540.04	12091.21
540.39	20063.07
540.73	5762.40
541.07	6927.99
541.41	7522.48
541.75	7700.36
542.09	10043.24
542.43	8004.63
542.77	7023.95
543.11	7662.91
543.45	7040.33
543.79	9488.53
544.13	6317.11
544.47	6635.42
544.81	5696.86
545.15	8231.66
545.49	6787.55
545.83	5785.80
546.17	6642.44
546.51	4802.78
546.85	6078.37
547.19	10815.62
547.53	5348.12
547.87	8645.94
548.21	11845.45
548.54	7150.34
548.88	5970.71
549.22	5881.77
549.56	5294.29
549.90	6008.16
550.24	6979.48
550.58	5738.99
550.92	9533.00
551.26	6267.95
551.60	10757.10
551.94	6324.13
552.28	6396.68
552.61	8301.88
552.95	6586.27
553.29	6008.16
553.63	7204.17
553.97	11096.48
554.31	9343.42
554.65	10340.49
554.99	10260.91
555.32	6380.30
555.66	8184.85
556.00	4884.70
556.34	6675.21
556.68	7445.24
557.02	9100.00
557.36	7379.71
557.69	6773.51
558.03	6251.57
558.37	12580.38
558.71	14794.53
559.05	10422.41
559.38	11389.05
559.72	5790.49
560.06	8964.25
560.40	8287.84
560.74	9865.36
561.07	8023.36
561.41	8926.80
561.75	7906.33
562.09	6387.32
562.42	9128.09
562.76	8283.16
563.10	7232.26
563.44	24299.44
563.77	7721.43
564.11	8250.39
564.45	9788.12
564.79	8266.77
565.12	7260.34
565.46	7531.84
565.80	7946.12
566.14	7737.81
566.47	9294.27
566.81	5738.99
567.15	7307.15
567.48	7971.86
567.82	8159.11
568.16	7199.49
568.49	5877.09
568.83	5537.71
569.17	6965.43
569.50	7882.92
569.84	10923.28
570.18	8013.99
570.51	11276.70
570.85	6869.47
571.19	6602.65
571.52	5902.83
571.86	9364.48
572.20	6548.82
572.53	10827.32
572.87	5994.11
573.21	5781.12
573.54	5572.82
573.88	7770.58
574.21	7428.86
574.55	6967.77
574.89	9970.68
575.22	8938.51
575.56	6139.23
575.89	6197.74
576.23	6640.10
576.57	7960.16
576.90	6043.26
577.24	7442.90
577.57	5647.71
577.91	7721.43
578.24	5404.30
578.58	6993.52
578.91	8250.39
579.25	5914.53
579.59	7260.34
579.92	6799.26
580.26	5516.64
580.59	8091.23
580.93	7971.86
581.26	6525.41
581.60	7941.44
581.93	8437.63
582.27	11171.38
582.60	5692.18
582.94	7487.37
583.27	5526.00
583.61	6616.69
583.94	7431.20
584.28	5249.82
584.61	6825.00
584.94	8325.29
585.28	8145.06
585.61	9025.11
585.95	8379.12
586.28	11578.63
586.62	13151.47
586.95	7094.16
587.29	12238.66
587.62	15454.56
587.95	5743.67
588.29	7597.38
588.62	8332.31
588.96	9289.59
589.29	6464.56
589.62	6244.55
589.96	6693.93
590.29	6354.55
590.63	5310.68
590.96	8748.92
591.29	9102.34
591.63	9575.13
591.96	5593.88
592.29	6504.35
592.63	6277.32
592.96	7613.76
593.30	11758.85
593.63	7831.43
593.96	5874.74
594.30	6520.73
594.63	8021.02
594.96	12622.51
595.30	7171.40
595.63	6539.46
595.96	6136.88
596.29	7962.50
596.63	6527.75
596.96	8952.55
597.29	8163.79
597.63	5252.16
597.96	10354.53
598.29	9603.22
598.63	9341.08
598.96	5970.71
599.29	6274.98
599.62	6251.57
599.96	6132.20
600.29	6764.15
600.62	5921.56
600.95	6387.32
601.29	6867.13
601.62	7618.44
601.95	7077.78
602.28	5865.38
602.61	21717.83
602.95	7489.71
603.28	12194.19
603.61	6129.86
603.94	9469.81
604.27	5996.45
604.61	8432.95
604.94	8088.89
605.27	7658.23
605.60	5781.12
605.93	6370.94
606.27	9235.75
606.60	6991.18
606.93	5404.30
607.26	11033.29
607.59	7119.91
607.92	9596.20
608.26	6637.76
608.59	6143.91
608.92	6731.38
609.25	5710.91
609.58	7716.75
609.91	8465.72
610.24	13549.36
610.57	8175.49
610.90	9617.26
611.24	5240.46
611.57	5423.02
611.90	9027.45
612.23	6869.47
612.56	8975.95
612.89	8566.36
613.22	8957.23
613.55	5296.63
613.88	9465.13
614.21	5668.78
614.54	8091.23
614.87	5944.96
615.20	4915.12
615.53	9958.98
615.87	6239.87
616.20	7248.64
616.53	10178.99
616.86	6986.50
617.19	8032.72
617.52	6366.26
617.85	6340.51
618.18	5966.03
618.51	6691.59
618.84	8652.96
619.17	6771.17
619.50	10862.43
619.83	10361.55
620.16	8622.53
620.49	6274.98
620.82	14185.99
621.14	10787.53
621.47	7470.99
621.80	9743.65
622.13	7557.59
622.46	14649.41
622.79	8657.64
623.12	5605.58
623.45	9249.80
623.78	8554.66
624.11	5837.30
624.44	7826.75
624.77	5907.51
625.10	5928.58
625.43	5776.44
625.75	7447.58
626.08	6153.27
626.41	5853.68
626.74	7169.06
627.07	6551.16
627.40	12226.96
627.73	6490.31
628.06	6026.88
628.38	4943.21
628.71	8903.40
629.04	10005.79
629.37	8681.05
629.70	7606.74
630.03	5891.13
630.36	9818.55
630.68	8954.89
631.01	6396.68
631.34	10869.45
631.67	6312.42
632.00	5097.69
632.32	8926.80
632.65	10122.82
632.98	7852.50
633.31	7145.66
633.64	9268.52
633.96	6010.50
634.29	10951.37
634.62	7592.70
634.95	7908.67
635.27	7576.31
635.60	8587.43
635.93	8051.44
636.26	8053.78
636.58	6478.60
636.91	6382.64
637.24	6139.23
637.57	7356.30
637.89	8437.63
638.22	6340.51
638.55	7419.50
638.87	7662.91
639.20	8973.61
639.53	8554.66
639.86	6480.94
640.18	5748.36
640.51	7578.65
640.84	7873.56
641.16	5715.59
641.49	7693.34
641.82	5806.87
642.14	5799.85
642.47	14218.75
642.80	7096.50
643.12	9385.55
643.45	7023.95
643.78	7283.75
644.10	6155.61
644.43	7225.23
644.75	10340.49
645.08	5315.36
645.41	8264.43
645.73	5832.62
646.06	15442.85
646.39	9151.49
646.71	6253.91
647.04	6033.90
647.36	5249.82
647.69	8613.17
648.01	7274.38
648.34	6129.86
648.67	9858.34
648.99	10494.96
649.32	6162.63
649.64	5460.47
649.97	4765.33
650.29	5544.73
650.62	14480.89
650.94	7417.16
651.27	11171.38
651.59	7066.08
651.92	6214.12
652.25	7939.10
652.57	5863.04
652.90	6092.41
653.22	7676.96
653.55	7733.13
653.87	4964.28
654.20	7360.98
654.52	11178.40
654.84	6846.07
655.17	8077.19
655.49	11433.52
655.82	6574.56
656.14	7726.11
656.47	11166.70
656.79	11880.56
657.12	6724.36
657.44	6518.39
657.77	8891.70
658.09	7583.34
658.41	6902.24
658.74	8690.41
659.06	5614.95
659.39	6956.07
659.71	6392.00
660.03	7136.29
660.36	6583.93
660.68	10064.30
661.01	13497.87
661.33	10532.41
661.65	6331.15
661.98	14214.07
662.30	13591.49
662.63	7377.37
662.95	6640.10
663.27	6083.05
663.60	5540.05
663.92	6965.43
664.24	6864.79
664.57	5886.45
664.89	6249.23
665.21	6441.15
665.54	9570.45
665.86	7384.39
666.18	7569.29
666.51	10195.37
666.83	6466.90
667.15	15070.71
667.47	9774.08
667.80	8346.35
668.12	6064.33
668.44	7452.27
668.77	8697.43
669.09	10352.19
669.41	9123.41
669.73	5495.58
670.06	7323.54
670.38	6780.53
670.70	5500.26
671.02	8482.10
671.35	6429.45
671.67	10431.77
671.99	6766.49
672.31	10317.08
672.63	7824.41
672.96	11140.95
673.28	6466.90
673.60	7573.97
673.92	7389.07
674.24	6057.31
674.57	6246.89
674.89	9774.08
675.21	6780.53
675.53	9242.78
675.85	10099.41
676.17	10328.78
676.50	5830.27
676.82	10029.20
677.14	7431.20
677.46	14637.71
677.78	5465.15
678.10	9586.83
678.42	7225.23
678.75	6342.85
679.07	5743.67
679.39	7091.82
679.71	6457.54
680.03	6399.02
680.35	6483.28
680.67	6595.63
680.99	6179.01
681.31	5472.17
681.63	8276.13
681.96	10345.17
682.28	6300.72
682.60	5919.21
682.92	8571.04
683.24	5310.68
683.56	8638.92
683.88	6289.02
684.20	6794.58
684.52	6525.41
684.84	6448.18
685.16	6558.18
685.48	8865.95
685.80	7817.39
686.12	9228.73
686.44	11889.92
686.76	7105.87
687.08	5160.88
687.40	5909.85
687.72	9343.42
688.04	6167.31
688.36	14504.30
688.68	11204.14
689.00	8081.87
689.32	6832.02
689.64	6422.43
689.96	6944.37
690.28	9689.82
690.60	10380.28
690.92	6253.91
691.24	8442.31
691.56	6689.25
691.88	6986.50
692.19	5879.43
692.51	9364.48
692.83	8112.30
693.15	8903.40
693.47	7997.61
693.79	7435.88
694.11	9593.86
694.43	7948.46
694.75	6977.14
695.06	7581.00
695.38	10207.08
695.70	7335.24
696.02	7496.74
696.34	6513.71
696.66	6567.54
696.98	5240.46
697.29	7082.46
697.61	11360.96
697.93	10134.52
698.25	14085.34
698.57	8013.99
698.89	5448.77
699.20	6782.87
699.52	11201.80
699.84	5088.32
700.16	6864.79
700.48	10721.99
700.79	5987.09
701.11	11922.69
701.43	9259.16
701.75	6162.63
702.07	6808.62
702.38	11964.82
702.70	6193.06
703.02	6059.65
703.34	8741.90
703.65	7585.68
703.97	6911.60
704.29	5308.34
704.61	5947.30
704.92	9221.71
705.24	6780.53
705.56	9434.70
705.87	10005.79
706.19	7183.10
706.51	5343.44
706.82	10118.14
707.14	6174.33
707.46	5369.19
707.78	5928.58
708.09	8439.97
708.41	9708.54
708.73	7737.81
709.04	10312.40
709.36	6677.55
709.68	7297.79
709.99	13062.53
710.31	10171.97
710.62	7316.51
710.94	6518.39
711.26	8234.00
711.57	6789.89
711.89	5673.46
712.21	15363.28
712.52	7440.56
712.84	10696.25
713.15	7857.18
713.47	9280.22
713.79	5703.89
714.10	6427.11
714.42	6740.74
714.73	10810.93
715.05	5394.93
715.36	5764.74
715.68	7728.45
715.99	6780.53
716.31	9792.80
716.63	8615.51
716.94	9554.07
717.26	19721.35
717.57	9392.57
717.89	11499.05
718.20	6200.08
718.52	9657.05
718.83	7105.87
719.15	14920.92
719.46	14377.91
719.78	7983.57
720.09	7012.24
720.41	6092.41
720.72	5706.23
721.04	5827.93
721.35	7096.50
721.67	6897.56
721.98	6773.51
722.29	6548.82
722.61	6179.01
722.92	5198.33
723.24	6857.77
723.55	7588.02
723.87	7775.26
724.18	8863.61
724.50	5731.97
724.81	7091.82
725.12	7382.05
725.44	8346.35
725.75	7733.13
726.07	10679.86
726.38	8444.65
726.69	6595.63
727.01	8664.66
727.32	9289.59
727.63	6712.66
727.95	10848.38
728.26	6267.95
728.58	8959.57
728.89	6583.93
729.20	7197.15
729.52	6052.63
729.83	13570.43
730.14	8606.15
730.46	7309.49
730.77	9984.73
731.08	8631.90
731.39	6876.49
731.71	7286.09
732.02	9259.16
732.33	7279.07
732.65	6719.68
732.96	11197.12
733.27	9603.22
733.59	14752.40
733.90	9792.80
734.21	5804.53
734.52	6850.75
734.84	17198.26
735.15	6595.63
735.46	7098.84
735.77	7543.55
736.09	7208.85
736.40	10932.64
736.71	9057.87
737.02	5633.67
737.33	6899.90
737.65	6181.35
737.96	7517.80
738.27	7901.65
738.58	13757.67
738.89	8746.58
739.21	6443.49
739.52	5315.36
739.83	8718.50
740.14	6263.27
740.45	7417.16
740.76	6499.67
741.08	5696.86
741.39	6958.41
741.70	6593.29
742.01	7777.60
742.32	10108.77
742.63	7831.43
742.94	6157.95
743.26	8620.19
743.57	8238.69
743.88	9591.52
744.19	7831.43
744.50	6792.23
744.81	12896.35
745.12	7183.10
745.43	7082.46
745.74	15288.38
746.05	11637.14
746.36	5317.70
746.67	12351.01
746.99	6862.45
747.30	8526.57
747.61	6443.49
747.92	7861.86
748.23	10281.97
748.54	6958.41
748.85	6965.43
749.16	7655.89
749.47	5930.92
749.78	6480.94
750.09	6846.07
750.40	8208.26
750.71	7723.77
751.02	8575.72
751.33	7225.23
751.64	8166.13
751.95	7335.24
752.26	8727.86
752.57	8938.51
752.88	6909.26
753.19	7449.93
753.50	10588.58
753.81	7061.40
754.11	7391.41
754.42	17106.98
754.73	7438.22
755.04	8002.29
755.35	7866.54
755.66	14225.78
755.97	5998.79
756.28	5865.38
756.59	8706.79
756.90	17411.25
757.21	8201.24
757.52	11328.19
757.82	8276.13
758.13	6630.74
758.44	9858.34
758.75	8573.38
759.06	6382.64
759.37	6017.52
759.68	8114.64
759.98	6616.69
760.29	8879.99
760.60	7817.39
760.91	5598.56
761.22	7021.61
761.53	7700.36
761.83	6235.19
762.14	7538.87
762.45	6537.12
762.76	5544.73
763.07	8421.25
763.37	16203.53
763.68	11480.33
763.99	13226.37
764.30	12154.40
764.60	6567.54
764.91	10129.84
765.22	7698.02
765.53	13579.79
765.84	8021.02
766.14	7035.65
766.45	5535.37
766.76	11218.19
767.06	11946.09
767.37	7063.74
767.68	7475.67
767.99	6953.73
768.29	6494.99
768.60	7492.05
768.91	10026.86
769.21	13411.27
769.52	11140.95
769.83	7335.24
770.13	7346.94
770.44	6883.52
770.75	9006.38
771.05	7384.39
771.36	9104.68
771.67	7681.64
771.97	6958.41
772.28	7070.76
772.59	7887.61
772.89	9657.05
773.20	6511.37
773.51	6560.52
773.81	11868.86
774.12	5949.64
774.42	7438.22
774.73	6005.81
775.04	6207.10
775.34	21593.78
775.65	8552.32
775.95	12545.27
776.26	8313.58
776.56	6654.14
776.87	8566.36
777.18	65535.00
777.48	18010.42
777.79	7829.09
778.09	11173.72
778.40	6888.20
778.70	6850.75
779.01	11061.37
779.31	7595.04
779.62	6960.75
779.92	8973.61
780.23	8819.14
780.53	5748.36
780.84	7295.45
781.14	6647.12
781.45	6572.22
781.75	9603.22
782.06	6396.68
782.36	8109.96
782.67	6115.82
782.97	6307.74
783.28	13387.86
783.58	6761.81
783.89	6602.65
784.19	8624.87
784.49	12910.40
784.80	7281.41
785.10	12959.55
785.41	6232.85
785.71	8933.82
786.02	8564.02
786.32	14146.20
786.62	9373.85
786.93	11964.82
787.23	6832.02
787.54	7185.44
787.84	12519.53
788.14	8849.57
788.45	8788.71
788.75	10298.36
789.05	5973.05
789.36	7140.97
789.66	14162.58
789.96	9324.69
790.27	7651.21
790.57	7356.30
790.87	6235.19
791.18	6553.50
791.48	6270.30
791.78	8456.36
792.09	8720.84
792.39	6204.76
792.69	9724.93
793.00	8458.70
793.30	8915.10
793.60	5959.00
793.90	5378.55
794.21	8533.59
794.51	17160.81
794.81	10876.47
795.11	7592.70
795.42	6497.33
795.72	11665.23
796.02	9336.40
796.32	8683.39
796.63	8746.58
796.93	10389.64
797.23	9158.52
797.53	8119.32
797.84	10485.60
798.14	6396.68
798.44	8135.70
798.74	8685.73
799.04	8259.75
799.34	5942.62
799.65	16020.97
799.95	7843.14
800.25	7171.40
800.55	6789.89
800.85	8168.47
801.15	6448.18
801.46	7246.30
801.76	17916.80
802.06	6817.98
802.36	8336.99
802.66	6731.38
802.96	9500.23
803.26	10897.53
803.56	13413.61
803.87	16547.59
804.17	7342.26
804.47	9863.02
804.77	10609.65
805.07	10934.98
805.37	9769.40
805.67	9214.69
805.97	7045.01
806.27	7328.22
806.57	6888.20
806.87	11866.52
807.17	8203.58
807.47	11534.16
807.77	11173.72
808.07	6815.64
808.37	11552.88
808.67	7805.69
808.98	15407.75
809.28	7016.93
809.58	16109.91
809.88	10558.16
810.18	14806.23
810.47	7087.14
810.77	7246.30
811.07	9362.14
811.37	8683.39
811.67	6113.48
811.97	5376.21
812.27	6143.91
812.57	5540.05
812.87	6534.78
813.17	6401.37
813.47	6359.24
813.77	7009.90
814.07	6623.72
814.37	9888.76
814.67	6413.07
814.97	7295.45
815.27	6394.34
815.56	8786.37
815.86	11157.33
816.16	8025.70
816.46	5966.03
816.76	6490.31
817.06	10424.75
817.36	12849.54
817.66	7702.70
817.95	6176.67
818.25	8493.80
818.55	10008.13
818.85	9413.63
819.15	6820.32
819.45	13256.79
819.75	7506.10
820.04	7506.10
820.34	15789.25
820.64	9895.78
820.94	12744.22
821.24	7157.36
821.53	7672.28
821.83	6693.93
822.13	6045.60
822.43	7300.13
822.72	5738.99
823.02	6483.28
823.32	6017.52
823.62	8102.93
823.91	15190.08
824.21	5905.17
824.51	8547.64
824.81	7063.74
825.10	5640.69
825.40	9390.23
825.70	7653.55
826.00	12622.51
826.29	6796.92
826.59	8248.05
826.89	7206.51
827.18	6370.94
827.48	6457.54
827.78	6106.46
828.07	7534.18
828.37	9483.85
828.67	8322.94
828.96	7695.68
829.26	6733.72
829.56	10860.09
829.85	6668.19
830.15	8479.76
830.45	5750.70
830.74	12397.82
831.04	9472.15
831.34	10235.16
831.63	13621.92
831.93	9851.31
832.22	9401.93
832.52	7550.57
832.82	5956.66
833.11	6064.33
833.41	6260.93
833.70	6729.04
834.00	10509.01
834.29	7683.98
834.59	5692.18
834.89	8777.01
835.18	7133.95
835.48	13205.30
835.77	8959.57
836.07	9261.50
836.36	9062.55
836.66	10417.72
836.95	7330.56
837.25	6537.12
837.54	8690.41
837.84	6855.43
838.13	8079.53
838.43	6438.81
838.72	13671.07
839.02	10679.86
839.31	6377.96
839.61	10633.05
839.90	5664.10
840.20	7646.53
840.49	6001.13
840.78	8344.01
841.08	9217.03
841.37	6827.34
841.67	6043.26
841.96	8966.59
842.26	8058.46
842.55	5692.18
842.84	6242.21
843.14	10078.35
843.43	5916.87
843.73	7508.44
844.02	5792.83
844.31	7133.95
844.61	6806.28
844.90	8198.90
845.20	7651.21
845.49	5322.38
845.78	6841.39
846.08	6139.23
846.37	5135.14
846.66	8592.11
846.96	9188.94
847.25	8491.46
847.54	5738.99
847.84	8950.21
848.13	7250.98
848.42	9830.25
848.72	6363.92
849.01	8788.71
849.30	6490.31
849.59	6197.74
849.89	6349.87
850.18	12109.93
850.47	6132.20
850.76	18249.16
851.06	14597.92
851.35	8568.70
851.64	9745.99
851.93	7702.70
852.23	10562.84
852.52	6953.73
852.81	6752.45
853.10	7482.69
853.40	5486.22
853.69	5511.96
853.98	7372.69
854.27	9706.20
854.56	6616.69
854.86	8887.01
855.15	7747.17
855.44	8023.36
855.73	5439.40
856.02	6511.37
856.31	9387.89
856.61	8308.90
856.90	6846.07
857.19	5994.11
857.48	5678.14
857.77	5991.77
858.06	5149.18
858.35	5792.83
858.65	11190.10
858.94	9188.94
859.23	7150.34
859.52	9111.71
859.81	11716.72
860.10	6392.00
860.39	9067.24
860.68	7625.47
860.97	6031.56
861.26	6389.66
861.55	12152.06
861.85	7503.76
862.14	9174.90
862.43	9561.09
862.72	7868.88
863.01	5699.20
863.30	6754.79
863.59	7309.49
863.88	7239.28
864.17	7218.21
864.46	6122.84
864.75	14361.53
865.04	7639.51
865.33	5764.74
865.62	10759.44
865.91	6434.13
866.20	8943.19
866.49	6817.98
866.78	6913.94
867.07	6677.55
867.36	10183.67
867.65	11396.07
867.93	8947.87
868.22	7578.65
868.51	7131.61
868.80	7620.78
869.09	7061.40
869.38	6183.70
869.67	12512.50
869.96	12512.50
870.25	12512.50
