178.76	1776.47
179.14	1776.47
179.52	1776.47
179.90	1729.66
180.28	10682.20
180.66	6033.90
181.04	8140.38
181.42	7375.03
181.80	6384.98
182.18	10740.72
182.55	5748.36
182.93	7321.20
183.31	7021.61
183.69	7810.37
184.07	8170.81
184.45	6869.47
184.83	7215.87
185.21	6354.55
185.59	6733.72
185.97	16107.57
186.35	11683.95
186.72	6956.07
187.10	7185.44
187.48	11494.37
187.86	9029.79
188.24	6640.10
188.62	6204.76
189.00	10967.75
189.38	7826.75
189.75	7269.70
190.13	8058.46
190.51	6277.32
190.89	14853.04
191.27	20739.49
191.65	6956.07
192.03	7901.65
192.40	10190.69
192.78	7625.47
193.16	8667.00
193.54	12116.95
193.92	10670.50
194.30	6675.21
194.67	9507.26
195.05	8388.48
195.43	7239.28
195.81	6876.49
196.19	10530.07
196.56	7747.17
196.94	7220.55
197.32	11396.07
197.70	6506.69
198.08	8697.43
198.45	6703.29
198.83	7534.18
199.21	6658.82
199.59	12224.62
199.97	8114.64
200.34	5839.64
200.72	6586.27
201.10	13760.01
201.48	9900.47
201.85	6258.59
202.23	6825.00
202.61	6820.32
202.99	39934.22
203.36	6801.60
203.74	8940.85
204.12	7061.40
204.49	6296.04
204.87	8627.21
205.25	7091.82
205.63	5633.67
206.00	6279.66
206.38	7770.58
206.76	9408.95
207.14	6417.75
207.51	5879.43
207.89	10780.51
208.27	6377.96
208.64	5240.46
209.02	6497.33
209.40	7155.02
209.77	5757.72
210.15	13390.20
210.53	5893.47
210.90	11012.22
211.28	6171.99
211.66	11943.75
212.03	6466.90
212.41	5874.74
212.79	7164.38
213.16	5980.07
213.54	7578.65
213.92	7864.20
214.29	5523.66
214.67	6579.25
215.05	6773.51
215.42	9268.52
215.80	6715.00
216.17	6691.59
216.55	7616.10
216.93	5893.47
217.30	8882.33
217.68	6181.35
218.05	6689.25
218.43	6516.05
218.81	6651.80
219.18	10991.16
219.56	6677.55
219.93	6684.57
220.31	6373.28
220.69	5827.93
221.06	6045.60
221.44	7482.69
221.81	6200.08
222.19	5776.44
222.56	6127.52
222.94	6834.36
223.32	7599.72
223.69	6237.53
224.07	8741.90
224.44	12292.49
224.82	7543.55
225.19	8421.25
225.57	7538.87
225.94	6689.25
226.32	7342.26
226.69	12063.12
227.07	8561.68
227.44	6569.88
227.82	7948.46
228.19	6878.83
228.57	8777.01
228.94	11557.57
229.32	9497.89
229.69	8807.44
230.07	6707.98
230.44	6043.26
230.82	10789.87
231.19	9212.35
231.57	5518.98
231.94	5790.49
232.32	8908.08
232.69	6970.12
233.07	7524.82
233.44	8023.36
233.82	6937.35
234.19	7424.18
234.57	9956.64
234.94	6333.49
235.31	6705.63
235.69	7047.35
236.06	7393.75
236.44	8379.12
236.81	5823.25
237.19	7815.05
237.56	11431.18
237.93	6263.27
238.31	7688.66
238.68	6855.43
239.06	7573.97
239.43	8741.90
239.81	7969.52
240.18	5891.13
240.55	6157.95
240.93	12847.20
241.30	7658.23
241.67	6991.18
242.05	8657.64
242.42	9497.89
242.80	6017.52
243.17	7786.96
243.54	7808.03
243.92	9221.71
244.29	7030.97
244.66	7545.89
245.04	10125.16
245.41	15852.45
245.78	5834.96
246.16	6808.62
246.53	8769.99
246.90	7105.87
247.28	12594.42
247.65	6860.11
248.02	7070.76
248.40	9661.73
248.77	7370.35
249.14	8297.20
249.52	6890.54
249.89	8259.75
250.26	6167.31
250.64	7403.11
251.01	15112.84
251.38	5797.51
251.75	7581.00
252.13	6679.89
252.50	8992.34
252.87	13240.41
253.25	5914.53
253.62	7864.20
253.99	5673.46
254.36	9160.86
254.74	6504.35
255.11	5954.32
255.48	5497.92
255.85	14111.09
256.23	5823.25
256.60	5355.15
256.97	6860.11
257.34	8119.32
257.71	7492.05
258.09	6911.60
258.46	7712.07
258.83	11183.08
259.20	9570.45
259.58	7094.16
259.95	7248.64
260.32	9263.84
260.69	5940.28
261.06	10792.21
261.44	6150.93
261.81	12833.16
262.18	7648.87
262.55	6459.88
262.92	7176.08
263.29	6565.20
263.67	5818.57
264.04	6523.07
264.41	6967.77
264.78	6544.14
265.15	10258.57
265.52	12114.61
265.90	7311.83
266.27	6420.09
266.64	5746.02
267.01	5509.62
267.38	8091.23
267.75	6097.10
268.12	5172.58
268.50	6848.41
268.87	6197.74
269.24	6251.57
269.61	7702.70
269.98	8107.62
270.35	7971.86
270.72	6162.63
271.09	6937.35
271.46	6628.40
271.83	7861.86
272.21	9053.19
272.58	6012.84
272.95	6401.37
273.32	7145.66
273.69	7330.56
274.06	5600.90
274.43	6303.06
274.80	7185.44
275.17	7843.14
275.54	13610.22
275.91	7412.48
276.28	7360.98
276.65	7681.64
277.02	10981.79
277.39	6272.64
277.76	6225.82
278.13	8428.27
278.50	8828.50
278.87	10277.29
279.24	9083.62
279.61	8461.04
279.98	9893.44
280.35	6555.84
280.72	7705.04
281.09	7220.55
281.46	7536.52
281.83	6150.93
282.20	7861.86
282.57	6462.22
282.94	8030.38
283.31	6541.80
283.68	7805.69
284.05	5795.17
284.42	5352.81
284.79	7714.41
285.16	8421.25
285.53	7293.11
285.90	7234.60
286.27	14679.84
286.64	5610.26
287.01	6267.95
287.38	8465.72
287.75	58443.18
288.12	8503.17
288.49	16423.54
288.86	6061.99
289.23	6111.14
289.59	6282.00
289.96	6022.20
290.33	6551.16
290.70	6759.47
291.07	8421.25
291.44	7829.09
291.81	6195.40
292.18	7288.43
292.55	6799.26
292.91	12493.78
293.28	8283.16
293.65	10836.68
294.02	7896.97
294.39	5643.03
294.76	7059.06
295.13	7499.08
295.50	7105.87
295.86	7119.91
296.23	6492.65
296.60	5947.30
296.97	6630.74
297.34	7056.72
297.71	8875.31
298.07	7316.51
298.44	5479.19
298.81	7857.18
299.18	7531.84
299.55	10548.79
299.91	7016.93
300.28	7557.59
300.65	5488.56
301.02	7676.96
301.39	8379.12
301.75	13401.91
302.12	8203.58
302.49	7211.19
302.86	10361.55
303.23	7290.77
303.59	5949.64
303.96	16952.50
304.33	9753.01
304.70	14633.03
305.06	6726.70
305.43	10139.20
305.80	8191.88
306.17	9011.06
306.53	6410.73
306.90	9446.40
307.27	7304.81
307.64	10567.52
308.00	6539.46
308.37	6427.11
308.74	11971.84
309.11	8957.23
309.47	6431.79
309.84	5734.31
310.21	7087.14
310.57	7517.80
310.94	6693.93
311.31	7262.68
311.67	7803.35
312.04	5647.71
312.41	9851.31
312.77	8152.09
313.14	6291.36
313.51	6942.03
313.87	6621.38
314.24	6518.39
314.61	6305.40
314.97	6640.10
315.34	7391.41
315.71	5731.97
316.07	8994.68
316.44	5996.45
316.81	8662.32
317.17	6207.10
317.54	15173.69
317.91	6375.62
318.27	5490.90
318.64	6799.26
319.00	8695.09
319.37	5640.69
319.74	9397.25
320.10	9530.66
320.47	6663.51
320.83	10803.91
321.20	6946.71
321.57	5977.73
321.93	6485.62
322.30	7396.09
322.66	6246.89
323.03	8606.15
323.40	7962.50
323.76	6408.39
324.13	6382.64
324.49	5451.11
324.86	18352.14
325.22	7541.21
325.59	6946.71
325.95	7808.03
326.32	9397.25
326.68	9060.21
327.05	6951.39
327.42	6078.37
327.78	6438.81
328.15	9385.55
328.51	6375.62
328.88	8411.89
329.24	11087.12
329.61	7115.23
329.97	8561.68
330.34	6452.86
330.70	7410.14
331.07	10511.35
331.43	8161.45
331.80	13270.84
332.16	10099.41
332.52	6071.35
332.89	8196.56
333.25	5504.94
333.62	12180.15
333.98	7442.90
334.35	6740.74
334.71	7232.26
335.08	5914.53
335.44	11878.22
335.81	11826.73
336.17	10113.45
336.53	7021.61
336.90	5851.34
337.26	8327.63
337.63	9355.12
337.99	7501.42
338.36	5947.30
338.72	8882.33
339.08	7414.82
339.45	5783.46
339.81	9448.74
340.18	6658.82
340.54	10054.94
340.90	6368.60
341.27	6754.79
341.63	8170.81
341.99	5259.18
342.36	10272.61
342.72	5905.17
343.09	10312.40
343.45	6361.58
343.81	10340.49
344.18	5568.13
344.54	6979.48
344.90	7620.78
345.27	7325.88
345.63	6993.52
345.99	8734.88
346.36	7148.00
346.72	5858.36
347.08	5898.15
347.45	5474.51
347.81	9696.84
348.17	7480.35
348.54	5603.24
348.90	8924.46
349.26	9619.60
349.62	10583.90
349.99	5390.25
350.35	5116.41
350.71	7763.56
351.08	6899.90
351.44	5247.48
351.80	13107.00
352.16	11562.25
352.53	5937.94
352.89	8142.72
353.25	10981.79
353.61	6663.51
353.98	8390.82
354.34	10066.64
354.70	6502.01
355.06	5170.24
355.43	7105.87
355.79	6640.10
356.15	6509.03
356.51	5879.43
356.88	6064.33
357.24	6766.49
357.60	5507.28
357.96	5362.17
358.32	15206.46
358.69	5472.17
359.05	7803.35
359.41	7379.71
359.77	5813.89
360.13	6143.91
360.49	5912.19
360.86	8851.91
361.22	10946.69
361.58	7637.17
361.94	10979.45
362.30	5813.89
362.66	8332.31
363.03	5235.78
363.39	5205.35
363.75	6193.06
364.11	9991.75
364.47	6134.54
364.83	10483.26
365.19	7515.46
365.56	8800.41
365.92	5226.42
366.28	8329.97
366.64	9797.48
367.00	5401.96
367.36	5451.11
367.72	9809.19
368.08	9348.10
368.44	6473.92
368.80	8095.91
369.17	6471.58
369.53	6581.59
369.89	5954.32
370.25	5888.79
370.61	6146.25
370.97	10614.33
371.33	6265.61
371.69	12627.19
372.05	8269.11
372.41	5692.18
372.77	6413.07
373.13	7506.10
373.49	5046.20
373.85	7889.95
374.21	7295.45
374.57	5839.64
374.93	8379.12
375.29	9050.85
375.65	7265.02
376.01	7206.51
376.37	9984.73
376.73	8549.98
377.09	5687.50
377.45	9706.20
377.81	6689.25
378.17	5851.34
378.53	5184.29
378.89	8252.73
379.25	10719.65
379.61	13743.63
379.97	9088.30
380.33	6338.17
380.69	6146.25
381.05	5689.84
381.41	8943.19
381.77	7222.89
382.13	8404.86
382.49	14618.99
382.85	7335.24
383.21	8657.64
383.57	5341.10
383.93	10471.56
384.28	5224.08
384.64	6450.52
385.00	7424.18
385.36	7162.04
385.72	8870.63
386.08	6045.60
386.44	8746.58
386.80	8887.01
387.16	12379.09
387.52	9423.00
387.87	13172.54
388.23	7754.19
388.59	6045.60
388.95	5441.75
389.31	6581.59
389.67	6574.56
390.03	6115.82
390.38	6427.11
390.74	5085.98
391.10	9214.69
391.46	7323.54
391.82	6031.56
392.18	8196.56
392.54	4959.60
392.89	5577.50
393.25	8212.94
393.61	5661.76
393.97	5472.17
394.33	7545.89
394.68	6960.75
395.04	5371.53
395.40	7110.55
395.76	8940.85
396.12	7389.07
396.47	5710.91
396.83	6899.90
397.19	5645.37
397.55	5521.32
397.90	7323.54
398.26	7028.63
398.62	5722.61
398.98	4936.19
399.33	6689.25
399.69	24400.08
400.05	8140.38
400.41	5830.27
400.76	8451.67
401.12	9994.09
401.48	7698.02
401.84	5870.06
402.19	6356.90
402.55	7508.44
402.91	7077.78
403.26	5221.74
403.62	8283.16
403.98	6963.09
404.34	4744.27
404.69	6911.60
405.05	8922.12
405.41	13795.12
405.76	5823.25
406.12	5874.74
406.48	6654.14
406.83	6181.35
407.19	8116.98
407.55	7707.38
407.90	13664.05
408.26	8379.12
408.62	9022.77
408.97	6855.43
409.33	5465.15
409.68	5706.23
410.04	7534.18
410.40	6019.86
410.75	8035.06
411.11	5884.11
411.47	7475.67
411.82	6473.92
412.18	6995.86
412.53	6597.97
412.89	6080.71
413.25	6665.85
413.60	7068.42
413.96	5156.20
414.31	6291.36
414.67	7321.20
415.03	5212.37
415.38	5596.22
415.74	6417.75
416.09	6406.05
416.45	8348.69
416.80	5790.49
417.16	8262.09
417.51	6825.00
417.87	6298.38
418.23	7625.47
418.58	7943.78
418.94	5036.83
419.29	5998.79
419.65	7456.95
420.00	8505.51
420.36	8051.44
420.71	8044.42
421.07	5533.03
421.42	6970.12
421.78	9137.45
422.13	6846.07
422.49	5394.93
422.84	7379.71
423.20	5200.67
423.55	5334.08
423.91	5380.89
424.26	13680.43
424.61	7838.45
424.97	11417.13
425.32	5874.74
425.68	6487.96
426.03	7445.24
426.39	9912.17
426.74	9741.31
427.10	9231.07
427.45	6097.10
427.80	7655.89
428.16	6717.34
428.51	6792.23
428.87	7562.27
429.22	9378.53
429.58	10083.03
429.93	10092.39
430.28	6090.07
430.64	6113.48
430.99	5219.39
431.35	7571.63
431.70	6494.99
432.05	6670.53
432.41	8180.17
432.76	7602.06
433.11	7896.97
433.47	7658.23
433.82	10583.90
434.17	7948.46
434.53	7946.12
434.88	13771.71
435.24	7599.72
435.59	7246.30
435.94	5586.86
436.30	8355.71
436.65	6312.42
437.00	9661.73
437.35	15847.77
437.71	6548.82
438.06	6225.82
438.41	6059.65
438.77	7646.53
439.12	5205.35
439.47	4835.55
439.83	7613.76
440.18	5039.17
440.53	6342.85
440.88	12070.14
441.24	8524.23
441.59	5437.06
441.94	6392.00
442.30	8131.02
442.65	12458.67
443.00	6829.68
443.35	10359.21
443.71	6436.47
444.06	9343.42
444.41	7901.65
444.76	11136.27
445.11	7012.24
445.47	9947.28
445.82	8877.65
446.17	5933.26
446.52	10092.39
446.88	7201.83
447.23	5256.84
447.58	7843.14
447.93	5888.79
448.28	29137.33
448.63	10665.82
448.99	6820.32
449.34	8482.10
449.69	8732.54
450.04	6237.53
450.39	6209.44
450.74	6974.80
451.10	6892.88
451.45	7115.23
451.80	7609.08
452.15	10043.24
452.50	8072.51
452.85	9607.90
453.21	8798.07
453.56	7625.47
453.91	6567.54
454.26	7262.68
454.61	5685.16
454.96	8463.38
455.31	6651.80
455.66	6291.36
456.01	7971.86
456.36	6176.67
456.72	5942.62
457.07	7705.04
457.42	10108.77
457.77	9067.24
458.12	5823.25
458.47	7269.70
458.82	9570.45
459.17	7124.59
459.52	7269.70
459.87	11606.72
460.22	5664.10
460.57	7234.60
460.92	6134.54
461.27	7981.23
461.62	6520.73
461.97	5825.59
462.32	11810.34
462.67	10604.97
463.02	13434.68
463.38	13294.24
463.73	8816.80
464.08	12152.06
464.43	7597.38
464.78	5577.50
465.12	8063.15
465.47	8444.65
465.82	26937.23
466.17	6384.98
466.52	8561.68
466.87	6265.61
467.22	5891.13
467.57	5268.55
467.92	7651.21
468.27	10794.55
468.62	14621.33
468.97	6710.32
469.32	4755.97
469.67	15524.77
470.02	14045.55
470.37	6010.50
470.72	7480.35
471.07	5277.91
471.42	6602.65
471.76	6827.34
472.11	6672.87
472.46	8231.66
472.81	14689.20
473.16	5811.55
473.51	5951.98
473.86	5242.80
474.21	6560.52
474.56	6256.25
474.90	5973.05
475.25	9596.20
475.60	8634.24
475.95	5973.05
476.30	10993.50
476.65	10193.03
477.00	14794.53
477.34	10895.19
477.69	5483.88
478.04	8999.36
478.39	7068.42
478.74	5755.38
479.09	5935.60
479.43	6965.43
479.78	4861.29
480.13	12369.73
480.48	10073.67
480.83	7229.91
481.17	5352.81
481.52	7033.31
481.87	6555.84
482.22	11569.27
482.57	6658.82
482.91	9151.49
483.26	7782.28
483.61	6490.31
483.96	7508.44
484.30	64970.93
484.65	6038.58
485.00	5699.20
485.35	6583.93
485.69	5816.23
486.04	6408.39
486.39	7651.21
486.74	7442.90
487.08	5263.86
487.43	7749.51
487.78	4924.49
488.12	8053.78
488.47	6134.54
488.82	10473.90
489.17	5823.25
489.51	5076.62
489.86	7913.35
490.21	5198.33
490.55	7803.35
490.90	5203.01
491.25	6265.61
491.59	5455.79
491.94	12842.52
492.29	6272.64
492.63	7026.29
492.98	4688.09
493.33	7274.38
493.67	6282.00
494.02	5563.45
494.37	5533.03
494.71	8205.92
495.06	6101.78
495.40	10160.27
495.75	5984.75
496.10	10193.03
496.44	6970.12
496.79	8098.25
497.13	5657.07
497.48	14246.84
497.83	9980.04
498.17	8121.66
498.52	5998.79
498.86	8503.17
499.21	6647.12
499.56	5909.85
499.90	6356.90
500.25	5167.90
500.59	6949.05
500.94	7632.49
501.28	8470.40
501.63	9434.70
501.97	6396.68
502.32	5717.93
502.67	7815.05
503.01	5308.34
503.36	6174.33
503.70	6312.42
504.05	8252.73
504.39	8959.57
504.74	6682.23
505.08	10672.84
505.43	4692.77
505.77	5444.09
506.12	7258.00
506.46	6506.69
506.81	5708.57
507.15	5680.48
507.49	6356.90
507.84	5638.35
508.18	7445.24
508.53	7302.47
508.87	6913.94
509.22	6485.62
509.56	65535.00
509.91	19101.11
510.25	7155.02
510.60	5008.75
510.94	8922.12
511.28	4950.23
511.63	9312.99
511.97	7749.51
512.32	8863.61
512.66	5774.10
513.00	7115.23
513.35	9296.61
513.69	5401.96
514.04	8285.50
514.38	8641.26
514.72	7468.65
515.07	5760.06
515.41	5736.65
515.76	5933.26
516.10	7744.83
516.44	8805.10
516.79	6101.78
517.13	5504.94
517.47	9170.22
517.82	7262.68
518.16	6815.64
518.50	7180.76
518.85	7403.11
519.19	10106.43
519.53	13345.73
519.88	8549.98
520.22	6630.74
520.56	6998.20
520.91	5322.38
521.25	5584.52
521.59	6686.91
521.93	7623.12
522.28	6558.18
522.62	7339.92
522.96	9039.15
523.31	6499.67
523.65	7838.45
523.99	8519.55
524.33	11396.07
524.68	8032.72
525.02	5310.68
525.36	7604.40
525.70	4992.36
526.05	5980.07
526.39	5516.64
526.73	8311.24
527.07	7140.97
527.41	10483.26
527.76	5893.47
528.10	6509.03
528.44	7747.17
528.78	6736.06
529.12	8439.97
529.47	6530.09
529.81	9074.26
530.15	9071.92
530.49	8102.93
530.83	5013.43
531.18	5533.03
531.52	6654.14
531.86	5254.50
532.20	7059.06
532.54	9399.59
532.88	4842.57
533.22	6516.05
533.57	7346.94
533.91	9252.14
534.25	5371.53
534.59	10974.77
534.93	8507.85
535.27	5682.82
535.61	6457.54
535.95	10832.00
536.30	8812.12
536.64	7063.74
536.98	4552.34
537.32	6445.84
537.66	4987.68
538.00	8006.97
538.34	8187.19
538.68	8081.87
539.02	11655.87
539.36	6146.25
539.70	5291.95
540.04	6651.80
540.39	19906.26
540.73	5657.07
541.07	7054.37
541.41	7548.23
541.75	7672.28
542.09	9818.55
542.43	7786.96
542.77	7026.29
543.11	7384.39
543.45	6923.30
543.79	9465.13
544.13	6338.17
544.47	6497.33
544.81	5753.04
545.15	8126.34
545.49	6780.53
545.83	5713.25
546.17	6494.99
546.51	4755.97
546.85	6143.91
547.19	10778.17
547.53	5305.99
547.87	8496.14
548.21	11854.81
548.54	7023.95
548.88	6078.37
549.22	5762.40
549.56	5270.89
549.90	6017.52
550.24	6902.24
550.58	5872.40
550.92	9727.27
551.26	6373.28
551.60	10743.06
551.94	6120.50
552.28	6494.99
552.61	8175.49
552.95	6487.96
553.29	6071.35
553.63	7101.19
553.97	11066.05
554.31	9111.71
554.65	10286.65
554.99	10331.12
555.32	6342.85
555.66	7857.18
556.00	4809.80
556.34	6604.99
556.68	7335.24
557.02	9090.64
557.36	7337.58
557.69	6642.44
558.03	6104.12
558.37	12531.23
558.71	14565.15
559.05	10228.14
559.38	11389.05
559.72	5769.42
560.06	8711.47
560.40	8205.92
560.74	9858.34
561.07	8018.68
561.41	8971.27
561.75	7765.90
562.09	6066.67
562.42	8882.33
562.76	8205.92
563.10	7094.16
563.44	24051.34
563.77	7548.23
564.11	8018.68
564.45	9647.69
564.79	8182.51
565.12	7014.59
565.46	7426.52
565.80	7695.68
566.14	7611.42
566.47	9238.09
566.81	5722.61
567.15	7159.70
567.48	7810.37
567.82	8212.94
568.16	7742.49
568.49	5647.71
568.83	5331.74
569.17	6719.68
569.50	7581.00
569.84	10633.05
570.18	7726.11
570.51	11154.99
570.85	6904.58
571.19	6352.21
571.52	5926.24
571.86	9078.94
572.20	6403.71
572.53	10696.25
572.87	5874.74
573.21	5600.90
573.54	5504.94
573.88	7665.25
574.21	7143.32
574.55	6782.87
574.89	9631.30
575.22	8905.74
575.56	6174.33
575.89	6012.84
576.23	6455.20
576.57	7747.17
576.90	5951.98
577.24	7358.64
577.57	5530.69
577.91	7536.52
578.24	5261.52
578.58	6932.67
578.91	8105.28
579.25	5898.15
579.59	7178.42
579.92	6860.11
580.26	5476.85
580.59	7742.49
580.93	7702.70
581.26	6347.53
581.60	7901.65
581.93	8367.42
582.27	10965.41
582.60	5570.48
582.94	7492.05
583.27	5596.22
583.61	6651.80
583.94	7454.61
584.28	5221.74
584.61	6532.44
584.94	8276.13
585.28	7925.05
585.61	8559.34
585.95	8229.32
586.28	11445.22
586.62	12978.27
586.95	7068.42
587.29	11901.62
587.62	15047.30
587.95	5481.53
588.29	7520.14
588.62	8203.58
588.96	9008.72
589.29	6265.61
589.62	6253.91
589.96	6705.63
590.29	6223.48
590.63	5427.70
590.96	8620.19
591.29	8905.74
591.63	9383.21
591.96	5467.49
592.29	6459.88
592.63	6300.72
592.96	7618.44
593.30	11770.55
593.63	7819.73
593.96	5919.21
594.30	6303.06
594.63	7784.62
594.96	11489.69
595.30	6991.18
595.63	6359.24
595.96	6059.65
596.29	7878.24
596.63	6509.03
596.96	8753.60
597.29	8081.87
597.63	5137.48
597.96	10106.43
598.29	9612.58
598.63	9434.70
598.96	5961.34
599.29	6277.32
599.62	6169.65
599.96	6169.65
600.29	6595.63
600.62	5738.99
600.95	6291.36
601.29	6841.39
601.62	7604.40
601.95	7129.27
602.28	6078.37
602.61	20996.95
602.95	7157.36
603.28	11761.19
603.61	5973.05
603.94	9186.60
604.27	5898.15
604.61	8514.87
604.94	7843.14
605.27	7375.03
605.60	5680.48
605.93	6190.72
606.27	9062.55
606.60	6656.48
606.93	5303.65
607.26	11183.08
607.59	7033.31
607.92	9607.90
608.26	6087.73
608.59	6132.20
608.92	6590.95
609.25	7131.61
609.58	7683.98
609.91	8432.95
610.24	13642.98
610.57	7922.71
610.90	9507.26
611.24	5228.76
611.57	5345.78
611.90	8844.88
612.23	6897.56
612.56	8861.27
612.89	8585.08
613.22	8676.37
613.55	5284.93
613.88	9394.91
614.21	5575.16
614.54	7843.14
614.87	5682.82
615.20	4854.27
615.53	9975.36
615.87	6113.48
616.20	7293.11
616.53	9987.07
616.86	7045.01
617.19	8074.85
617.52	8713.81
617.85	6476.26
618.18	5879.43
618.51	6445.84
618.84	8463.38
619.17	6600.31
619.50	10588.58
619.83	10202.40
620.16	8243.37
620.49	6246.89
620.82	13858.31
621.14	10689.23
621.47	6637.76
621.80	9764.72
622.13	7225.23
622.46	14560.47
622.79	8435.29
623.12	5572.82
623.45	9125.75
623.78	8566.36
624.11	5839.64
624.44	7740.15
624.77	5975.39
625.10	5954.32
625.43	5671.12
625.75	7321.20
626.08	6061.99
626.41	5760.06
626.74	6925.65
627.07	6342.85
627.40	12037.38
627.73	6431.79
628.06	5914.53
628.38	4877.68
628.71	8706.79
629.04	9774.08
629.37	8690.41
629.70	7358.64
630.03	5900.49
630.36	9640.67
630.68	9032.13
631.01	6097.10
631.34	10754.76
631.67	6246.89
632.00	4990.02
632.32	9001.70
632.65	9935.57
632.98	7592.70
633.31	7122.25
633.64	9041.49
633.96	5706.23
634.29	10796.89
634.62	7169.06
634.95	7644.19
635.27	7311.83
635.60	8327.63
635.93	7744.83
636.26	7803.35
636.58	6338.17
636.91	6228.17
637.24	5973.05
637.57	7440.56
637.89	8243.37
638.22	5834.96
638.55	7145.66
638.87	7618.44
639.20	8641.26
639.53	7836.11
639.86	6040.92
640.18	5825.59
640.51	7368.01
640.84	7824.41
641.16	5511.96
641.49	7468.65
641.82	5675.80
642.14	5853.68
642.47	14043.21
642.80	6909.26
643.12	9366.82
643.45	6869.47
643.78	7337.58
644.10	6031.56
644.43	7037.99
644.75	10097.07
645.08	5238.12
645.41	8107.62
645.73	5802.19
646.06	15185.40
646.39	8968.93
646.71	6235.19
647.04	6307.74
647.36	5121.09
647.69	8437.63
648.01	7150.34
648.34	6017.52
648.67	9685.14
648.99	9996.43
649.32	5961.34
649.64	5434.72
649.97	4737.24
650.29	5425.36
650.62	14263.22
650.94	7288.43
651.27	10780.51
651.59	6892.88
651.92	6150.93
652.25	7962.50
652.57	5790.49
652.90	5944.96
653.22	7543.55
653.55	7679.30
653.87	4957.25
654.20	7157.36
654.52	11302.45
654.84	6731.38
655.17	8081.87
655.49	11239.25
655.82	6511.37
656.14	7604.40
656.47	10956.05
656.79	11854.81
657.12	6473.92
657.44	6366.26
657.77	8905.74
658.09	7468.65
658.41	6902.24
658.74	8411.89
659.06	5399.62
659.39	6743.08
659.71	6314.77
660.03	7023.95
660.36	6609.67
660.68	9863.02
661.01	13188.92
661.33	10485.60
661.65	6387.32
661.98	13760.01
662.30	13458.08
662.63	7213.53
662.95	6738.40
663.27	5994.11
663.60	5650.05
663.92	6792.23
664.24	6820.32
664.57	5729.63
664.89	6190.72
665.21	6338.17
665.54	9259.16
665.86	7213.53
666.18	7407.80
666.51	10188.35
666.83	6377.96
667.15	15154.97
667.47	9699.18
667.80	8128.68
668.12	6045.60
668.44	7314.17
668.77	8561.68
669.09	10244.52
669.41	8872.97
669.73	5284.93
670.06	7136.29
670.38	6492.65
670.70	5357.49
671.02	8060.80
671.35	6239.87
671.67	10417.72
671.99	6848.41
672.31	10071.33
672.63	7744.83
672.96	11014.56
673.28	6403.71
673.60	7386.73
673.92	7382.05
674.24	5970.71
674.57	5860.70
674.89	9645.35
675.21	6733.72
675.53	8950.21
675.85	10040.90
676.17	9996.43
676.50	5792.83
676.82	9926.21
677.14	7463.97
677.46	14352.16
677.78	5266.21
678.10	9474.49
678.42	6958.41
678.75	6307.74
679.07	5633.67
679.39	6956.07
679.71	6494.99
680.03	6499.67
680.35	6324.13
680.67	6703.29
680.99	6031.56
681.31	5331.74
681.63	8231.66
681.96	10190.69
682.28	6354.55
682.60	5853.68
682.92	8617.85
683.24	5334.08
683.56	8486.78
683.88	6230.51
684.20	6860.11
684.52	6361.58
684.84	6389.66
685.16	6441.15
685.48	9053.19
685.80	7770.58
686.12	8599.13
686.44	11693.32
686.76	7070.76
687.08	5371.53
687.40	5680.48
687.72	9179.58
688.04	5984.75
688.36	14214.07
688.68	11009.88
689.00	7999.95
689.32	6815.64
689.64	6480.94
689.96	6855.43
690.28	9654.71
690.60	9928.55
690.92	6134.54
691.24	8306.56
691.56	6640.10
691.88	6920.96
692.19	5790.49
692.51	9041.49
692.83	8067.83
693.15	8938.51
693.47	8119.32
693.79	7349.28
694.11	9521.30
694.43	7466.31
694.75	6960.75
695.06	7562.27
695.38	10202.40
695.70	7393.75
696.02	7297.79
696.34	6366.26
696.66	6300.72
696.98	5210.03
697.29	7311.83
697.61	11239.25
697.93	9785.78
698.25	13736.60
698.57	7999.95
698.89	5423.02
699.20	6679.89
699.52	11073.07
699.84	5109.39
700.16	6871.81
700.48	10296.02
700.79	5893.47
701.11	11595.01
701.43	9104.68
701.75	6204.76
702.07	6651.80
702.38	11880.56
702.70	5935.60
703.02	5898.15
703.34	8571.04
703.65	7438.22
703.97	6771.17
704.29	5226.42
704.61	5764.74
704.92	9029.79
705.24	6572.22
705.56	9336.40
705.87	9860.68
706.19	7316.51
706.51	5420.68
706.82	9987.07
707.14	6186.04
707.46	5245.14
707.78	5907.51
708.09	8273.79
708.41	9586.83
708.73	7592.70
709.04	10141.54
709.36	6560.52
709.68	7166.72
709.99	13273.18
710.31	10202.40
710.62	7243.96
710.94	6469.24
711.26	7999.95
711.57	6619.04
711.89	5687.50
712.21	15063.69
712.52	7197.15
712.84	10424.75
713.15	7693.34
713.47	9071.92
713.79	5530.69
714.10	6225.82
714.42	6712.66
714.73	10761.78
715.05	5376.21
715.36	5757.72
715.68	6078.37
715.99	6523.07
716.31	9619.60
716.63	8348.69
716.94	9528.32
717.26	19756.46
717.57	9137.45
717.89	11473.31
718.20	6141.57
718.52	9488.53
718.83	6925.65
719.15	14789.85
719.46	14094.71
719.78	7754.19
720.09	6988.84
720.41	5902.83
720.72	5607.92
721.04	5771.76
721.35	6892.88
721.67	6937.35
721.98	6675.21
722.29	6583.93
722.61	6230.51
722.92	5043.85
723.24	6860.11
723.55	7571.63
723.87	7735.47
724.18	8870.63
724.50	5678.14
724.81	7012.24
725.12	7190.13
725.44	8217.62
725.75	7499.08
726.07	10527.73
726.38	8203.58
726.69	6626.06
727.01	8894.04
727.32	9224.05
727.63	6562.86
727.95	10834.34
728.26	6314.77
728.58	8896.38
728.89	6410.73
729.20	7126.93
729.52	5727.29
729.83	13570.43
730.14	8479.76
730.46	7068.42
730.77	9743.65
731.08	8566.36
731.39	6956.07
731.71	7208.85
732.02	9032.13
732.33	7208.85
732.65	6649.46
732.96	10792.21
733.27	9135.11
733.59	14375.57
733.90	9575.13
734.21	5750.70
734.52	6895.22
734.84	16767.60
735.15	6567.54
735.46	6740.74
735.77	7515.46
736.09	7222.89
736.40	10951.37
736.71	9071.92
737.02	5605.58
737.33	6698.61
737.65	6085.39
737.96	7466.31
738.27	7623.12
738.58	13401.91
738.89	8561.68
739.21	6396.68
739.52	5345.78
739.83	8634.24
740.14	6080.71
740.45	7335.24
740.76	6443.49
741.08	5540.05
741.39	7080.12
741.70	6464.56
742.01	7653.55
742.32	10108.77
742.63	7672.28
742.94	6031.56
743.26	8599.13
743.57	8215.28
743.88	9202.99
744.19	7826.75
744.50	6864.79
744.81	12638.89
745.12	7110.55
745.43	7131.61
745.74	15309.44
746.05	11555.22
746.36	5156.20
746.67	12063.12
746.99	6848.41
747.30	8358.05
747.61	6303.06
747.92	7826.75
748.23	10134.52
748.54	6848.41
748.85	6899.90
749.16	7468.65
749.47	5947.30
749.78	6913.94
750.09	6843.73
750.40	7941.44
750.71	7592.70
751.02	8489.12
751.33	7016.93
751.64	8138.04
751.95	7206.51
752.26	8648.28
752.57	8725.52
752.88	6792.23
753.19	7370.35
753.50	10303.04
753.81	6979.48
754.11	7351.62
754.42	16875.26
754.73	7412.48
755.04	7985.91
755.35	7747.17
755.66	13961.30
755.97	5907.51
756.28	5818.57
756.59	8638.92
756.90	16753.55
757.21	8278.47
757.52	11110.52
757.82	8131.02
758.13	6389.66
758.44	9886.42
758.75	8587.43
759.06	6403.71
759.37	5935.60
759.68	8060.80
759.98	6532.44
760.29	8648.28
760.60	7473.33
760.91	5348.12
761.22	7042.67
761.53	7545.89
761.83	6263.27
762.14	7538.87
762.45	6569.88
762.76	5610.26
763.07	8334.65
763.37	15922.66
763.68	11363.30
763.99	13233.39
764.30	11620.76
764.60	6406.05
764.91	10078.35
765.22	7681.64
765.53	13420.63
765.84	7974.21
766.14	6986.50
766.45	5383.23
766.76	11211.17
767.06	11847.79
767.37	6974.80
767.68	7393.75
767.99	6822.66
768.29	6459.88
768.60	7255.66
768.91	10160.27
769.21	13036.78
769.52	10944.34
769.83	7089.48
770.13	7351.62
770.44	6841.39
770.75	9076.60
771.05	7459.29
771.36	9013.40
771.67	7566.95
771.97	6773.51
772.28	7026.29
772.59	7714.41
772.89	9441.72
773.20	6466.90
773.51	6384.98
773.81	11679.27
774.12	5956.66
774.42	7358.64
774.73	6076.03
775.04	6246.89
775.34	21359.73
775.65	8507.85
775.95	12430.59
776.26	8175.49
776.56	6518.39
776.87	8542.96
777.18	65535.00
777.48	17998.72
777.79	7702.70
778.09	11115.20
778.40	6904.58
778.70	6806.28
779.01	10906.90
779.31	7620.78
779.62	6752.45
779.92	8997.02
780.23	8737.22
780.53	5722.61
780.84	7094.16
781.14	6593.29
781.45	6485.62
781.75	9280.22
782.06	6176.67
782.36	8159.11
782.67	6101.78
782.97	6296.04
783.28	13207.64
783.58	6768.83
783.89	6670.53
784.19	8336.99
784.49	12826.14
784.80	7129.27
785.10	12865.92
785.41	5959.00
785.71	8678.71
786.02	8404.86
786.32	13781.07
786.62	9111.71
786.93	11580.97
787.23	6537.12
787.54	6979.48
787.84	12482.08
788.14	8685.73
788.45	8657.64
788.75	6532.44
789.05	5795.17
789.36	6963.09
789.66	13874.70
789.96	9090.64
790.27	7447.58
790.57	7286.09
790.87	6216.46
791.18	6284.34
791.48	6228.17
791.78	8187.19
792.09	8573.38
792.39	6373.28
792.69	9584.49
793.00	8311.24
793.30	8959.57
793.60	5650.05
793.90	5289.61
794.21	8524.23
794.51	16879.94
794.81	10764.12
795.11	7424.18
795.42	6457.54
795.72	11445.22
796.02	9383.21
796.32	8477.42
796.63	8596.79
796.93	10036.22
797.23	9034.47
797.53	7932.08
797.84	10396.66
798.14	6406.05
798.44	8161.45
798.74	8564.02
799.04	8095.91
799.34	6029.22
799.65	16142.67
799.95	7831.43
800.25	7190.13
800.55	6820.32
800.85	7974.21
801.15	6345.19
801.46	7344.60
801.76	17851.27
802.06	6736.06
802.36	9249.80
802.66	6768.83
802.96	9287.25
803.26	10817.96
803.56	13350.42
803.87	16362.69
804.17	7267.36
804.47	9706.20
804.77	10588.58
805.07	10689.23
805.37	9755.35
805.67	8957.23
805.97	7016.93
806.27	7375.03
806.57	6834.36
806.87	11742.47
807.17	7990.59
807.47	11524.80
807.77	10902.22
808.07	6771.17
808.37	11564.59
808.67	7723.77
808.98	15211.14
809.28	6932.67
809.58	16063.10
809.88	10455.17
810.18	14551.11
810.47	7166.72
810.77	7204.17
811.07	9301.29
811.37	8645.94
811.67	6317.11
811.97	5341.10
812.27	6155.61
812.57	5476.85
812.87	6586.27
813.17	6408.39
813.47	6221.14
813.77	6740.74
814.07	6452.86
814.37	9891.10
814.67	6314.77
814.97	7255.66
815.27	6214.12
815.56	8582.74
815.86	11145.63
816.16	8037.40
816.46	5937.94
816.76	6530.09
817.06	10223.46
817.36	12573.36
817.66	7588.02
817.95	6031.56
818.25	8416.57
818.55	9841.95
818.85	9392.57
819.15	6670.53
819.45	12940.82
819.75	7463.97
820.04	7337.58
820.34	15716.70
820.64	9741.31
820.94	12416.54
821.24	7028.63
821.53	7564.61
821.83	6469.24
822.13	5954.32
822.43	7000.54
822.72	5720.27
823.02	6494.99
823.32	6022.20
823.62	8021.02
823.91	15044.96
824.21	5713.25
824.51	8519.55
824.81	7014.59
825.10	5668.78
825.40	9233.41
825.70	7599.72
826.00	12809.75
826.29	6555.84
826.59	8210.60
826.89	6981.82
827.18	6305.40
827.48	6485.62
827.78	5984.75
828.07	7655.89
828.37	9277.88
828.67	8411.89
828.96	7559.93
829.26	6443.49
829.56	10630.71
829.85	6747.76
830.15	8318.26
830.45	5706.23
830.74	12116.95
831.04	9385.55
831.34	10064.30
831.63	13233.39
831.93	9717.90
832.22	9378.53
832.52	7466.31
832.82	5909.85
833.11	5902.83
833.41	6326.47
833.70	6764.15
834.00	10377.94
834.29	7712.07
834.59	5682.82
834.89	8514.87
835.18	7035.65
835.48	12704.43
835.77	9034.47
836.07	9158.52
836.36	8744.24
836.66	10181.33
836.95	7398.43
837.25	6466.90
837.54	8624.87
837.84	6654.14
838.13	7709.72
838.43	6214.12
838.72	13654.69
839.02	10469.22
839.31	6356.90
839.61	10438.79
839.90	5430.04
840.20	7644.19
840.49	5956.66
840.78	8156.77
841.08	9219.37
841.37	6715.00
841.67	5926.24
841.96	8746.58
842.26	7852.50
842.55	5621.97
842.84	6171.99
843.14	9912.17
843.43	5741.33
843.73	7279.07
844.02	5575.16
844.31	7234.60
844.61	6562.86
844.90	8292.52
845.20	7676.96
845.49	5416.00
845.78	6782.87
846.08	5933.26
846.37	4999.38
846.66	8432.95
846.96	8697.43
847.25	8369.76
847.54	5813.89
847.84	8755.94
848.13	7143.32
848.42	9668.75
848.72	6289.02
849.01	8882.33
849.30	6387.32
849.59	6106.46
849.89	6258.59
850.18	11997.59
850.47	6169.65
850.76	17954.25
851.06	14293.65
851.35	8397.84
851.64	9544.70
851.93	7796.32
852.23	10654.12
852.52	6857.77
852.81	6476.26
853.10	7190.13
853.40	5444.09
853.69	5554.09
853.98	7372.69
854.27	9661.73
854.56	6583.93
854.86	8505.51
855.15	7674.62
855.44	8065.49
855.73	5437.06
856.02	6438.81
856.31	9493.21
856.61	8196.56
856.90	6787.55
857.19	5748.36
857.48	5598.56
857.77	5844.32
858.06	4858.95
858.35	5647.71
858.65	11349.26
858.94	9102.34
859.23	7211.19
859.52	9224.05
859.81	11611.40
860.10	6354.55
860.39	8938.51
860.68	7478.01
860.97	6069.01
861.26	6265.61
861.55	12119.29
861.85	7494.40
862.14	9015.74
862.43	9579.81
862.72	7758.88
863.01	5617.29
863.30	6651.80
863.59	7295.45
863.88	6925.65
864.17	7143.32
864.46	6078.37
864.75	14286.63
865.04	7445.24
865.33	5870.06
865.62	10581.56
865.91	6518.39
866.20	8690.41
866.49	6700.95
866.78	6794.58
867.07	6644.78
867.36	9734.29
867.65	11503.73
867.93	8978.30
868.22	7391.41
868.51	7115.23
868.80	7419.50
869.09	6965.43
869.38	6143.91
869.67	12278.45
869.96	12278.45
870.25	12278.45
