178.76	1710.93
179.14	1710.93
179.52	1710.93
179.90	1591.56
180.28	11164.36
180.66	6179.01
181.04	8559.34
181.42	7655.89
181.80	6434.13
182.18	11201.80
182.55	6040.92
182.93	7412.48
183.31	7339.92
183.69	8166.13
184.07	8402.52
184.45	7197.15
184.83	7386.73
185.21	6761.81
185.59	6827.34
185.97	16725.47
186.35	12156.74
186.72	7122.25
187.10	7332.90
187.48	12159.08
187.86	9067.24
188.24	6679.89
188.62	6267.95
189.00	11358.62
189.38	8135.70
189.75	7499.08
190.13	8182.51
190.51	6324.13
190.89	15473.28
191.27	21418.24
191.65	7066.08
192.03	7885.26
192.40	10569.86
192.78	7822.07
193.16	8997.02
193.54	12531.23
193.92	11157.33
194.30	6869.47
194.67	9741.31
195.05	8470.40
195.43	7559.93
195.81	7124.59
196.19	10934.98
196.56	7906.33
196.94	7405.46
197.32	12006.95
197.70	6663.51
198.08	8835.52
198.45	6974.80
198.83	7777.60
199.21	6960.75
199.59	12596.76
199.97	8341.67
200.34	6111.14
200.72	6754.79
201.10	14464.51
201.48	10345.17
201.85	6457.54
202.23	7059.06
202.61	6923.30
202.99	41757.50
203.36	6986.50
203.74	9128.09
204.12	7075.44
204.49	6698.61
204.87	9121.07
205.25	7286.09
205.63	5783.46
206.00	6628.40
206.38	8028.04
206.76	9949.62
207.14	6902.24
207.51	6047.94
207.89	11325.85
208.27	6427.11
208.64	5514.30
209.02	6705.63
209.40	7042.67
209.77	5874.74
210.15	15044.96
210.53	6003.47
210.90	11569.27
211.28	6373.28
211.66	12273.77
212.03	6803.94
212.41	5961.34
212.79	7307.15
213.16	5991.77
213.54	7852.50
213.92	7995.27
214.29	5654.73
214.67	6726.70
215.05	6986.50
215.42	9446.40
215.80	6972.46
216.17	6920.96
216.55	7887.61
216.93	5891.13
217.30	9331.72
217.68	6511.37
218.05	6803.94
218.43	6562.86
218.81	6958.41
219.18	11665.23
219.56	6876.49
219.93	6825.00
220.31	6593.29
220.69	6153.27
221.06	6270.30
221.44	7756.54
221.81	6303.06
222.19	5746.02
222.56	6312.42
222.94	6965.43
223.32	7733.13
223.69	6480.94
224.07	9109.36
224.44	12894.01
224.82	7712.07
225.19	8667.00
225.57	7730.79
225.94	6771.17
226.32	7487.37
226.69	12615.49
227.07	8795.73
227.44	6801.60
227.82	7974.21
228.19	7199.49
228.57	8894.04
228.94	12006.95
229.32	9750.67
229.69	9048.51
230.07	6958.41
230.44	6359.24
230.82	11108.18
231.19	9643.01
231.57	5640.69
231.94	5863.04
232.32	9355.12
232.69	7274.38
233.07	7815.05
233.44	8486.78
233.82	7281.41
234.19	7562.27
234.57	10160.27
234.94	6609.67
235.31	6848.41
235.69	7265.02
236.06	7714.41
236.44	8695.09
236.81	6045.60
237.19	8229.32
237.56	12037.38
237.93	6654.14
238.31	7943.78
238.68	7073.10
239.06	7801.01
239.43	9109.36
239.81	8327.63
240.18	6033.90
240.55	6394.34
240.93	13188.92
241.30	8021.02
241.67	7307.15
242.05	8748.92
242.42	9645.35
242.80	5902.83
243.17	7953.14
243.54	7976.55
243.92	9708.54
244.29	7164.38
244.66	7705.04
245.04	10209.42
245.41	16582.70
245.78	5909.85
246.16	6911.60
246.53	8994.68
246.90	7162.04
247.28	13441.70
247.65	7075.44
248.02	7286.09
248.40	10274.95
248.77	7585.68
249.14	8650.62
249.52	7059.06
249.89	8732.54
250.26	6450.52
250.64	7637.17
251.01	15590.31
251.38	5928.58
251.75	7499.08
252.13	7028.63
252.50	9151.49
252.87	13745.97
253.25	6073.69
253.62	8175.49
253.99	5851.34
254.36	9760.03
254.74	6841.39
255.11	6197.74
255.48	5764.74
255.85	14420.04
256.23	5916.87
256.60	5345.78
256.97	6981.82
257.34	8313.58
257.71	7646.53
258.09	7037.99
258.46	7894.63
258.83	11669.91
259.20	9818.55
259.58	7274.38
259.95	7531.84
260.32	9668.75
260.69	6108.80
261.06	11131.59
261.44	6462.22
261.81	13364.46
262.18	8088.89
262.55	6450.52
262.92	7421.84
263.29	6733.72
263.67	5851.34
264.04	6766.49
264.41	6995.86
264.78	6773.51
265.15	10539.43
265.52	12594.42
265.90	7653.55
266.27	6658.82
266.64	5851.34
267.01	5561.11
267.38	8203.58
267.75	6347.53
268.12	5423.02
268.50	7267.36
268.87	6466.90
269.24	6457.54
269.61	7899.31
269.98	8353.37
270.35	8175.49
270.72	6375.62
271.09	7133.95
271.46	6825.00
271.83	8081.87
272.21	9514.28
272.58	6237.53
272.95	6494.99
273.32	7613.76
273.69	7529.50
274.06	5703.89
274.43	6382.64
274.80	7246.30
275.17	7955.48
275.54	18455.12
275.91	7566.95
276.28	7508.44
276.65	7772.92
277.02	11445.22
277.39	6345.19
277.76	6345.19
278.13	8779.35
278.50	9097.66
278.87	10574.54
279.24	9371.50
279.61	8744.24
279.98	10148.56
280.35	6712.66
280.72	7733.13
281.09	7328.22
281.46	7716.75
281.83	6387.32
282.20	8133.36
282.57	6775.85
282.94	8219.96
283.31	6747.76
283.68	8152.09
284.05	5926.24
284.42	5528.35
284.79	7903.99
285.16	8823.82
285.53	7606.74
285.90	7581.00
286.27	15279.02
286.64	5703.89
287.01	6562.86
287.38	8758.28
287.75	59519.82
288.12	8667.00
288.49	16985.27
288.86	6153.27
289.23	6455.20
289.59	6497.33
289.96	6282.00
290.33	6583.93
290.70	6897.56
291.07	8688.07
291.44	8222.30
291.81	6237.53
292.18	7641.85
292.55	6909.26
292.91	13404.25
293.28	8657.64
293.65	11049.67
294.02	8049.10
294.39	5886.45
294.76	7129.27
295.13	7578.65
295.50	7300.13
295.86	7391.41
296.23	6754.79
296.60	6202.42
296.97	6773.51
297.34	7293.11
297.71	9296.61
298.07	7602.06
298.44	5696.86
298.81	8271.45
299.18	7801.01
299.55	10824.98
299.91	7328.22
300.28	7442.90
300.65	5561.11
301.02	7899.31
301.39	8489.12
301.75	13865.33
302.12	8540.61
302.49	7229.91
302.86	10958.39
303.23	7751.85
303.59	6209.44
303.96	18033.83
304.33	10160.27
304.70	15494.35
305.06	6892.88
305.43	10736.04
305.80	8601.47
306.17	9312.99
306.53	6560.52
306.90	9753.01
307.27	7517.80
307.64	11005.20
308.00	6703.29
308.37	6684.57
308.74	12732.51
309.11	9392.57
309.47	6614.35
309.84	5900.49
310.21	7272.04
310.57	7777.60
310.94	7056.72
311.31	7648.87
311.67	8016.33
312.04	5743.67
312.41	10129.84
312.77	8407.20
313.14	6415.41
313.51	7159.70
313.87	6651.80
314.24	6635.42
314.61	6499.67
314.97	6789.89
315.34	7672.28
315.71	5804.53
316.07	9291.93
316.44	6012.84
316.81	8863.61
317.17	6441.15
317.54	15960.11
317.91	6619.04
318.27	5727.29
318.64	7105.87
319.00	8966.59
319.37	5706.23
319.74	9575.13
320.10	9914.51
320.47	6958.41
320.83	11159.67
321.20	7129.27
321.57	6286.68
321.93	6785.21
322.30	7824.41
322.66	6448.18
323.03	9142.13
323.40	8219.96
323.76	6619.04
324.13	6642.44
324.49	5575.16
324.86	19234.52
325.22	7665.25
325.59	7215.87
325.95	8037.40
326.32	9760.03
326.68	9413.63
327.05	7185.44
327.42	6207.10
327.78	6623.72
328.15	9741.31
328.51	6595.63
328.88	8683.39
329.24	11541.18
329.61	7410.14
329.97	8870.63
330.34	6590.95
330.70	7545.89
331.07	10934.98
331.43	8851.91
331.80	13673.41
332.16	10525.39
332.52	6270.30
332.89	8395.50
333.25	5607.92
333.62	12741.88
333.98	7173.74
334.35	7087.14
334.71	7611.42
335.08	5909.85
335.44	12486.76
335.81	12650.60
336.17	10403.68
336.53	7272.04
336.90	6246.89
337.26	8594.45
337.63	9757.69
337.99	7913.35
338.36	6090.07
338.72	9228.73
339.08	7543.55
339.45	6139.23
339.81	9874.72
340.18	6918.62
340.54	10616.67
340.90	6478.60
341.27	7199.49
341.63	8552.32
341.99	5511.96
342.36	10628.37
342.72	6069.01
343.09	10637.73
343.45	6558.18
343.81	10738.38
344.18	5760.06
344.54	7136.29
344.90	7941.44
345.27	7555.25
345.63	7056.72
345.99	9298.95
346.36	7487.37
346.72	6045.60
347.08	6120.50
347.45	5570.48
347.81	10263.25
348.17	7803.35
348.54	5790.49
348.90	9348.10
349.26	10038.56
349.62	10829.66
349.99	5472.17
350.35	5355.15
350.71	8102.93
351.08	7468.65
351.44	5387.91
351.80	13678.09
352.16	11910.99
352.53	6249.23
352.89	8631.90
353.25	11318.83
353.61	6822.66
353.98	8840.20
354.34	10396.66
354.70	6499.67
355.06	5324.72
355.43	7466.31
355.79	6906.92
356.15	6956.07
356.51	6036.24
356.88	6230.51
357.24	6998.20
357.60	5645.37
357.96	5376.21
358.32	15822.02
358.69	5589.20
359.05	8116.98
359.41	7609.08
359.77	6073.69
360.13	6195.40
360.49	6218.80
360.86	9270.86
361.22	11571.61
361.58	7976.55
361.94	11262.66
362.30	5951.98
362.66	8498.49
363.03	5390.25
363.39	5273.23
363.75	6392.00
364.11	10377.94
364.47	6366.26
364.83	10729.02
365.19	7730.79
365.56	9132.77
365.92	5378.55
366.28	8826.16
366.64	10122.82
367.00	5458.13
367.36	5621.97
367.72	10097.07
368.08	9460.45
368.44	6635.42
368.80	8564.02
369.17	6885.86
369.53	6918.62
369.89	6132.20
370.25	6061.99
370.61	6314.77
370.97	11052.01
371.33	6588.61
371.69	13156.15
372.05	8463.38
372.41	5982.41
372.77	6726.70
373.13	7817.39
373.49	5343.44
373.85	8124.00
374.21	7651.21
374.57	5968.37
374.93	8985.32
375.29	9474.49
375.65	7559.93
376.01	7403.11
376.37	10551.14
376.73	8875.31
377.09	6003.47
377.45	10143.88
377.81	7082.46
378.17	6078.37
378.53	5277.91
378.89	8601.47
379.25	11169.04
379.61	14712.61
379.97	9668.75
380.33	6558.18
380.69	6230.51
381.05	5788.14
381.41	9123.41
381.77	7442.90
382.13	8744.24
382.49	15044.96
382.85	7604.40
383.21	9006.38
383.57	5516.64
383.93	10918.60
384.28	5263.86
384.64	6626.06
385.00	7721.43
385.36	7543.55
385.72	9191.28
386.08	6190.72
386.44	9109.36
386.80	9081.28
387.16	12713.79
387.52	9867.70
387.87	13774.05
388.23	8189.53
388.59	6368.60
388.95	5558.77
389.31	6696.27
389.67	6981.82
390.03	6394.34
390.38	6532.44
390.74	5205.35
391.10	9495.55
391.46	7845.48
391.82	6256.25
392.18	8463.38
392.54	5100.03
392.89	5717.93
393.25	8610.83
393.61	5937.94
393.97	5727.29
394.33	8009.31
394.68	7241.62
395.04	5636.01
395.40	7482.69
395.76	9315.33
396.12	7456.95
396.47	5926.24
396.83	7243.96
397.19	5624.31
397.55	5811.55
397.90	7456.95
398.26	7375.03
398.62	5790.49
398.98	5139.82
399.33	6792.23
399.69	25577.37
400.05	8500.83
400.41	6071.35
400.76	8844.88
401.12	10396.66
401.48	7927.39
401.84	5947.30
402.19	6347.53
402.55	7850.16
402.91	7335.24
403.26	5387.91
403.62	8573.38
403.98	7337.58
404.34	4933.85
404.69	7232.26
405.05	9399.59
405.41	14534.73
405.76	5954.32
406.12	6003.47
406.48	7068.42
406.83	6289.02
407.19	8622.53
407.55	8114.64
407.90	14485.58
408.26	8624.87
408.62	9376.19
408.97	7309.49
409.33	5598.56
409.68	6026.88
410.04	7665.25
410.40	6019.86
410.75	8327.63
411.11	6045.60
411.47	7639.51
411.82	6712.66
412.18	7328.22
412.53	6899.90
412.89	6427.11
413.25	6822.66
413.60	7412.48
413.96	5298.97
414.31	6429.45
414.67	7578.65
415.03	5364.51
415.38	5753.04
415.74	6560.52
416.09	6778.19
416.45	8659.98
416.80	6186.04
417.16	8613.17
417.51	6825.00
417.87	6686.91
418.23	7913.35
418.58	8313.58
418.94	5067.26
419.29	6171.99
419.65	8124.00
420.00	9130.43
420.36	8362.73
420.71	8432.95
421.07	5788.14
421.42	7138.63
421.78	9378.53
422.13	6808.62
422.49	5767.08
422.84	7435.88
423.20	5308.34
423.55	5626.65
423.91	5563.45
424.26	14340.46
424.61	8521.89
424.97	11555.22
425.32	6125.18
425.68	6738.40
426.03	7845.48
426.39	10253.89
426.74	10132.18
427.10	9757.69
427.45	6286.68
427.80	7688.66
428.16	6977.14
428.51	6977.14
428.87	7772.92
429.22	9638.33
429.58	10459.85
429.93	10525.39
430.28	6101.78
430.64	6420.09
430.99	5373.87
431.35	7735.47
431.70	6715.00
432.05	6801.60
432.41	8594.45
432.76	7744.83
433.11	8124.00
433.47	7983.57
433.82	10775.83
434.17	8212.94
434.53	8058.46
434.88	14473.87
435.24	7822.07
435.59	7595.04
435.94	5797.51
436.30	8542.96
436.65	6434.13
437.00	9675.77
437.35	16620.14
437.71	6799.26
438.06	6487.96
438.41	6307.74
438.77	8088.89
439.12	5352.81
439.47	4856.61
439.83	7955.48
440.18	5411.32
440.53	6705.63
440.88	12704.43
441.24	8898.72
441.59	5720.27
441.94	6607.33
442.30	8475.08
442.65	12828.48
443.00	7222.89
443.35	10661.14
443.71	7030.97
444.06	9823.23
444.41	8212.94
444.76	11576.29
445.11	7204.17
445.47	10553.48
445.82	9228.73
446.17	5989.43
446.52	10513.69
446.88	7419.50
447.23	5254.50
447.58	8102.93
447.93	6155.61
448.28	30349.73
448.63	10967.75
448.99	7112.89
449.34	8603.81
449.69	8964.25
450.04	6464.56
450.39	6384.98
450.74	7162.04
451.10	7019.27
451.45	7424.18
451.80	7728.45
452.15	10239.84
452.50	8470.40
452.85	10087.71
453.21	9064.89
453.56	8032.72
453.91	6946.71
454.26	7602.06
454.61	5963.68
454.96	8751.26
455.31	7047.35
455.66	6377.96
456.01	8170.81
456.36	6612.01
456.72	6085.39
457.07	7999.95
457.42	10703.27
457.77	9362.14
458.12	5928.58
458.47	7506.10
458.82	9858.34
459.17	7370.35
459.52	7562.27
459.87	12173.13
460.22	5753.04
460.57	7417.16
460.92	6289.02
461.27	8411.89
461.62	6832.02
461.97	6001.13
462.32	12294.83
462.67	10902.22
463.02	13860.65
463.38	13631.28
463.73	9214.69
464.08	12580.38
464.43	7789.30
464.78	5767.08
465.12	8362.73
465.47	8858.93
465.82	28961.79
466.17	6729.04
466.52	8849.57
466.87	6462.22
467.22	6097.10
467.57	5327.06
467.92	8121.66
468.27	11241.59
468.62	15342.21
468.97	6874.15
469.32	5100.03
469.67	16126.29
470.02	14572.18
470.37	6282.00
470.72	7786.96
471.07	5626.65
471.42	6745.42
471.76	7124.59
472.11	6930.33
472.46	8800.41
472.81	15314.13
473.16	6122.84
473.51	6204.76
473.86	5362.17
474.21	6761.81
474.56	6502.01
474.90	6317.11
475.25	9980.04
475.60	9123.41
475.95	6335.83
476.30	11520.12
476.65	10565.18
477.00	15552.86
477.34	11571.61
477.69	5734.31
478.04	9525.98
478.39	7414.82
478.74	6054.97
479.09	5399.62
479.43	7372.69
479.78	5158.54
480.13	12711.45
480.48	10555.82
480.83	7564.61
481.17	5537.71
481.52	7426.52
481.87	6572.22
482.22	11992.90
482.57	6780.53
482.91	9352.78
483.26	7960.16
483.61	6649.46
483.96	7815.05
484.30	65535.00
484.65	11906.31
485.00	6111.14
485.35	6827.34
485.69	6043.26
486.04	6780.53
486.39	7920.37
486.74	7948.46
487.08	5483.88
487.43	8177.83
487.78	5235.78
488.12	8606.15
488.47	6106.46
488.82	11037.97
489.17	6061.99
489.51	5226.42
489.86	8358.05
490.21	5273.23
490.55	7894.63
490.90	5523.66
491.25	6480.94
491.59	5678.14
491.94	13081.25
492.29	6494.99
492.63	6995.86
492.98	4842.57
493.33	7508.44
493.67	6420.09
494.02	5738.99
494.37	5699.20
494.71	8526.57
495.06	6354.55
495.40	11187.76
495.75	6242.21
496.10	10705.61
496.44	7021.61
496.79	8468.06
497.13	5947.30
497.48	14516.00
497.83	10499.64
498.17	8437.63
498.52	6324.13
498.86	8812.12
499.21	6782.87
499.56	5926.24
499.90	6832.02
500.25	5500.26
500.59	7033.31
500.94	7953.14
501.28	8891.70
501.63	9877.06
501.97	6726.70
502.32	5937.94
502.67	8037.40
503.01	5406.64
503.36	6537.12
503.70	6356.90
504.05	8493.80
504.39	9483.85
504.74	7035.65
505.08	11147.97
505.43	4908.10
505.77	5526.00
506.12	7669.94
506.46	6736.06
506.81	5977.73
507.15	5923.90
507.49	6541.80
507.84	5675.80
508.18	7845.48
508.53	7676.96
508.87	7339.92
509.22	6796.92
509.56	65535.00
509.91	19508.37
510.25	7234.60
510.60	4992.36
510.94	9149.15
511.28	5053.22
511.63	9525.98
511.97	7939.10
512.32	9238.09
512.66	5914.53
513.00	7321.20
513.35	9769.40
513.69	5633.67
514.04	8589.77
514.38	9198.31
514.72	7712.07
515.07	5823.25
515.41	5846.66
515.76	6043.26
516.10	8112.30
516.44	9081.28
516.79	6256.25
517.13	5504.94
517.47	9666.41
517.82	7494.40
518.16	6789.89
518.50	7506.10
518.85	7651.21
519.19	10752.42
519.53	13958.96
519.88	8961.91
520.22	6656.48
520.56	7304.81
520.91	5533.03
521.25	5750.70
521.59	7056.72
521.93	7960.16
522.28	6789.89
522.62	7468.65
522.96	9439.38
523.31	6722.02
523.65	8226.98
523.99	8901.06
524.33	11538.84
524.68	8414.23
525.02	5568.13
525.36	7962.50
525.70	5317.70
526.05	6160.29
526.39	5706.23
526.73	8542.96
527.07	7485.03
527.41	11002.86
527.76	6026.88
528.10	6693.93
528.44	8248.05
528.78	6974.80
529.12	8788.71
529.47	6778.19
529.81	9420.66
530.15	9504.92
530.49	8353.37
530.83	5167.90
531.18	5769.42
531.52	6944.37
531.86	5427.70
532.20	7342.26
532.54	10001.11
532.88	4964.28
533.22	6717.34
533.57	7494.40
533.91	9757.69
534.25	5530.69
534.59	11344.58
534.93	8879.99
535.27	5991.77
535.61	6813.30
535.95	11084.78
536.30	9160.86
536.64	7166.72
536.98	4795.76
537.32	6619.04
537.66	5053.22
538.00	8304.22
538.34	8416.57
538.68	8259.75
539.02	11850.13
539.36	6436.47
539.70	5423.02
540.04	6906.92
540.39	20407.13
540.73	5837.30
541.07	7335.24
541.41	7735.47
541.75	7929.74
542.09	10289.00
542.43	8084.21
542.77	7222.89
543.11	7726.11
543.45	7131.61
543.79	9575.13
544.13	6469.24
544.47	6778.19
544.81	5914.53
545.15	8397.84
545.49	7171.40
545.83	5844.32
546.17	6654.14
546.51	4873.00
546.85	6298.38
547.19	11302.45
547.53	5516.64
547.87	8716.16
548.21	12343.99
548.54	7414.82
548.88	6101.78
549.22	6083.05
549.56	5249.82
549.90	6249.23
550.24	7215.87
550.58	5823.25
550.92	10083.03
551.26	6469.24
551.60	11375.00
551.94	6623.72
552.28	6527.75
552.61	8681.05
552.95	6565.20
553.29	6083.05
553.63	7447.58
553.97	11709.70
554.31	9500.23
554.65	10764.12
554.99	10611.99
555.32	6539.46
555.66	8271.45
556.00	4896.40
556.34	6726.70
556.68	7414.82
557.02	9591.52
557.36	7377.37
557.69	7117.57
558.03	6314.77
558.37	13207.64
558.71	15030.92
559.05	10806.25
559.38	11850.13
559.72	5954.32
560.06	9146.81
560.40	8571.04
560.74	10249.21
561.07	8262.09
561.41	9078.94
561.75	8222.30
562.09	6338.17
562.42	9231.07
562.76	8585.08
563.10	7452.27
563.44	25350.34
563.77	7801.01
564.11	8348.69
564.45	9977.70
564.79	8273.79
565.12	7386.73
565.46	7679.30
565.80	7925.05
566.14	7709.72
566.47	9666.41
566.81	5891.13
567.15	7627.81
567.48	8163.79
567.82	8744.24
568.16	7447.58
568.49	6176.67
568.83	5626.65
569.17	7066.08
569.50	8114.64
569.84	11248.61
570.18	8032.72
570.51	11545.86
570.85	7129.27
571.19	6665.85
571.52	6146.25
571.86	9598.54
572.20	6560.52
572.53	11445.22
572.87	6129.86
573.21	5898.15
573.54	5671.12
573.88	7915.69
574.21	7344.60
574.55	7068.42
574.89	10071.33
575.22	9418.32
575.56	6459.88
575.89	6202.42
576.23	6958.41
576.57	8060.80
576.90	6218.80
577.24	7702.70
577.57	5818.57
577.91	7702.70
578.24	5413.66
578.58	7005.22
578.91	8393.16
579.25	6080.71
579.59	7344.60
579.92	6967.77
580.26	5633.67
580.59	8018.68
580.93	8042.08
581.26	6693.93
581.60	8198.90
581.93	8674.03
582.27	11393.73
582.60	5839.64
582.94	7604.40
583.27	5692.18
583.61	6881.18
583.94	7716.75
584.28	5416.00
584.61	6813.30
584.94	8629.56
585.28	8507.85
585.61	8929.14
585.95	8524.23
586.28	11768.21
586.62	13682.77
586.95	7063.74
587.29	12606.13
587.62	15887.56
587.95	5825.59
588.29	7733.13
588.62	8421.25
588.96	9558.75
589.29	6588.61
589.62	6490.31
589.96	6808.62
590.29	6427.11
590.63	5488.56
590.96	8954.89
591.29	9420.66
591.63	9884.08
591.96	5696.86
592.29	6813.30
592.63	6497.33
592.96	7838.45
593.30	12255.04
593.63	7953.14
593.96	5804.53
594.30	6555.84
594.63	8039.74
594.96	13301.26
595.30	7307.15
595.63	6607.33
595.96	6223.48
596.29	8107.62
596.63	6661.16
596.96	9104.68
597.29	8463.38
597.63	5242.80
597.96	10413.04
598.29	9881.74
598.63	9628.96
598.96	5951.98
599.29	6480.94
599.62	6251.57
599.96	6155.61
600.29	6932.67
600.62	5921.56
600.95	6438.81
601.29	7068.42
601.62	7976.55
601.95	7236.94
602.28	6249.23
602.61	20779.28
602.95	7295.45
603.28	12463.35
603.61	6157.95
603.94	9577.47
604.27	5963.68
604.61	8699.77
604.94	8124.00
605.27	7831.43
605.60	5839.64
605.93	6382.64
606.27	9537.68
606.60	7185.44
606.93	5645.37
607.26	11384.37
607.59	7157.36
607.92	9811.53
608.26	6787.55
608.59	6289.02
608.92	6963.09
609.25	5827.93
609.58	8086.55
609.91	8610.83
610.24	13902.78
610.57	8280.82
610.90	9933.23
611.24	5308.34
611.57	5383.23
611.90	9266.18
612.23	7054.37
612.56	9275.54
612.89	8863.61
613.22	9046.17
613.55	5486.22
613.88	9736.63
614.21	6071.35
614.54	8299.54
614.87	5956.66
615.20	4908.10
615.53	10188.35
615.87	6450.52
616.20	7419.50
616.53	10595.61
616.86	7258.00
617.19	8409.54
617.52	9153.84
617.85	6712.66
618.18	6127.52
618.51	6836.70
618.84	8891.70
619.17	7007.56
619.50	11232.23
619.83	10902.22
620.16	8681.05
620.49	6473.92
620.82	14731.33
621.14	10939.66
621.47	7709.72
621.80	10155.58
622.13	7620.78
622.46	15302.42
622.79	8870.63
623.12	5701.54
623.45	9600.88
623.78	8854.25
624.11	5916.87
624.44	8102.93
624.77	6237.53
625.10	6225.82
625.43	5884.11
625.75	7487.37
626.08	6230.51
626.41	5863.04
626.74	7215.87
627.07	6722.02
627.40	12615.49
627.73	6572.22
628.06	6106.46
628.38	4919.81
628.71	9092.98
629.04	10186.01
629.37	9032.13
629.70	7660.57
630.03	5973.05
630.36	10150.90
630.68	9289.59
631.01	6291.36
631.34	11190.10
631.67	6424.77
632.00	5203.01
632.32	9448.74
632.65	10188.35
632.98	7899.31
633.31	7393.75
633.64	9423.00
633.96	6097.10
634.29	11400.75
634.62	7485.03
634.95	8121.66
635.27	7573.97
635.60	8943.19
635.93	8032.72
636.26	8079.53
636.58	6628.40
636.91	6480.94
637.24	6359.24
637.57	7552.91
637.89	8400.18
638.22	6509.03
638.55	7716.75
638.87	8016.33
639.20	9057.87
639.53	8259.75
639.86	6349.87
640.18	5825.59
640.51	7683.98
640.84	8018.68
641.16	5858.36
641.49	7969.52
641.82	5900.49
642.14	5940.28
642.47	14581.54
642.80	7016.93
643.12	9865.36
643.45	7145.66
643.78	7676.96
644.10	6253.91
644.43	7246.30
644.75	10293.68
645.08	5320.04
645.41	8315.92
645.73	5942.62
646.06	15758.83
646.39	9535.34
646.71	6490.31
647.04	6256.25
647.36	5238.12
647.69	8863.61
648.01	7644.19
648.34	6232.85
648.67	9902.81
648.99	10724.33
649.32	6150.93
649.64	5537.71
649.97	4947.89
650.29	5579.84
650.62	15068.37
650.94	7524.82
651.27	11510.75
651.59	7030.97
651.92	4931.51
652.25	8219.96
652.57	5973.05
652.90	6085.39
653.22	7819.73
653.55	7915.69
653.87	5165.56
654.20	7510.78
654.52	11545.86
654.84	7066.08
655.17	8411.89
655.49	11552.88
655.82	6808.62
656.14	8025.70
656.47	11435.86
656.79	12114.61
657.12	6743.08
657.44	6761.81
657.77	9205.33
658.09	7648.87
658.41	7084.80
658.74	8816.80
659.06	5507.28
659.39	7131.61
659.71	6499.67
660.03	7138.63
660.36	6722.02
660.68	10267.93
661.01	13785.76
661.33	10881.15
661.65	6502.01
661.98	14448.13
662.30	14075.98
662.63	7452.27
662.95	7009.90
663.27	6211.78
663.60	5624.31
663.92	7068.42
664.24	7108.21
664.57	5874.74
664.89	6291.36
665.21	6431.79
665.54	9846.63
665.86	7627.81
666.18	7751.85
666.51	10750.08
666.83	6616.69
667.15	15545.84
667.47	9900.47
667.80	8489.12
668.12	6303.06
668.44	7667.60
668.77	9090.64
669.09	10480.92
669.41	9123.41
669.73	5521.32
670.06	7356.30
670.38	6967.77
670.70	5537.71
671.02	8468.06
671.35	6520.73
671.67	10991.16
671.99	7014.59
672.31	10476.24
672.63	8042.08
672.96	11566.93
673.28	6565.20
673.60	7712.07
673.92	7557.59
674.24	6157.95
674.57	6239.87
674.89	10169.63
675.21	6988.84
675.53	9415.98
675.85	10331.12
676.17	10443.47
676.50	6045.60
676.82	10237.50
677.14	7676.96
677.46	15049.64
677.78	5682.82
678.10	9970.68
678.42	7419.50
678.75	6494.99
679.07	5949.64
679.39	7234.60
679.71	6761.81
680.03	6679.89
680.35	6581.59
680.67	6633.08
680.99	6267.95
681.31	5596.22
681.63	8528.91
681.96	10600.29
682.28	6665.85
682.60	5851.34
682.92	8823.82
683.24	5441.75
683.56	8784.03
683.88	6340.51
684.20	7000.54
684.52	6619.04
684.84	6485.62
685.16	6789.89
685.48	9420.66
685.80	7859.52
686.12	9481.51
686.44	12245.68
686.76	7243.96
687.08	5554.09
687.40	5837.30
687.72	9582.15
688.04	6228.17
688.36	15124.54
688.68	11410.11
689.00	8430.61
689.32	6970.12
689.64	6733.72
689.96	7091.82
690.28	10101.75
690.60	10635.39
690.92	6296.04
691.24	8779.35
691.56	6796.92
691.88	7047.35
692.19	5989.43
692.51	9605.56
692.83	8369.76
693.15	9181.92
693.47	8191.88
693.79	7592.70
694.11	10015.15
694.43	8039.74
694.75	7133.95
695.06	7782.28
695.38	10506.66
695.70	7648.87
696.02	7709.72
696.34	6565.20
696.66	6560.52
696.98	5338.76
697.29	7515.46
697.61	11618.42
697.93	10169.63
698.25	14244.50
698.57	8128.68
698.89	5607.92
699.20	7136.29
699.52	11583.31
699.84	5322.38
700.16	6958.41
700.48	10787.53
700.79	5919.21
701.11	12313.56
701.43	9535.34
701.75	6452.86
702.07	7000.54
702.38	12458.67
702.70	6209.44
703.02	6202.42
703.34	8896.38
703.65	7747.17
703.97	6913.94
704.29	5324.72
704.61	5959.00
704.92	9467.47
705.24	6787.55
705.56	9755.35
705.87	10260.91
706.19	7391.41
706.51	5413.66
706.82	10324.10
707.14	6228.17
707.46	5469.83
707.78	6015.18
708.09	8643.60
708.41	9947.28
708.73	7988.25
709.04	10623.69
709.36	6825.00
709.68	7389.07
709.99	13434.68
710.31	10670.50
710.62	7700.36
710.94	7005.22
711.26	8255.07
711.57	6958.41
711.89	5762.40
712.21	15770.53
712.52	7515.46
712.84	10972.43
713.15	7964.84
713.47	9699.18
713.79	5687.50
714.10	6520.73
714.42	6920.96
714.73	11169.04
715.05	5497.92
715.36	5865.38
715.68	6277.32
715.99	6785.21
716.31	9884.08
716.63	8718.50
716.94	9806.84
717.26	20545.22
717.57	9413.63
717.89	11758.85
718.20	6284.34
718.52	9797.48
718.83	7250.98
719.15	15185.40
719.46	14874.10
719.78	7964.84
720.09	7255.66
720.41	6146.25
720.72	5746.02
721.04	5898.15
721.35	7199.49
721.67	7028.63
721.98	6810.96
722.29	6820.32
722.61	6541.80
722.92	5231.10
723.24	6843.73
723.55	7719.09
723.87	7995.27
724.18	9053.19
724.50	5818.57
724.81	7318.86
725.12	7428.86
725.44	8615.51
725.75	7712.07
726.07	10878.81
726.38	8491.46
726.69	6927.99
727.01	9046.17
727.32	9568.11
727.63	6799.26
727.95	11105.84
728.26	6663.51
728.58	9205.33
728.89	6719.68
729.20	7440.56
729.52	6125.18
729.83	14146.20
730.14	8872.97
730.46	7368.01
730.77	10115.80
731.08	9064.89
731.39	7042.67
731.71	7578.65
732.02	9425.34
732.33	7391.41
732.65	6817.98
732.96	11157.33
733.27	9633.64
733.59	15049.64
733.90	9923.87
734.21	6012.84
734.52	7115.23
734.84	17678.07
735.15	6670.53
735.46	6986.50
735.77	7665.25
736.09	7267.36
736.40	11405.43
736.71	9310.65
737.02	5750.70
737.33	6927.99
737.65	6392.00
737.96	7609.08
738.27	8116.98
738.58	14054.92
738.89	8891.70
739.21	6511.37
739.52	5341.10
739.83	8943.19
740.14	6345.19
740.45	7578.65
740.76	6848.41
741.08	5898.15
741.39	7225.23
741.70	6843.73
742.01	7990.59
742.32	10345.17
742.63	8086.55
742.94	6324.13
743.26	8924.46
743.57	8369.76
743.88	9607.90
744.19	8219.96
744.50	6984.16
744.81	13151.47
745.12	7173.74
745.43	7187.79
745.74	15815.00
746.05	11953.12
746.36	5416.00
746.67	12795.71
746.99	6956.07
747.30	8774.67
747.61	6736.06
747.92	8009.31
748.23	10672.84
748.54	7112.89
748.85	7140.97
749.16	7831.43
749.47	6146.25
749.78	7089.48
750.09	6890.54
750.40	8374.44
750.71	8140.38
751.02	8641.26
751.33	7389.07
751.64	8348.69
751.95	7461.63
752.26	8926.80
752.57	9125.75
752.88	7112.89
753.19	7564.61
753.50	10876.47
753.81	7232.26
754.11	7569.29
754.42	17628.92
754.73	7683.98
755.04	8294.86
755.35	8285.50
755.66	14174.28
755.97	5989.43
756.28	5991.77
756.59	8975.95
756.90	18029.15
757.21	8484.44
757.52	11688.64
757.82	8334.65
758.13	6642.44
758.44	10307.72
758.75	9046.17
759.06	6399.02
759.37	6143.91
759.68	8393.16
759.98	6691.59
760.29	8980.64
760.60	8079.53
760.91	5661.76
761.22	7353.96
761.53	7985.91
761.83	6410.73
762.14	7829.09
762.45	6698.61
762.76	5809.21
763.07	8690.41
763.37	16678.66
763.68	11714.38
763.99	13650.00
764.30	12236.32
764.60	6597.97
764.91	10471.56
765.22	7936.76
765.53	14064.28
765.84	8259.75
766.14	7321.20
766.45	5659.42
766.76	11627.78
767.06	12351.01
767.37	7037.99
767.68	7660.57
767.99	7063.74
768.29	6715.00
768.60	7641.85
768.91	10443.47
769.21	13600.85
769.52	11290.74
769.83	7454.61
770.13	7679.30
770.44	7073.10
770.75	9128.09
771.05	7487.37
771.36	9359.80
771.67	7983.57
771.97	7054.37
772.28	7169.06
772.59	8084.21
772.89	9825.57
773.20	6548.82
773.51	6600.31
773.81	12301.86
774.12	6029.22
774.42	7602.06
774.73	6221.14
775.04	6438.81
775.34	22181.26
775.65	8755.94
775.95	13048.49
776.26	8491.46
776.56	6764.15
776.87	8564.02
777.18	65535.00
777.48	18583.85
777.79	8105.28
778.09	11496.71
778.40	6970.12
778.70	7105.87
779.01	11190.10
779.31	7817.39
779.62	7080.12
779.92	9465.13
780.23	9013.40
780.53	5895.81
780.84	7403.11
781.14	6883.52
781.45	6710.32
781.75	9722.59
782.06	6431.79
782.36	8561.68
782.67	6340.51
782.97	6516.05
783.28	13823.20
783.58	6920.96
783.89	6932.67
784.19	8826.16
784.49	12968.91
784.80	7297.79
785.10	13479.15
785.41	6230.51
785.71	9071.92
786.02	8442.31
786.32	14558.13
786.62	9745.99
786.93	12241.00
787.23	6869.47
787.54	7222.89
787.84	13011.04
788.14	8905.74
788.45	9062.55
788.75	10878.81
789.05	6094.76
789.36	7447.58
789.66	14532.39
789.96	9617.26
790.27	7857.18
790.57	8124.00
790.87	6441.15
791.18	6518.39
791.48	6331.15
791.78	8606.15
792.09	9029.79
792.39	6700.95
792.69	9973.02
793.00	8713.81
793.30	9298.95
793.60	6001.13
793.90	5734.31
794.21	8732.54
794.51	17731.90
794.81	11260.32
795.11	7871.22
795.42	6726.70
795.72	11833.75
796.02	9724.93
796.32	8753.60
796.63	8791.05
796.93	10424.75
797.23	9303.63
797.53	8304.22
797.84	10853.06
798.14	6579.25
798.44	8603.81
798.74	9160.86
799.04	8442.31
799.34	5994.11
799.65	16402.47
799.95	8198.90
800.25	7227.57
800.55	7115.23
800.85	8339.33
801.15	6518.39
801.46	7545.89
801.76	18492.57
802.06	6897.56
802.36	8505.51
802.66	6911.60
802.96	9509.60
803.26	11293.08
803.56	13790.44
803.87	17174.85
804.17	7623.12
804.47	10040.90
804.77	10937.32
805.07	11115.20
805.37	9994.09
805.67	9486.19
805.97	7180.76
806.27	7449.93
806.57	7117.57
806.87	12152.06
807.17	8259.75
807.47	11620.76
807.77	11318.83
808.07	7098.84
808.37	11906.31
808.67	8170.81
808.98	15875.85
809.28	7211.19
809.58	16638.87
809.88	10752.42
810.18	15091.77
810.47	7302.47
810.77	7473.33
811.07	9734.29
811.37	8842.54
811.67	6284.34
811.97	5591.54
812.27	6340.51
812.57	5551.75
812.87	6815.64
813.17	6574.56
813.47	6518.39
813.77	6916.28
814.07	6846.07
814.37	10403.68
814.67	6677.55
814.97	7552.91
815.27	6408.39
815.56	9060.21
815.86	11756.51
816.16	8208.26
816.46	6047.94
816.76	6628.40
817.06	10757.10
817.36	13149.13
817.66	7915.69
817.95	6410.73
818.25	8568.70
818.55	10464.54
818.85	9816.21
819.15	6853.09
819.45	13621.92
819.75	7538.87
820.04	7611.42
820.34	16350.98
820.64	10178.99
820.94	13193.60
821.24	7384.39
821.53	7871.22
821.83	6839.05
822.13	6195.40
822.43	7201.83
822.72	5954.32
823.02	6586.27
823.32	6305.40
823.62	8299.54
823.91	15332.85
824.21	5998.79
824.51	8542.96
824.81	7269.70
825.10	5879.43
825.40	9577.47
825.70	7817.39
826.00	13102.32
826.29	6885.86
826.59	8568.70
826.89	7262.68
827.18	6668.19
827.48	6722.02
827.78	6225.82
828.07	7880.58
828.37	9731.95
828.67	8484.44
828.96	7936.76
829.26	6841.39
829.56	10953.71
829.85	6782.87
830.15	8535.93
830.45	5841.98
830.74	12620.17
831.04	9617.26
831.34	10466.88
831.63	13916.83
831.93	10267.93
832.22	9678.12
832.52	7786.96
832.82	6092.41
833.11	6132.20
833.41	6450.52
833.70	6867.13
834.00	10682.20
834.29	8093.57
834.59	5727.29
834.89	8751.26
835.18	7368.01
835.48	13502.55
835.77	9305.97
836.07	9558.75
836.36	9146.81
836.66	10647.10
836.95	7501.42
837.25	6597.97
837.54	8985.32
837.84	7005.22
838.13	8030.38
838.43	6504.35
838.72	14469.19
839.02	11019.24
839.31	6396.68
839.61	10986.47
839.90	5790.49
840.20	7920.37
840.49	6097.10
840.78	8657.64
841.08	9577.47
841.37	7082.46
841.67	5839.64
841.96	8938.51
842.26	8280.82
842.55	5900.49
842.84	6459.88
843.14	10382.62
843.43	6057.31
843.73	7578.65
844.02	5858.36
844.31	7389.07
844.61	6995.86
844.90	8362.73
845.20	7953.14
845.49	5565.79
845.78	6878.83
846.08	6265.61
846.37	5118.75
846.66	8762.97
846.96	9263.84
847.25	8631.90
847.54	5891.13
847.84	9348.10
848.13	7389.07
848.42	10190.69
848.72	6527.75
849.01	9116.39
849.30	6642.44
849.59	6289.02
849.89	6403.71
850.18	12496.12
850.47	6239.87
850.76	18789.82
851.06	15030.92
851.35	8844.88
851.64	9863.02
851.93	8028.04
852.23	10839.02
852.52	7091.82
852.81	6731.38
853.10	7531.84
853.40	5537.71
853.69	5696.86
853.98	7733.13
854.27	10160.27
854.56	6768.83
854.86	9011.06
855.15	7859.52
855.44	8255.07
855.73	5741.33
856.02	6719.68
856.31	9900.47
856.61	8425.93
856.90	6946.71
857.19	6022.20
857.48	5851.34
857.77	6094.76
858.06	5053.22
858.35	5750.70
858.65	11929.71
858.94	9467.47
859.23	7346.94
859.52	9390.23
859.81	12088.87
860.10	6588.61
860.39	9350.44
860.68	7896.97
860.97	6289.02
861.26	6448.18
861.55	12400.16
861.85	7681.64
862.14	9591.52
862.43	9699.18
862.72	7873.56
863.01	5888.79
863.30	6998.20
863.59	7559.93
863.88	7314.17
864.17	7529.50
864.46	6317.11
864.75	14960.70
865.04	7892.29
865.33	5961.34
865.62	11101.16
865.91	6656.48
866.20	9111.71
866.49	6958.41
866.78	7222.89
867.07	6970.12
867.36	10216.44
867.65	11742.47
867.93	9355.12
868.22	7873.56
868.51	7255.66
868.80	7946.12
869.09	7103.53
869.38	6373.28
869.67	12758.26
869.96	12758.26
870.25	12758.26
