178.76	1678.16
179.14	1678.16
179.52	1678.16
179.90	1624.33
180.28	11548.20
180.66	6466.90
181.04	10005.79
181.42	7721.43
181.80	6567.54
182.18	11552.88
182.55	6286.68
182.93	7691.00
183.31	7442.90
183.69	8393.16
184.07	8582.74
184.45	7335.24
184.83	7414.82
185.21	6874.15
185.59	7049.69
185.97	17404.22
186.35	12531.23
186.72	7449.93
187.10	7585.68
187.48	12365.05
187.86	9509.60
188.24	6970.12
188.62	6576.91
189.00	11653.53
189.38	8407.20
189.75	8435.29
190.13	8257.41
190.51	6586.27
190.89	16102.89
191.27	22237.43
191.65	7379.71
192.03	8287.84
192.40	10850.72
192.78	7899.31
193.16	9181.92
193.54	12936.14
193.92	11344.58
194.30	6995.86
194.67	9928.55
195.05	8861.27
195.43	7761.22
195.81	7255.66
196.19	11414.79
196.56	8065.49
196.94	7714.41
197.32	12444.63
197.70	6888.20
198.08	9181.92
198.45	6960.75
198.83	8011.65
199.21	7183.10
199.59	13228.71
199.97	8552.32
200.34	6104.12
200.72	7049.69
201.10	14902.19
201.48	10473.90
201.85	6848.41
202.23	7286.09
202.61	6897.56
202.99	17039.10
203.36	6665.85
203.74	9727.27
204.12	7534.18
204.49	6951.39
204.87	9322.35
205.25	7566.95
205.63	5919.21
206.00	6834.36
206.38	8280.82
206.76	10237.50
207.14	6967.77
207.51	6148.59
207.89	11494.37
208.27	6619.04
208.64	5710.91
209.02	6930.33
209.40	7330.56
209.77	5827.93
210.15	14799.21
210.53	6148.59
210.90	12510.16
211.28	6513.71
211.66	12826.14
212.03	6679.89
212.41	6005.81
212.79	7599.72
213.16	6136.88
213.54	7964.84
213.92	8196.56
214.29	5865.38
214.67	6988.84
215.05	7250.98
215.42	9792.80
215.80	7087.14
216.17	7077.78
216.55	8313.58
216.93	6164.97
217.30	9481.51
217.68	6771.17
218.05	6981.82
218.43	6850.75
218.81	7194.81
219.18	11941.41
219.56	7033.31
219.93	7026.29
220.31	6904.58
220.69	6244.55
221.06	6370.94
221.44	8184.85
221.81	6590.95
222.19	6029.22
222.56	6452.86
222.94	7105.87
223.32	7913.35
223.69	6579.25
224.07	9219.37
224.44	10445.81
224.82	7857.18
225.19	8835.52
225.57	7831.43
225.94	7115.23
226.32	7555.25
226.69	13006.36
227.07	9132.77
227.44	7059.06
227.82	8526.57
228.19	7155.02
228.57	9111.71
228.94	12404.84
229.32	10132.18
229.69	9619.60
230.07	7211.19
230.44	6569.88
230.82	11583.31
231.19	9748.33
231.57	5841.98
231.94	6026.88
232.32	16098.20
232.69	7562.27
233.07	7861.86
233.44	7108.21
233.82	7143.32
234.19	7826.75
234.57	10593.26
234.94	6726.70
235.31	7066.08
235.69	7660.57
236.06	7927.39
236.44	9029.79
236.81	6282.00
237.19	8374.44
237.56	12519.53
237.93	6726.70
238.31	8219.96
238.68	7272.04
239.06	7943.78
239.43	9336.40
239.81	8496.14
240.18	6204.76
240.55	6539.46
240.93	13523.62
241.30	8334.65
241.67	7569.29
242.05	9142.13
242.42	10209.42
242.80	6024.54
243.17	8189.53
243.54	8112.30
243.92	9563.43
244.29	7489.71
244.66	7854.84
245.04	10794.55
245.41	17039.10
245.78	6118.16
246.16	7122.25
246.53	9406.61
246.90	7365.67
247.28	14176.62
247.65	7414.82
248.02	7517.80
248.40	10541.77
248.77	7915.69
249.14	8868.29
249.52	7272.04
249.89	8877.65
250.26	6555.84
250.64	7831.43
251.01	16236.30
251.38	6160.29
251.75	7632.49
252.13	6977.14
252.50	9535.34
252.87	14228.12
253.25	6251.57
253.62	8334.65
253.99	6054.97
254.36	9760.03
254.74	6904.58
255.11	6403.71
255.48	5774.10
255.85	15012.20
256.23	5949.64
256.60	5664.10
256.97	7159.70
257.34	8566.36
257.71	8046.76
258.09	6998.20
258.46	8306.56
258.83	12114.61
259.20	10394.32
259.58	7349.28
259.95	7747.17
260.32	9888.76
260.69	6335.83
261.06	11934.39
261.44	6466.90
261.81	13870.01
262.18	8428.27
262.55	6731.38
262.92	7775.26
263.29	6951.39
263.67	6001.13
264.04	6930.33
264.41	7000.54
264.78	6764.15
265.15	10981.79
265.52	13441.70
265.90	7777.60
266.27	6590.95
266.64	6113.48
267.01	5586.86
267.38	8542.96
267.75	6487.96
268.12	5568.13
268.50	7220.55
268.87	6473.92
269.24	6160.29
269.61	8124.00
269.98	8697.43
270.35	8432.95
270.72	6436.47
271.09	7323.54
271.46	6764.15
271.83	8241.03
272.21	9769.40
272.58	6253.91
272.95	6635.42
273.32	7695.68
273.69	7735.47
274.06	5720.27
274.43	6406.05
274.80	7569.29
275.17	8156.77
275.54	14349.82
275.91	7566.95
276.28	7651.21
276.65	8037.40
277.02	11803.32
277.39	6380.30
277.76	6560.52
278.13	8741.90
278.50	9057.87
278.87	11103.50
279.24	9792.80
279.61	8837.86
279.98	12100.57
280.35	6651.80
280.72	7927.39
281.09	7318.86
281.46	7730.79
281.83	6384.98
282.20	8318.26
282.57	6647.12
282.94	8374.44
283.31	6881.18
283.68	8226.98
284.05	5865.38
284.42	5703.89
284.79	7854.84
285.16	8798.07
285.53	7616.10
285.90	7573.97
286.27	15627.76
286.64	5675.80
287.01	6361.58
287.38	8870.63
287.75	60420.93
288.12	9022.77
288.49	17654.66
288.86	6324.13
289.23	6291.36
289.59	6459.88
289.96	6183.70
290.33	6534.78
290.70	6801.60
291.07	8760.63
291.44	8180.17
291.81	6080.71
292.18	7529.50
292.55	6806.28
292.91	13383.18
293.28	8603.81
293.65	11492.03
294.02	8372.10
294.39	5727.29
294.76	7307.15
295.13	7646.53
295.50	7176.08
295.86	7215.87
296.23	6665.85
296.60	5973.05
296.97	6693.93
297.34	7382.05
297.71	9338.74
298.07	7538.87
298.44	5526.00
298.81	8311.24
299.18	7779.94
299.55	11332.87
299.91	7192.47
300.28	7665.25
300.65	5603.24
301.02	7885.26
301.39	8454.02
301.75	14078.32
302.12	8524.23
302.49	7269.70
302.86	10881.15
303.23	7665.25
303.59	6132.20
303.96	18078.30
304.33	10200.05
304.70	16035.01
305.06	6782.87
305.43	10773.49
305.80	8704.45
306.17	9212.35
306.53	6567.54
306.90	10092.39
307.27	7686.32
307.64	11154.99
308.00	6644.78
308.37	6548.82
308.74	12734.85
309.11	9289.59
309.47	6595.63
309.84	5898.15
310.21	7475.67
310.57	7824.41
310.94	7037.99
311.31	7695.68
311.67	8386.14
312.04	5607.92
312.41	10214.10
312.77	8308.90
313.14	6541.80
313.51	7349.28
313.87	6846.07
314.24	6635.42
314.61	6497.33
314.97	6839.05
315.34	7613.76
315.71	5685.16
316.07	9563.43
316.44	6036.24
316.81	9291.93
317.17	6532.44
317.54	16947.82
317.91	6553.50
318.27	5678.14
318.64	7124.59
319.00	9217.03
319.37	5717.93
319.74	9898.13
320.10	9937.91
320.47	7014.59
320.83	11431.18
321.20	7344.60
321.57	6097.10
321.93	6885.86
322.30	7641.85
322.66	6480.94
323.03	9076.60
323.40	8283.16
323.76	6637.76
324.13	6593.29
324.49	5736.65
324.86	19674.54
325.22	7789.30
325.59	7337.58
325.95	8095.91
326.32	9867.70
326.68	9437.04
327.05	7309.49
327.42	6403.71
327.78	6693.93
328.15	9813.87
328.51	6438.81
328.88	7667.60
329.24	11396.07
329.61	7566.95
329.97	9163.20
330.34	6707.98
330.70	7632.49
331.07	11283.72
331.43	9238.09
331.80	14127.47
332.16	10967.75
332.52	6218.80
332.89	8667.00
333.25	5879.43
333.62	13193.60
333.98	8060.80
334.35	6546.48
334.71	7662.91
335.08	6125.18
335.44	12659.96
335.81	12791.03
336.17	10670.50
336.53	7475.67
336.90	6134.54
337.26	8877.65
337.63	14462.17
337.99	8159.11
338.36	6221.14
338.72	9514.28
339.08	7861.86
339.45	5973.05
339.81	9830.25
340.18	7110.55
340.54	11091.80
340.90	6717.34
341.27	7403.11
341.63	8840.20
341.99	5500.26
342.36	11112.86
342.72	6202.42
343.09	11131.59
343.45	6574.56
343.81	11323.51
344.18	5802.19
344.54	7363.33
344.90	8147.40
345.27	7627.81
345.63	7255.66
345.99	9301.29
346.36	7606.74
346.72	6204.76
347.08	6216.46
347.45	5774.10
347.81	10523.05
348.17	8004.63
348.54	5930.92
348.90	9509.60
349.26	10317.08
349.62	11335.21
349.99	5619.63
350.35	5387.91
350.71	7962.50
351.08	7543.55
351.44	5476.85
351.80	14466.85
352.16	12315.90
352.53	6286.68
352.89	8870.63
353.25	11648.85
353.61	6897.56
353.98	9263.84
354.34	10672.84
354.70	6792.23
355.06	5502.60
355.43	7611.42
355.79	6960.75
356.15	6986.50
356.51	6225.82
356.88	6408.39
357.24	7005.22
357.60	5710.91
357.96	5465.15
358.32	16475.03
358.69	5682.82
359.05	8311.24
359.41	7899.31
359.77	6193.06
360.13	6366.26
360.49	6251.57
360.86	9834.93
361.22	11791.62
361.58	8013.99
361.94	11761.19
362.30	5991.77
362.66	8800.41
363.03	5345.78
363.39	5479.19
363.75	6415.41
364.11	10839.02
364.47	6593.29
364.83	11330.53
365.19	8006.97
365.56	9570.45
365.92	5514.30
366.28	9107.02
366.64	10534.75
367.00	5694.52
367.36	5703.89
367.72	10380.28
368.08	9891.10
368.44	6658.82
368.80	8765.31
369.17	6785.21
369.53	7073.10
369.89	6427.11
370.25	6401.37
370.61	6555.84
370.97	11318.83
371.33	6712.66
371.69	13612.56
372.05	8777.01
372.41	6097.10
372.77	6817.98
373.13	7918.03
373.49	5348.12
373.85	8454.02
374.21	7918.03
374.57	6069.01
374.93	9408.95
375.29	9631.30
375.65	7693.34
376.01	7691.00
376.37	10918.60
376.73	9050.85
377.09	5991.77
377.45	10555.82
377.81	7054.37
378.17	6293.70
378.53	5472.17
378.89	9013.40
379.25	11501.39
379.61	15316.47
379.97	9949.62
380.33	6722.02
380.69	6572.22
381.05	5851.34
381.41	9589.17
381.77	7470.99
382.13	9158.52
382.49	15665.21
382.85	7726.11
383.21	9430.02
383.57	5605.58
383.93	11157.33
384.28	5493.24
384.64	6789.89
385.00	7927.39
385.36	7691.00
385.72	9577.47
386.08	6328.81
386.44	9289.59
386.80	9437.04
387.16	13102.32
387.52	10155.58
387.87	14335.78
388.23	8404.86
388.59	6452.86
388.95	5799.85
389.31	7152.68
389.67	7117.57
390.03	6619.04
390.38	6696.27
390.74	5317.70
391.10	9907.49
391.46	7768.24
391.82	6373.28
392.18	8760.63
392.54	5259.18
392.89	5872.40
393.25	8828.50
393.61	5879.43
393.97	5650.05
394.33	8411.89
394.68	7398.43
395.04	5867.72
395.40	7552.91
395.76	9736.63
396.12	7826.75
396.47	5970.71
396.83	7456.95
397.19	5827.93
397.55	6134.54
397.90	7581.00
398.26	7667.60
398.62	5860.70
398.98	5149.18
399.33	7037.99
399.69	26096.97
400.05	8732.54
400.41	6181.35
400.76	9116.39
401.12	10846.04
401.48	8252.73
401.84	6314.77
402.19	6682.23
402.55	8248.05
402.91	7620.78
403.26	5561.11
403.62	8819.14
403.98	7550.57
404.34	4945.55
404.69	7234.60
405.05	9444.06
405.41	14902.19
405.76	6197.74
406.12	6167.31
406.48	7227.57
406.83	6399.02
407.19	8945.53
407.55	8432.95
407.90	15293.06
408.26	8947.87
408.62	9549.39
408.97	7339.92
409.33	5687.50
409.68	5963.68
410.04	8116.98
410.40	6345.19
410.75	8526.57
411.11	6183.70
411.47	7932.08
411.82	6897.56
412.18	7583.34
412.53	6951.39
412.89	6413.07
413.25	7384.39
413.60	7475.67
413.96	5619.63
414.31	6867.13
414.67	7918.03
415.03	5589.20
415.38	6015.18
415.74	6855.43
416.09	6956.07
416.45	9011.06
416.80	6157.95
417.16	8997.02
417.51	7117.57
417.87	6705.63
418.23	8070.17
418.58	8439.97
418.94	5100.03
419.29	6345.19
419.65	8063.15
420.00	9397.25
420.36	8159.11
420.71	8683.39
421.07	5912.19
421.42	7501.42
421.78	9970.68
422.13	6946.71
422.49	7021.61
422.84	7705.04
423.20	5385.57
423.55	5802.19
423.91	5872.40
424.26	14888.15
424.61	8779.35
424.97	12145.04
425.32	6258.59
425.68	6888.20
426.03	7969.52
426.39	10836.68
426.74	10511.35
427.10	9966.00
427.45	6530.09
427.80	7941.44
428.16	7152.68
428.51	7297.79
428.87	8051.44
429.22	10059.62
429.58	10970.09
429.93	10698.59
430.28	6207.10
430.64	6452.86
430.99	5383.23
431.35	7896.97
431.70	6937.35
432.05	7126.93
432.41	8568.70
432.76	8175.49
433.11	8542.96
433.47	8175.49
433.82	11339.90
434.17	8484.44
434.53	9561.09
434.88	15293.06
435.24	8194.22
435.59	7543.55
435.94	5905.17
436.30	8634.24
436.65	6750.10
437.00	10033.88
437.35	17376.14
437.71	7007.56
438.06	6597.97
438.41	6532.44
438.77	8271.45
439.12	5437.06
439.47	4980.66
439.83	8070.17
440.18	5565.79
440.53	6890.54
440.88	13027.42
441.24	9177.24
441.59	5891.13
441.94	6810.96
442.30	8812.12
442.65	13392.55
443.00	7389.07
443.35	11269.68
443.71	6946.71
444.06	10253.89
444.41	8496.14
444.76	11948.43
445.11	7405.46
445.47	10773.49
445.82	9654.71
446.17	6080.71
446.52	10881.15
446.88	7707.38
447.23	5313.02
447.58	8301.88
447.93	6253.91
448.28	31730.64
448.63	11625.44
448.99	7335.24
449.34	8997.02
449.69	9401.93
450.04	6583.93
450.39	6567.54
450.74	7466.31
451.10	7262.68
451.45	7468.65
451.80	8063.15
452.15	10738.38
452.50	8585.08
452.85	10335.81
453.21	9399.59
453.56	8156.77
453.91	7169.06
454.26	7646.53
454.61	6134.54
454.96	8961.91
455.31	7112.89
455.66	6722.02
456.01	8608.49
456.36	6715.00
456.72	6279.66
457.07	8079.53
457.42	10913.92
457.77	9628.96
458.12	6129.86
458.47	7747.17
458.82	10164.95
459.17	7555.25
459.52	7719.09
459.87	37762.20
460.22	6296.04
460.57	7592.70
460.92	6527.75
461.27	8659.98
461.62	7035.65
461.97	6174.33
462.32	13006.36
462.67	11372.66
463.02	14429.40
463.38	14473.87
463.73	9357.46
464.08	13170.19
464.43	8046.76
464.78	5867.72
465.12	8685.73
465.47	8950.21
465.82	30890.39
466.17	6834.36
466.52	9212.35
466.87	6548.82
467.22	6246.89
467.57	5542.39
467.92	8161.45
468.27	11719.06
468.62	15789.25
468.97	7056.72
469.32	5446.43
469.67	16809.73
470.02	14885.81
470.37	6422.43
470.72	8065.49
471.07	5598.56
471.42	7059.06
471.76	7318.86
472.11	6972.46
472.46	9034.47
472.81	16301.83
473.16	6251.57
473.51	6338.17
473.86	5640.69
474.21	6977.14
474.56	6743.08
474.90	6581.59
475.25	10384.96
475.60	9231.07
475.95	6373.28
476.30	11953.12
476.65	11040.31
477.00	16255.02
477.34	11967.16
477.69	5902.83
478.04	9825.57
478.39	7716.75
478.74	6153.27
479.09	5451.11
479.43	23264.92
479.78	5612.60
480.13	13839.59
480.48	10689.23
480.83	7791.64
481.17	5713.25
481.52	7616.10
481.87	6878.83
482.22	12573.36
482.57	6944.37
482.91	9804.50
483.26	8304.22
483.61	6773.51
483.96	7983.57
484.30	65535.00
484.65	13114.02
485.00	6092.41
485.35	7138.63
485.69	6183.70
486.04	6986.50
486.39	8196.56
486.74	8065.49
487.08	5542.39
487.43	8411.89
487.78	5254.50
488.12	8449.33
488.47	6502.01
488.82	11396.07
489.17	6132.20
489.51	5305.99
489.86	8444.65
490.21	5308.34
490.55	8161.45
490.90	5647.71
491.25	6712.66
491.59	5858.36
491.94	13633.62
492.29	6703.29
492.63	7398.43
492.98	5043.85
493.33	7714.41
493.67	6588.61
494.02	5872.40
494.37	5834.96
494.71	8716.16
495.06	6424.77
495.40	11201.80
495.75	6307.74
496.10	11096.48
496.44	8578.06
496.79	8872.97
497.13	6122.84
497.48	15344.55
497.83	10731.36
498.17	8765.31
498.52	6001.13
498.86	9495.55
499.21	7173.74
499.56	6153.27
499.90	6967.77
500.25	5586.86
500.59	7337.58
500.94	8390.82
501.28	9294.27
501.63	9584.49
501.97	6768.83
502.32	5996.45
502.67	8372.10
503.01	5631.33
503.36	6707.98
503.70	6424.77
504.05	8842.54
504.39	9729.61
504.74	7087.14
505.08	11590.33
505.43	4922.15
505.77	5776.44
506.12	7819.73
506.46	6939.69
506.81	6115.82
507.15	6085.39
507.49	6649.46
507.84	5961.34
508.18	8077.19
508.53	7772.92
508.87	7510.78
509.22	7005.22
509.56	65535.00
509.91	19735.40
510.25	7496.74
510.60	5240.46
510.94	11433.52
511.28	5198.33
511.63	9973.02
511.97	8159.11
512.32	9540.02
512.66	6111.14
513.00	7468.65
513.35	10122.82
513.69	6141.57
514.04	8835.52
514.38	9380.87
514.72	8070.17
515.07	6125.18
515.41	6036.24
515.76	6136.88
516.10	8184.85
516.44	9444.06
516.79	6541.80
517.13	5673.46
517.47	9951.96
517.82	7833.77
518.16	8561.68
518.50	7705.04
518.85	7946.12
519.19	11054.35
519.53	14618.99
519.88	9380.87
520.22	7094.16
520.56	7414.82
520.91	5626.65
521.25	5940.28
521.59	7220.55
521.93	8322.94
522.28	6995.86
522.62	7178.42
522.96	9713.22
523.31	7000.54
523.65	8390.82
523.99	9121.07
524.33	12273.77
524.68	8641.26
525.02	5659.42
525.36	8465.72
525.70	5521.32
526.05	6274.98
526.39	5937.94
526.73	9165.54
527.07	7674.62
527.41	11407.77
527.76	6153.27
528.10	7309.49
528.44	8484.44
528.78	7227.57
529.12	9165.54
529.47	6817.98
529.81	9769.40
530.15	9949.62
530.49	8769.99
530.83	5390.25
531.18	5792.83
531.52	7091.82
531.86	5575.16
532.20	7602.06
532.54	10274.95
532.88	5046.20
533.22	6932.67
533.57	6399.02
533.91	11742.47
534.25	5621.97
534.59	11550.54
534.93	9310.65
535.27	5776.44
535.61	6874.15
535.95	11810.34
536.30	8856.59
536.64	7588.02
536.98	4767.67
537.32	6813.30
537.66	5097.69
538.00	8535.93
538.34	8697.43
538.68	8643.60
539.02	12404.84
539.36	6562.86
539.70	5603.24
540.04	7501.42
540.39	21483.78
540.73	6073.69
541.07	7342.26
541.41	8126.34
541.75	8128.68
542.09	10775.83
542.43	8365.07
542.77	7393.75
543.11	8039.74
543.45	7679.30
543.79	9982.38
544.13	6820.32
544.47	6923.30
544.81	6202.42
545.15	8746.58
545.49	7037.99
545.83	6024.54
546.17	6820.32
546.51	5135.14
546.85	6546.48
547.19	11903.96
547.53	5523.66
547.87	9095.32
548.21	12807.41
548.54	7595.04
548.88	6296.04
549.22	6101.78
549.56	5654.73
549.90	6466.90
550.24	7262.68
550.58	5996.45
550.92	10415.38
551.26	6597.97
551.60	11815.02
551.94	6839.05
552.28	6839.05
552.61	8870.63
552.95	8875.31
553.29	6462.22
553.63	7550.57
553.97	12170.79
554.31	9872.38
554.65	11143.29
554.99	10867.11
555.32	6586.27
555.66	8620.19
556.00	4990.02
556.34	7258.00
556.68	7700.36
557.02	9820.89
557.36	7864.20
557.69	7379.71
558.03	6541.80
558.37	13593.83
558.71	15702.65
559.05	11213.51
559.38	12257.39
559.72	6150.93
560.06	9659.39
560.40	8769.99
560.74	10415.38
561.07	8568.70
561.41	9626.62
561.75	8346.35
562.09	6502.01
562.42	9628.96
562.76	8727.86
563.10	7777.60
563.44	25975.27
563.77	8065.49
564.11	8575.72
564.45	10300.70
564.79	8781.69
565.12	7756.54
565.46	7803.35
565.80	8212.94
566.14	8250.39
566.47	9926.21
566.81	5982.41
567.15	7751.85
567.48	8521.89
567.82	8713.81
568.16	7730.79
568.49	6111.14
568.83	5699.20
569.17	7332.90
569.50	8252.73
569.84	11604.38
570.18	8308.90
570.51	11974.18
570.85	7173.74
571.19	6923.30
571.52	6193.06
571.86	7934.42
572.20	6832.02
572.53	11559.91
572.87	6427.11
573.21	6029.22
573.54	5678.14
573.88	8102.93
574.21	7723.77
574.55	7377.37
574.89	6593.29
575.22	9488.53
575.56	6530.09
575.89	6392.00
576.23	6986.50
576.57	8283.16
576.90	6338.17
577.24	7967.18
577.57	5762.40
577.91	7936.76
578.24	5509.62
578.58	7360.98
578.91	8704.45
579.25	6202.42
579.59	7723.77
579.92	7265.02
580.26	5844.32
580.59	8355.71
580.93	8294.86
581.26	6715.00
581.60	8484.44
581.93	8891.70
582.27	11857.15
582.60	6017.52
582.94	7702.70
583.27	5783.46
583.61	7185.44
583.94	7920.37
584.28	5462.81
584.61	6853.09
584.94	8865.95
585.28	8795.73
585.61	9884.08
585.95	8795.73
586.28	12304.20
586.62	13989.38
586.95	7499.08
587.29	13149.13
587.62	10462.19
587.95	5680.48
588.29	8006.97
588.62	8718.50
588.96	9909.83
589.29	6707.98
589.62	6614.35
589.96	7066.08
590.29	6621.38
590.63	5626.65
590.96	9287.25
591.29	9591.52
591.63	10279.63
591.96	5951.98
592.29	6846.07
592.63	6490.31
592.96	8140.38
593.30	12767.62
593.63	8140.38
593.96	6092.41
594.30	6813.30
594.63	8290.18
594.96	12484.42
595.30	7297.79
595.63	6848.41
595.96	6361.58
596.29	8369.76
596.63	6810.96
596.96	9357.46
597.29	8491.46
597.63	5434.72
597.96	10876.47
598.29	10396.66
598.63	9825.57
598.96	6303.06
599.29	6623.72
599.62	6436.47
599.96	6450.52
600.29	7171.40
600.62	6083.05
600.95	6651.80
601.29	7012.24
601.62	8147.40
601.95	7379.71
602.28	6300.72
602.61	44470.18
602.95	7801.01
603.28	12613.15
603.61	6232.85
603.94	9907.49
604.27	6162.63
604.61	9130.43
604.94	8437.63
605.27	7948.46
605.60	6129.86
605.93	6612.01
606.27	9809.19
606.60	7417.16
606.93	5666.44
607.26	11861.84
607.59	7393.75
607.92	10195.37
608.26	6916.28
608.59	6274.98
608.92	7066.08
609.25	5940.28
609.58	8362.73
609.91	9100.00
610.24	14644.73
610.57	8594.45
610.90	10097.07
611.24	5451.11
611.57	5460.47
611.90	9547.05
612.23	7286.09
612.56	9362.14
612.89	9022.77
613.22	9327.03
613.55	5481.53
613.88	10033.88
614.21	6050.28
614.54	8327.63
614.87	6289.02
615.20	5074.28
615.53	10583.90
615.87	6494.99
616.20	7850.16
616.53	10888.17
616.86	7360.98
617.19	8664.66
617.52	6679.89
617.85	6703.29
618.18	6148.59
618.51	6939.69
618.84	8978.30
619.17	7293.11
619.50	11583.31
619.83	10925.62
620.16	9083.62
620.49	6668.19
620.82	15080.07
621.14	11339.90
621.47	7080.12
621.80	10375.59
622.13	7847.82
622.46	15915.64
622.79	9205.33
623.12	5806.87
623.45	9799.82
623.78	9116.39
624.11	6092.41
624.44	8250.39
624.77	6410.73
625.10	6272.64
625.43	6029.22
625.75	7672.28
626.08	6789.89
626.41	6146.25
626.74	10263.25
627.07	6986.50
627.40	12901.03
627.73	6771.17
628.06	6118.16
628.38	4983.00
628.71	9439.38
629.04	10651.78
629.37	9420.66
629.70	7836.11
630.03	6106.46
630.36	10450.49
630.68	9441.72
631.01	6738.40
631.34	11747.15
631.67	6626.06
632.00	5123.43
632.32	9666.41
632.65	10719.65
632.98	7985.91
633.31	7470.99
633.64	9659.39
633.96	6202.42
634.29	11695.66
634.62	7768.24
634.95	8212.94
635.27	7906.33
635.60	9418.32
635.93	8428.27
636.26	8369.76
636.58	6817.98
636.91	6525.41
637.24	6382.64
637.57	7679.30
637.89	8863.61
638.22	6635.42
638.55	7833.77
638.87	8051.44
639.20	9303.63
639.53	8828.50
639.86	6530.09
640.18	6113.48
640.51	7899.31
640.84	7990.59
641.16	5886.45
641.49	8388.48
641.82	6181.35
642.14	6202.42
642.47	15002.83
642.80	7316.51
643.12	9944.94
643.45	7309.49
643.78	7789.30
644.10	6478.60
644.43	7653.55
644.75	10974.77
645.08	5472.17
645.41	8634.24
645.73	5951.98
646.06	16304.17
646.39	9617.26
646.71	6651.80
647.04	6410.73
647.36	5369.19
647.69	9029.79
648.01	7735.47
648.34	6380.30
648.67	10424.75
648.99	11220.53
649.32	6394.34
649.64	5540.05
649.97	4938.53
650.29	5706.23
650.62	15522.43
650.94	7721.43
651.27	11861.84
651.59	7470.99
651.92	6581.59
652.25	11297.77
652.57	6024.54
652.90	6073.69
653.22	8212.94
653.55	8053.78
653.87	5214.71
654.20	7761.22
654.52	11913.33
654.84	7286.09
655.17	8788.71
655.49	11995.25
655.82	6864.79
656.14	8196.56
656.47	11775.24
656.79	12713.79
657.12	7098.84
657.44	6813.30
657.77	9628.96
658.09	8079.53
658.41	7300.13
658.74	9121.07
659.06	5874.74
659.39	7353.96
659.71	6635.42
660.03	7625.47
660.36	7037.99
660.68	10630.71
661.01	14478.55
661.33	11393.73
661.65	6614.35
661.98	14923.26
662.30	15190.08
662.63	7906.33
662.95	7220.55
663.27	6441.15
663.60	5764.74
663.92	7358.64
664.24	7260.34
664.57	6040.92
664.89	6654.14
665.21	6722.02
665.54	10122.82
665.86	7765.90
666.18	8002.29
666.51	11187.76
666.83	6850.75
667.15	16236.30
667.47	10289.00
667.80	8669.34
668.12	6546.48
668.44	7793.98
668.77	9242.78
669.09	10848.38
669.41	9640.67
669.73	5610.26
670.06	7555.25
670.38	7084.80
670.70	5551.75
671.02	8828.50
671.35	6757.13
671.67	11382.03
671.99	7194.81
672.31	10876.47
672.63	8493.80
672.96	12095.89
673.28	6839.05
673.60	7751.85
673.92	7864.20
674.24	6270.30
674.57	6424.77
674.89	10443.47
675.21	7173.74
675.53	9893.44
675.85	10757.10
676.17	10876.47
676.50	6188.38
676.82	10656.46
677.14	7887.61
677.46	15599.67
677.78	5729.63
678.10	10141.54
678.42	7510.78
678.75	6754.79
679.07	6026.88
679.39	7295.45
679.71	6832.02
680.03	6663.51
680.35	6759.47
680.67	6946.71
680.99	6331.15
681.31	6188.38
681.63	8669.34
681.96	11026.26
682.28	6860.11
682.60	6195.40
682.92	9135.11
683.24	6223.48
683.56	9310.65
683.88	6497.33
684.20	7424.18
684.52	6993.52
684.84	6647.12
685.16	7335.24
685.48	9589.17
685.80	8226.98
686.12	9191.28
686.44	12678.68
686.76	7330.56
687.08	5685.16
687.40	6216.46
687.72	9816.21
688.04	6513.71
688.36	15665.21
688.68	11845.45
689.00	8667.00
689.32	7063.74
689.64	6970.12
689.96	7155.02
690.28	10619.01
690.60	10925.62
690.92	6642.44
691.24	9132.77
691.56	7056.72
691.88	7342.26
692.19	6242.21
692.51	10036.22
692.83	8627.21
693.15	9680.46
693.47	8652.96
693.79	7999.95
694.11	10492.62
694.43	9596.20
694.75	7487.37
695.06	8423.59
695.38	10991.16
695.70	7878.24
696.02	7894.63
696.34	6885.86
696.66	6820.32
696.98	5549.41
697.29	7597.38
697.61	12243.34
697.93	10509.01
698.25	15133.90
698.57	8702.11
698.89	5884.11
699.20	7255.66
699.52	12016.31
699.84	5359.83
700.16	7288.43
700.48	11243.93
700.79	6134.54
701.11	12943.16
701.43	10008.13
701.75	6665.85
702.07	7164.38
702.38	12894.01
702.70	6544.14
703.02	6289.02
703.34	9275.54
703.65	7922.71
703.97	7328.22
704.29	5554.09
704.61	6113.48
704.92	10036.22
705.24	7042.67
705.56	10242.18
705.87	10497.30
706.19	7496.74
706.51	7192.47
706.82	10778.17
707.14	6298.38
707.46	5483.88
707.78	6258.59
708.09	8933.82
708.41	10487.94
708.73	7985.91
709.04	10780.51
709.36	6965.43
709.68	7604.40
709.99	14087.68
710.31	11269.68
710.62	7620.78
710.94	6949.05
711.26	8582.74
711.57	7087.14
711.89	5968.37
712.21	16329.92
712.52	7838.45
712.84	11431.18
713.15	8208.26
713.47	9830.25
713.79	5928.58
714.10	6733.72
714.42	7318.86
714.73	11716.72
715.05	5764.74
715.36	6073.69
715.68	6504.35
715.99	7091.82
716.31	10260.91
716.63	9006.38
716.94	10064.30
717.26	21294.19
717.57	10017.49
717.89	12524.21
718.20	6490.31
718.52	10104.09
718.83	7428.86
719.15	15894.58
719.46	15382.00
719.78	8395.50
720.09	7665.25
720.41	6207.10
720.72	5973.05
721.04	6204.76
721.35	7438.22
721.67	7353.96
721.98	7169.06
722.29	6836.70
722.61	6665.85
722.92	5345.78
723.24	7176.08
723.55	8252.73
723.87	8301.88
724.18	9444.06
724.50	6078.37
724.81	7513.12
725.12	7700.36
725.44	8809.78
725.75	7967.18
726.07	11335.21
726.38	9034.47
726.69	7152.68
727.01	9252.14
727.32	9280.22
727.63	7045.01
727.95	11686.29
728.26	6757.13
728.58	9490.87
728.89	6855.43
729.20	7634.83
729.52	6232.85
729.83	14628.35
730.14	9123.41
730.46	7871.22
730.77	10705.61
731.08	9221.71
731.39	7260.34
731.71	7798.66
732.02	9877.06
732.33	7517.80
732.65	7112.89
732.96	11487.35
733.27	9935.57
733.59	15215.82
733.90	10436.45
734.21	6094.76
734.52	6860.11
734.84	18867.06
735.15	6878.83
735.46	7227.57
735.77	7903.99
736.09	7714.41
736.40	11733.11
736.71	9769.40
737.02	5797.51
737.33	7117.57
737.65	7351.62
737.96	7983.57
738.27	8294.86
738.58	14649.41
738.89	9486.19
739.21	6654.14
739.52	5565.79
739.83	9177.24
740.14	6525.41
740.45	7833.77
740.76	6867.13
741.08	5888.79
741.39	7431.20
741.70	7019.27
742.01	8262.09
742.32	10892.85
742.63	8166.13
742.94	6305.40
743.26	9259.16
743.57	8720.84
743.88	10045.58
744.19	8372.10
744.50	7307.15
744.81	13900.44
745.12	7470.99
745.43	7393.75
745.74	17074.21
746.05	12241.00
746.36	5476.85
746.67	13305.95
746.99	7260.34
747.30	9137.45
747.61	6885.86
747.92	8400.18
748.23	10899.87
748.54	7330.56
748.85	7197.15
749.16	8191.88
749.47	6382.64
749.78	7070.76
750.09	7318.86
750.40	8767.65
750.71	8226.98
751.02	8997.02
751.33	7641.85
751.64	8645.94
751.95	7836.11
752.26	9202.99
752.57	9533.00
752.88	7309.49
753.19	7896.97
753.50	12252.70
753.81	7351.62
754.11	7744.83
754.42	18288.95
754.73	7962.50
755.04	8538.27
755.35	8245.71
755.66	15005.17
755.97	6141.57
756.28	6324.13
756.59	9153.84
756.90	18616.62
757.21	8716.16
757.52	12252.70
757.82	8711.47
758.13	6698.61
758.44	10626.03
758.75	9261.50
759.06	6843.73
759.37	6164.97
759.68	8683.39
759.98	6916.28
760.29	9247.46
760.60	8170.81
760.91	5809.21
761.22	7470.99
761.53	8084.21
761.83	6497.33
762.14	8023.36
762.45	6899.90
762.76	5947.30
763.07	9118.73
763.37	17462.74
763.68	12280.79
763.99	14265.57
764.30	12678.68
764.60	6874.15
764.91	11007.54
765.22	8009.31
765.53	14637.71
765.84	8638.92
766.14	7440.56
766.45	5874.74
766.76	11997.59
767.06	12882.31
767.37	7246.30
767.68	7854.84
767.99	7344.60
768.29	6974.80
768.60	7927.39
768.91	10937.32
769.21	14228.12
769.52	11861.84
769.83	7847.82
770.13	7798.66
770.44	7412.48
770.75	9591.52
771.05	7941.44
771.36	9537.68
771.67	8287.84
771.97	7428.86
772.28	7513.12
772.59	8381.46
772.89	10204.74
773.20	6846.07
773.51	6853.09
773.81	12662.30
774.12	6410.73
774.42	7824.41
774.73	6476.26
775.04	6621.38
775.34	23157.26
775.65	8945.53
775.95	13710.86
776.26	8823.82
776.56	7052.03
776.87	9142.13
777.18	65535.00
777.48	18953.66
777.79	8425.93
778.09	11910.99
778.40	7316.51
778.70	7279.07
779.01	11655.87
779.31	8278.47
779.62	7253.32
779.92	9619.60
780.23	9352.78
780.53	6064.33
780.84	7543.55
781.14	6988.84
781.45	6946.71
781.75	10895.19
782.06	6282.00
782.36	8828.50
782.67	6305.40
782.97	6555.84
783.28	14441.11
783.58	7155.02
783.89	7061.40
784.19	9301.29
784.49	13891.08
784.80	7681.64
785.10	13764.69
785.41	6476.26
785.71	9296.61
786.02	8917.44
786.32	15073.05
786.62	9912.17
786.93	12779.32
787.23	7239.28
787.54	7499.08
787.84	15061.35
788.14	9170.22
788.45	9673.43
788.75	7178.42
789.05	6200.08
789.36	7611.42
789.66	15082.41
789.96	9893.44
790.27	7906.33
790.57	7801.01
790.87	6583.93
791.18	7627.81
791.48	6773.51
791.78	8908.08
792.09	9261.50
792.39	6822.66
792.69	10677.52
793.00	8945.53
793.30	9460.45
793.60	6242.21
793.90	5785.80
794.21	9085.96
794.51	18326.39
794.81	11679.27
795.11	8032.72
795.42	6902.24
795.72	12503.14
796.02	10073.67
796.32	9048.51
796.63	9369.16
796.93	11073.07
797.23	9577.47
797.53	8648.28
797.84	6703.29
798.14	6707.98
798.44	8805.10
798.74	9397.25
799.04	8828.50
799.34	6265.61
799.65	17165.49
799.95	8294.86
800.25	7723.77
800.55	7440.56
800.85	8568.70
801.15	6806.28
801.46	7852.50
801.76	19087.07
802.06	6998.20
802.36	8924.46
802.66	7183.10
802.96	10125.16
803.26	11580.97
803.56	14272.59
803.87	17626.57
804.17	7810.37
804.47	10443.47
804.77	11250.96
805.07	11515.44
805.37	10368.57
805.67	9696.84
805.97	7634.83
806.27	7892.29
806.57	7248.64
806.87	12592.08
807.17	8772.33
807.47	12208.23
807.77	11723.74
808.07	7229.91
808.37	12449.31
808.67	8283.16
808.98	16493.76
809.28	7421.84
809.58	17359.75
809.88	11421.81
810.18	15845.43
810.47	7695.68
810.77	6497.33
811.07	9991.75
811.37	9018.08
811.67	6590.95
811.97	5741.33
812.27	6696.27
812.57	5614.95
812.87	6953.73
813.17	6841.39
813.47	6691.59
813.77	7426.52
814.07	7030.97
814.37	10729.02
814.67	6815.64
814.97	7765.90
815.27	6672.87
815.56	9341.08
815.86	12210.57
816.16	8564.02
816.46	6408.39
816.76	6768.83
817.06	11262.66
817.36	13465.10
817.66	8009.31
817.95	6403.71
818.25	8802.75
818.55	11059.03
818.85	9888.76
819.15	7232.26
819.45	14349.82
819.75	7955.48
820.04	7829.09
820.34	17102.29
820.64	10490.28
820.94	13364.46
821.24	7489.71
821.53	7955.48
821.83	7063.74
822.13	6502.01
822.43	7438.22
822.72	6050.28
823.02	6731.38
823.32	6459.88
823.62	8823.82
823.91	16135.65
824.21	6148.59
824.51	9121.07
824.81	7510.78
825.10	6071.35
825.40	9867.70
825.70	8159.11
826.00	13488.51
826.29	7150.34
826.59	8889.35
826.89	7529.50
827.18	8407.20
827.48	6923.30
827.78	6333.49
828.07	8004.63
828.37	9851.31
828.67	8760.63
828.96	8173.15
829.26	7045.01
829.56	10932.64
829.85	6850.75
830.15	8851.91
830.45	6101.78
830.74	12961.89
831.04	10218.78
831.34	10846.04
831.63	14473.87
831.93	10129.84
832.22	9844.29
832.52	8032.72
832.82	6399.02
833.11	6312.42
833.41	6569.88
833.70	7054.37
834.00	10899.87
834.29	8336.99
834.59	5956.66
834.89	9179.58
835.18	7527.16
835.48	13764.69
835.77	9600.88
836.07	9813.87
836.36	9638.33
836.66	11096.48
836.95	7716.75
837.25	6759.47
837.54	9542.36
837.84	7349.28
838.13	8676.37
838.43	6700.95
838.72	14785.16
839.02	11396.07
839.31	6747.76
839.61	11435.86
839.90	5856.02
840.20	8044.42
840.49	6303.06
840.78	8791.05
841.08	9722.59
841.37	7222.89
841.67	6186.04
841.96	9448.74
842.26	8559.34
842.55	6057.31
842.84	6361.58
843.14	10640.08
843.43	6293.70
843.73	7927.39
844.02	6171.99
844.31	7602.06
844.61	7213.53
844.90	8620.19
845.20	8098.25
845.49	5614.95
845.78	7332.90
846.08	6408.39
846.37	5387.91
846.66	9256.82
846.96	9516.62
847.25	9069.58
847.54	6033.90
847.84	6651.80
848.13	7522.48
848.42	10434.11
848.72	6698.61
849.01	9591.52
849.30	6867.13
849.59	6548.82
849.89	6693.93
850.18	12985.29
850.47	6558.18
850.76	17310.60
851.06	15541.16
851.35	9107.02
851.64	10150.90
851.93	8257.41
852.23	19864.13
852.52	7440.56
852.81	7059.06
853.10	7983.57
853.40	5778.78
853.69	5916.87
853.98	7826.75
854.27	10225.80
854.56	7105.87
854.86	9448.74
855.15	8016.33
855.44	8774.67
855.73	5769.42
856.02	7033.31
856.31	9987.07
856.61	8788.71
856.90	7173.74
857.19	6293.70
857.48	5703.89
857.77	6132.20
858.06	5280.25
858.35	5844.32
858.65	12191.85
858.94	9902.81
859.23	7679.30
859.52	9870.04
859.81	12692.73
860.10	6789.89
860.39	9844.29
860.68	8109.96
860.97	6406.05
861.26	6693.93
861.55	13043.81
861.85	7948.46
862.14	9832.59
862.43	10244.52
862.72	8432.95
863.01	5933.26
863.30	7173.74
863.59	7740.15
863.88	7581.00
864.17	7302.47
864.46	6197.74
864.75	15618.39
865.04	8088.89
865.33	6052.63
865.62	11620.76
865.91	6836.70
866.20	9523.64
866.49	7108.21
866.78	7363.33
867.07	7066.08
867.36	10796.89
867.65	10501.98
867.93	9579.81
868.22	8351.03
868.51	7442.90
868.80	8156.77
869.09	7410.14
869.38	6429.45
869.67	13287.22
869.96	13287.22
870.25	13287.22
