178.76	1729.66
179.14	1729.66
179.52	1729.66
179.90	1682.85
180.28	11152.65
180.66	6164.97
181.04	8432.95
181.42	7428.86
181.80	6319.45
182.18	11044.99
182.55	5879.43
182.93	7410.14
183.31	7293.11
183.69	8147.40
184.07	8332.31
184.45	7211.19
184.83	7414.82
185.21	6761.81
185.59	7037.99
185.97	16620.14
186.35	12126.32
186.72	7178.42
187.10	7178.42
187.48	11786.94
187.86	8947.87
188.24	6864.79
188.62	6478.60
189.00	11234.57
189.38	8072.51
189.75	7541.21
190.13	7974.21
190.51	6368.60
190.89	15248.59
191.27	21259.09
191.65	7082.46
192.03	7967.18
192.40	10399.00
192.78	7705.04
193.16	8791.05
193.54	12564.00
193.92	11044.99
194.30	6665.85
194.67	9748.33
195.05	8493.80
195.43	7403.11
195.81	6993.52
196.19	10853.06
196.56	7992.93
196.94	7520.14
197.32	11866.52
197.70	6574.56
198.08	8592.11
198.45	6792.23
198.83	7660.57
199.21	6918.62
199.59	12360.37
199.97	8299.54
200.34	6061.99
200.72	6677.55
201.10	14209.39
201.48	10178.99
201.85	6427.11
202.23	7082.46
202.61	7098.84
202.99	41418.12
203.36	6878.83
203.74	9217.03
204.12	7218.21
204.49	6658.82
204.87	8943.19
205.25	7274.38
205.63	5902.83
206.00	6579.25
206.38	7796.32
206.76	9823.23
207.14	6649.46
207.51	6118.16
207.89	11098.82
208.27	6502.01
208.64	5521.32
209.02	6752.45
209.40	7143.32
209.77	5640.69
210.15	14956.02
210.53	6038.58
210.90	11433.52
211.28	6307.74
211.66	12292.49
212.03	6642.44
212.41	5994.11
212.79	7140.97
213.16	5996.45
213.54	7941.44
213.92	7887.61
214.29	5652.39
214.67	6764.15
215.05	6885.86
215.42	9509.60
215.80	6946.71
216.17	6923.30
216.55	7906.33
216.93	5860.70
217.30	9076.60
217.68	6476.26
218.05	6862.45
218.43	6576.91
218.81	6930.33
219.18	11510.75
219.56	6778.19
219.93	6593.29
220.31	6530.09
220.69	6064.33
221.06	6043.26
221.44	7829.09
221.81	6312.42
222.19	5654.73
222.56	6188.38
222.94	6979.48
223.32	7613.76
223.69	6331.15
224.07	8891.70
224.44	12875.29
224.82	7808.03
225.19	8662.32
225.57	7651.21
225.94	6815.64
226.32	7351.62
226.69	12407.18
227.07	8601.47
227.44	6888.20
227.82	8067.83
228.19	6986.50
228.57	8821.48
228.94	11810.34
229.32	9834.93
229.69	9039.15
230.07	6757.13
230.44	6279.66
230.82	10878.81
231.19	9385.55
231.57	5664.10
231.94	5757.72
232.32	9202.99
232.69	7342.26
233.07	7723.77
233.44	8423.59
233.82	7155.02
234.19	7613.76
234.57	10085.37
234.94	6462.22
235.31	6754.79
235.69	7309.49
236.06	7590.36
236.44	8732.54
236.81	5980.07
237.19	8023.36
237.56	11885.24
237.93	6558.18
238.31	7770.58
238.68	6993.52
239.06	7730.79
239.43	8931.48
239.81	8159.11
240.18	6115.82
240.55	6335.83
240.93	13228.71
241.30	7969.52
241.67	7194.81
242.05	8765.31
242.42	9624.28
242.80	5933.26
243.17	7838.45
243.54	7878.24
243.92	9481.51
244.29	7206.51
244.66	7686.32
245.04	10375.59
245.41	16313.53
245.78	6010.50
246.16	6984.16
246.53	9018.08
246.90	7122.25
247.28	13060.19
247.65	7183.10
248.02	7215.87
248.40	10183.67
248.77	7672.28
249.14	8442.31
249.52	6949.05
249.89	8631.90
250.26	6216.46
250.64	7723.77
251.01	15953.09
251.38	5900.49
251.75	7375.03
252.13	6780.53
252.50	9266.18
252.87	13638.30
253.25	6129.86
253.62	7808.03
253.99	5769.42
254.36	9521.30
254.74	6576.91
255.11	6127.52
255.48	5647.71
255.85	14345.14
256.23	5797.51
256.60	5416.00
256.97	7016.93
257.34	8222.30
257.71	7721.43
258.09	7075.44
258.46	7925.05
258.83	11552.88
259.20	9785.78
259.58	7002.88
259.95	7391.41
260.32	9605.56
260.69	6148.59
261.06	10946.69
261.44	6307.74
261.81	13383.18
262.18	7964.84
262.55	6436.47
262.92	7459.29
263.29	6642.44
263.67	5776.44
264.04	6576.91
264.41	6885.86
264.78	6539.46
265.15	10349.85
265.52	12613.15
265.90	7480.35
266.27	6506.69
266.64	5996.45
267.01	5547.07
267.38	8245.71
267.75	6223.48
268.12	5437.06
268.50	7030.97
268.87	6399.02
269.24	6352.21
269.61	7737.81
269.98	8369.76
270.35	8002.29
270.72	6169.65
271.09	7030.97
271.46	6684.57
271.83	8002.29
272.21	9174.90
272.58	6059.65
272.95	6363.92
273.32	7454.61
273.69	7288.43
274.06	5474.51
274.43	6298.38
274.80	7129.27
275.17	8030.38
275.54	16631.85
275.91	7377.37
276.28	7527.16
276.65	7719.09
277.02	11421.81
277.39	6253.91
277.76	6157.95
278.13	8610.83
278.50	8772.33
278.87	10492.62
279.24	9186.60
279.61	8383.80
279.98	9750.67
280.35	6480.94
280.72	7583.34
281.09	7023.95
281.46	7368.01
281.83	6277.32
282.20	7688.66
282.57	6663.51
282.94	8194.22
283.31	6602.65
283.68	7817.39
284.05	5568.13
284.42	5313.02
284.79	7885.26
285.16	8531.25
285.53	7173.74
285.90	7274.38
286.27	14927.94
286.64	5497.92
287.01	6218.80
287.38	8498.49
287.75	59203.85
288.12	8603.81
288.49	16938.46
288.86	6008.16
289.23	6071.35
289.59	6244.55
289.96	6054.97
290.33	6537.12
290.70	6623.72
291.07	8496.14
291.44	7950.80
291.81	5912.19
292.18	7346.94
292.55	6773.51
292.91	12854.22
293.28	8320.60
293.65	11052.01
294.02	7911.01
294.39	5706.23
294.76	6949.05
295.13	7321.20
295.50	6974.80
295.86	7159.70
296.23	6459.88
296.60	5783.46
296.97	6359.24
297.34	7112.89
297.71	8940.85
298.07	7379.71
298.44	5416.00
298.81	7880.58
299.18	7396.09
299.55	10534.75
299.91	7033.31
300.28	7311.83
300.65	5509.62
301.02	7571.63
301.39	8147.40
301.75	13605.53
302.12	8184.85
302.49	7180.76
302.86	10499.64
303.23	7183.10
303.59	5923.90
303.96	17532.95
304.33	9673.43
304.70	15049.64
305.06	6682.23
305.43	10331.12
305.80	8327.63
306.17	8971.27
306.53	6356.90
306.90	9394.91
307.27	7199.49
307.64	10677.52
308.00	6420.09
308.37	6293.70
308.74	12203.55
309.11	8947.87
309.47	6366.26
309.84	5678.14
310.21	7178.42
310.57	7480.35
310.94	6661.16
311.31	7435.88
311.67	7934.42
312.04	5476.85
312.41	9654.71
312.77	8060.80
313.14	6349.87
313.51	6979.48
313.87	6527.75
314.24	6448.18
314.61	6363.92
314.97	6724.36
315.34	7339.92
315.71	5605.58
316.07	9249.80
316.44	5916.87
316.81	8849.57
317.17	6162.63
317.54	16018.63
317.91	6509.03
318.27	5413.66
318.64	6799.26
319.00	8943.19
319.37	5661.76
319.74	9247.46
320.10	9687.48
320.47	6649.46
320.83	11082.44
321.20	7077.78
321.57	5968.37
321.93	6506.69
322.30	7712.07
322.66	6216.46
323.03	8784.03
323.40	8196.56
323.76	6480.94
324.13	6394.34
324.49	5535.37
324.86	18918.55
325.22	7489.71
325.59	6930.33
325.95	8006.97
326.32	9495.55
326.68	9202.99
327.05	6939.69
327.42	6129.86
327.78	6392.00
328.15	9453.42
328.51	6326.47
328.88	8559.34
329.24	11183.08
329.61	7307.15
329.97	8683.39
330.34	6408.39
330.70	7431.20
331.07	10813.28
331.43	8781.69
331.80	13200.62
332.16	10382.62
332.52	6099.44
332.89	8329.97
333.25	5572.82
333.62	12669.32
333.98	6869.47
334.35	7068.42
334.71	7339.92
335.08	5797.51
335.44	12065.46
335.81	11838.43
336.17	10174.31
336.53	7155.02
336.90	6054.97
337.26	8482.10
337.63	9427.68
337.99	7737.81
338.36	5947.30
338.72	9062.55
339.08	7524.82
339.45	5858.36
339.81	9460.45
340.18	6780.53
340.54	10361.55
340.90	6352.21
341.27	6984.16
341.63	8496.14
341.99	5357.49
342.36	10532.41
342.72	5954.32
343.09	10483.26
343.45	6370.94
343.81	11044.99
344.18	5689.84
344.54	7169.06
344.90	7911.01
345.27	7447.58
345.63	7087.14
345.99	8894.04
346.36	7368.01
346.72	5909.85
347.08	6038.58
347.45	5568.13
347.81	10052.60
348.17	7655.89
348.54	5685.16
348.90	9139.79
349.26	9839.61
349.62	10682.20
349.99	5416.00
350.35	5245.14
350.71	7805.69
351.08	7272.04
351.44	5259.18
351.80	13738.94
352.16	11733.11
352.53	6188.38
352.89	8683.39
353.25	11290.74
353.61	6782.87
353.98	8877.65
354.34	10239.84
354.70	6562.86
355.06	5432.38
355.43	7222.89
355.79	6738.40
356.15	6885.86
356.51	6064.33
356.88	6120.50
357.24	6820.32
357.60	5654.73
357.96	5313.02
358.32	15896.92
358.69	5397.28
359.05	8023.36
359.41	7543.55
359.77	5870.06
360.13	6289.02
360.49	6005.81
360.86	8980.64
361.22	11197.12
361.58	7683.98
361.94	11145.63
362.30	5837.30
362.66	8629.56
363.03	5338.76
363.39	5364.51
363.75	6389.66
364.11	10190.69
364.47	6356.90
364.83	10712.63
365.19	7801.01
365.56	9151.49
365.92	5317.70
366.28	8741.90
366.64	9977.70
367.00	5446.43
367.36	5453.45
367.72	10005.79
368.08	9535.34
368.44	6609.67
368.80	8500.83
369.17	6595.63
369.53	6853.09
369.89	5987.09
370.25	6045.60
370.61	6284.34
370.97	10939.66
371.33	6588.61
371.69	12723.15
372.05	8421.25
372.41	5947.30
372.77	6576.91
373.13	7662.91
373.49	5109.39
373.85	8191.88
374.21	7515.46
374.57	5879.43
374.93	8664.66
375.29	9202.99
375.65	7492.05
376.01	7274.38
376.37	10305.38
376.73	8617.85
377.09	5844.32
377.45	9785.78
377.81	6841.39
378.17	5804.53
378.53	5289.61
378.89	8559.34
379.25	11096.48
379.61	14352.16
379.97	9467.47
380.33	6588.61
380.69	6270.30
381.05	5834.96
381.41	9200.65
381.77	7356.30
382.13	8734.88
382.49	15021.56
382.85	7440.56
383.21	8982.98
383.57	5467.49
383.93	10857.75
384.28	5266.21
384.64	6604.99
385.00	7686.32
385.36	7459.29
385.72	9221.71
386.08	6160.29
386.44	9025.11
386.80	8957.23
387.16	12404.84
387.52	9926.21
387.87	13867.67
388.23	7946.12
388.59	6277.32
388.95	5666.44
389.31	6752.45
389.67	6874.15
390.03	6235.19
390.38	6525.41
390.74	5048.54
391.10	9584.49
391.46	7740.15
391.82	6134.54
392.18	8540.61
392.54	5006.41
392.89	5706.23
393.25	8435.29
393.61	5727.29
393.97	5685.16
394.33	7859.52
394.68	7138.63
395.04	5572.82
395.40	7302.47
395.76	9472.15
396.12	7559.93
396.47	5959.00
396.83	7089.48
397.19	5586.86
397.55	5949.64
397.90	7452.27
398.26	7302.47
398.62	5797.51
398.98	4994.70
399.33	6913.94
399.69	25467.37
400.05	8395.50
400.41	5994.11
400.76	8851.91
401.12	10260.91
401.48	7894.63
401.84	6183.70
402.19	6420.09
402.55	7892.29
402.91	7267.36
403.26	5352.81
403.62	8613.17
403.98	7026.29
404.34	4950.23
404.69	7253.32
405.05	9231.07
405.41	14448.13
405.76	5926.24
406.12	6118.16
406.48	6848.41
406.83	6307.74
407.19	8461.04
407.55	7903.99
407.90	14473.87
408.26	8617.85
408.62	9254.48
408.97	6998.20
409.33	5469.83
409.68	5788.14
410.04	7775.26
410.40	6001.13
410.75	8205.92
411.11	5919.21
411.47	7791.64
411.82	6689.25
412.18	7211.19
412.53	6773.51
412.89	6289.02
413.25	6944.37
413.60	7297.79
413.96	5362.17
414.31	6483.28
414.67	7485.03
415.03	5355.15
415.38	5706.23
415.74	6642.44
416.09	6722.02
416.45	8561.68
416.80	6092.41
417.16	8842.54
417.51	6848.41
417.87	6490.31
418.23	8070.17
418.58	8262.09
418.94	4957.25
419.29	6132.20
419.65	7960.16
420.00	8877.65
420.36	8458.70
420.71	8238.69
421.07	5643.03
421.42	7211.19
421.78	9364.48
422.13	6825.00
422.49	5600.90
422.84	7466.31
423.20	5245.14
423.55	5544.73
423.91	5554.09
424.26	14260.88
424.61	8482.10
424.97	11616.08
425.32	6012.84
425.68	6551.16
426.03	7693.34
426.39	10291.34
426.74	9984.73
427.10	9776.42
427.45	6258.59
427.80	7737.81
428.16	6841.39
428.51	7105.87
428.87	7861.86
429.22	9516.62
429.58	10420.06
429.93	10331.12
430.28	6125.18
430.64	6230.51
430.99	5364.51
431.35	7651.21
431.70	6576.91
432.05	6799.26
432.41	8229.32
432.76	7805.69
433.11	8138.04
433.47	7953.14
433.82	10824.98
434.17	8156.77
434.53	7901.65
434.88	14228.12
435.24	7737.81
435.59	7379.71
435.94	5727.29
436.30	8507.85
436.65	6478.60
437.00	9614.92
437.35	16507.80
437.71	6703.29
438.06	6277.32
438.41	6195.40
438.77	8067.83
439.12	5385.57
439.47	4926.83
439.83	7864.20
440.18	5252.16
440.53	6600.31
440.88	12500.80
441.24	8592.11
441.59	5727.29
441.94	6574.56
442.30	8198.90
442.65	12786.35
443.00	7007.56
443.35	10494.96
443.71	7033.31
444.06	9811.53
444.41	8051.44
444.76	11585.65
445.11	6981.82
445.47	10291.34
445.82	9200.65
446.17	6008.16
446.52	10480.92
446.88	7353.96
447.23	5221.74
447.58	8009.31
447.93	6132.20
448.28	30164.82
448.63	11112.86
448.99	6904.58
449.34	8458.70
449.69	8821.48
450.04	6265.61
450.39	6237.53
450.74	6979.48
451.10	7016.93
451.45	7075.44
451.80	7683.98
452.15	10225.80
452.50	8234.00
452.85	10209.42
453.21	9156.18
453.56	7779.94
453.91	6808.62
454.26	7550.57
454.61	5851.34
454.96	8390.82
455.31	6902.24
455.66	6494.99
456.01	8205.92
456.36	6401.37
456.72	6195.40
457.07	7721.43
457.42	10373.25
457.77	9179.58
458.12	5921.56
458.47	7438.22
458.82	9788.12
459.17	7150.34
459.52	7330.56
459.87	11960.14
460.22	5767.08
460.57	7405.46
460.92	6272.64
461.27	8348.69
461.62	6764.15
461.97	5961.34
462.32	12397.82
462.67	10834.34
463.02	13635.96
463.38	13523.62
463.73	9048.51
464.08	12645.91
464.43	7669.94
464.78	5748.36
465.12	8318.26
465.47	8828.50
465.82	28264.31
466.17	6635.42
466.52	8615.51
466.87	6394.34
467.22	6111.14
467.57	5320.04
467.92	7850.16
468.27	11162.01
468.62	15070.71
468.97	6792.23
469.32	4959.60
469.67	16219.91
470.02	14452.81
470.37	6249.23
470.72	7751.85
471.07	5416.00
471.42	6736.06
471.76	6965.43
472.11	6773.51
472.46	8470.40
472.81	15204.12
473.16	6113.48
473.51	6069.01
473.86	5270.89
474.21	6609.67
474.56	6359.24
474.90	6359.24
475.25	9926.21
475.60	9041.49
475.95	6148.59
476.30	11410.11
476.65	10562.84
477.00	15314.13
477.34	11375.00
477.69	5738.99
478.04	9287.25
478.39	7609.08
478.74	5879.43
479.09	6190.72
479.43	7201.83
479.78	4945.55
480.13	12507.82
480.48	10244.52
480.83	7328.22
481.17	5446.43
481.52	7126.93
481.87	6583.93
482.22	12032.69
482.57	6684.57
482.91	9371.50
483.26	7871.22
483.61	6607.33
483.96	7421.84
484.30	65535.00
484.65	12734.85
485.00	5977.73
485.35	7012.24
485.69	5977.73
486.04	6689.25
486.39	7857.18
486.74	7630.15
487.08	5371.53
487.43	8088.89
487.78	5027.47
488.12	8259.75
488.47	6298.38
488.82	10846.04
489.17	5909.85
489.51	5146.84
489.86	8086.55
490.21	5242.80
490.55	7836.11
490.90	5465.15
491.25	6445.84
491.59	5593.88
491.94	13240.41
492.29	6457.54
492.63	7236.94
492.98	4910.44
493.33	7447.58
493.67	6331.15
494.02	5533.03
494.37	5624.31
494.71	8557.00
495.06	6216.46
495.40	10796.89
495.75	6120.50
496.10	10462.19
496.44	7075.44
496.79	8222.30
497.13	5919.21
497.48	14380.25
497.83	10363.89
498.17	8215.28
498.52	6293.70
498.86	8657.64
499.21	6860.11
499.56	6026.88
499.90	6787.55
500.25	5371.53
500.59	7148.00
500.94	7751.85
501.28	8800.41
501.63	11026.26
501.97	6796.92
502.32	5785.80
502.67	7922.71
503.01	5352.81
503.36	6473.92
503.70	6279.66
504.05	8404.86
504.39	9331.72
504.74	6904.58
505.08	10892.85
505.43	4840.23
505.77	5387.91
506.12	7452.27
506.46	6614.35
506.81	5963.68
507.15	5886.45
507.49	6445.84
507.84	5872.40
508.18	7836.11
508.53	7482.69
508.87	7260.34
509.22	6665.85
509.56	65535.00
509.91	19344.53
510.25	7243.96
510.60	4994.70
510.94	8975.95
511.28	4987.68
511.63	9355.12
511.97	7920.37
512.32	9259.16
512.66	5636.01
513.00	7176.08
513.35	9551.73
513.69	5427.70
514.04	8629.56
514.38	8910.42
514.72	7728.45
515.07	5966.03
515.41	5879.43
515.76	5977.73
516.10	7793.98
516.44	8908.08
516.79	6274.98
517.13	5451.11
517.47	9469.81
517.82	7681.64
518.16	6895.22
518.50	7300.13
518.85	7585.68
519.19	10134.52
519.53	13757.67
519.88	9076.60
520.22	6778.19
520.56	7047.35
520.91	5458.13
521.25	5603.24
521.59	6965.43
521.93	8039.74
522.28	6609.67
522.62	7609.08
522.96	9095.32
523.31	6583.93
523.65	8112.30
523.99	8620.19
524.33	11492.03
524.68	8215.28
525.02	5572.82
525.36	8037.40
525.70	5247.48
526.05	6160.29
526.39	5687.50
526.73	8475.08
527.07	7433.54
527.41	10771.15
527.76	5895.81
528.10	6544.14
528.44	8152.09
528.78	6906.92
529.12	8842.54
529.47	6679.89
529.81	9547.05
530.15	9797.48
530.49	8322.94
530.83	5177.26
531.18	5533.03
531.52	6750.10
531.86	5397.28
532.20	7164.38
532.54	10033.88
532.88	4954.91
533.22	6705.63
533.57	7293.11
533.91	9617.26
534.25	5434.72
534.59	11180.74
534.93	8681.05
535.27	5951.98
535.61	6583.93
535.95	11215.85
536.30	8849.57
536.64	7112.89
536.98	4681.07
537.32	6499.67
537.66	5170.24
538.00	8273.79
538.34	8421.25
538.68	8255.07
539.02	11976.52
539.36	6232.85
539.70	5495.58
540.04	6698.61
540.39	20292.44
540.73	5806.87
541.07	7082.46
541.41	7847.82
541.75	7719.09
542.09	10214.10
542.43	7922.71
542.77	7068.42
543.11	7772.92
543.45	7077.78
543.79	9612.58
544.13	6392.00
544.47	6668.19
544.81	5891.13
545.15	8273.79
545.49	6913.94
545.83	5940.28
546.17	6476.26
546.51	4837.89
546.85	6094.76
547.19	11061.37
547.53	5444.09
547.87	8650.62
548.21	12404.84
548.54	7276.73
548.88	6249.23
549.22	5874.74
549.56	5371.53
549.90	6190.72
550.24	7094.16
550.58	5907.51
550.92	9933.23
551.26	6445.84
551.60	11241.59
551.94	6637.76
552.28	6607.33
552.61	8559.34
552.95	6670.53
553.29	6202.42
553.63	7426.52
553.97	11365.64
554.31	9631.30
554.65	10597.95
554.99	10438.79
555.32	6396.68
555.66	8198.90
556.00	4779.37
556.34	6663.51
556.68	7459.29
557.02	9294.27
557.36	7569.29
557.69	6993.52
558.03	6230.51
558.37	12704.43
558.71	14988.79
559.05	10499.64
559.38	11798.64
559.72	5963.68
560.06	8919.78
560.40	8507.85
560.74	9942.60
561.07	8138.04
561.41	8975.95
561.75	8004.63
562.09	6263.27
562.42	9074.26
562.76	8507.85
563.10	7335.24
563.44	24947.77
563.77	7749.51
564.11	8222.30
564.45	9895.78
564.79	8173.15
565.12	7391.41
565.46	7330.56
565.80	7918.03
566.14	7763.56
566.47	9533.00
566.81	5973.05
567.15	7407.80
567.48	8060.80
567.82	8461.04
568.16	7201.83
568.49	5923.90
568.83	5544.73
569.17	6977.14
569.50	7957.82
569.84	11044.99
570.18	7943.78
570.51	11662.89
570.85	6813.30
571.19	6705.63
571.52	5837.30
571.86	9572.79
572.20	6399.02
572.53	11098.82
572.87	6115.82
573.21	5790.49
573.54	5621.97
573.88	7808.03
574.21	7382.05
574.55	6986.50
574.89	10083.03
575.22	9217.03
575.56	6349.87
575.89	6221.14
576.23	6719.68
576.57	7838.45
576.90	6127.52
577.24	7768.24
577.57	5537.71
577.91	7765.90
578.24	5310.68
578.58	6970.12
578.91	8313.58
579.25	5954.32
579.59	7269.70
579.92	6789.89
580.26	5584.52
580.59	8091.23
580.93	8025.70
581.26	6394.34
581.60	8091.23
581.93	8486.78
582.27	11199.46
582.60	5582.18
582.94	7520.14
583.27	5483.88
583.61	6722.02
583.94	7492.05
584.28	5394.93
584.61	6565.20
584.94	8402.52
585.28	8072.51
585.61	8713.81
585.95	8531.25
586.28	11803.32
586.62	13303.60
586.95	7089.48
587.29	12395.48
587.62	15716.70
587.95	5771.76
588.29	7754.19
588.62	8592.11
588.96	9430.02
589.29	6333.49
589.62	6300.72
589.96	6780.53
590.29	6258.59
590.63	5408.98
590.96	8809.78
591.29	9186.60
591.63	9753.01
591.96	5645.37
592.29	6679.89
592.63	6349.87
592.96	7655.89
593.30	12128.66
593.63	7899.31
593.96	5930.92
594.30	6593.29
594.63	7831.43
594.96	13046.15
595.30	7194.81
595.63	6497.33
595.96	6087.73
596.29	7887.61
596.63	6614.35
596.96	8954.89
597.29	8128.68
597.63	5057.90
597.96	10462.19
598.29	9989.41
598.63	9741.31
598.96	5937.94
599.29	6377.96
599.62	6221.14
599.96	6186.04
600.29	6745.42
600.62	5797.51
600.95	6466.90
601.29	6984.16
601.62	7803.35
601.95	7133.95
602.28	6171.99
602.61	21996.35
602.95	7300.13
603.28	12306.54
603.61	6050.28
603.94	9696.84
604.27	5818.57
604.61	8674.03
604.94	8252.73
605.27	7623.12
605.60	5701.54
605.93	6408.39
606.27	9404.27
606.60	7124.59
606.93	5488.56
607.26	11475.65
607.59	7148.00
607.92	9834.93
608.26	6733.72
608.59	6157.95
608.92	6857.77
609.25	5827.93
609.58	7836.11
609.91	8400.18
610.24	13654.69
610.57	8290.18
610.90	9750.67
611.24	5235.78
611.57	5563.45
611.90	9123.41
612.23	7040.33
612.56	9226.39
612.89	8713.81
613.22	8905.74
613.55	5322.38
613.88	9430.02
614.21	5790.49
614.54	7957.82
614.87	5914.53
615.20	4966.62
615.53	10136.86
615.87	6272.64
616.20	7248.64
616.53	10387.30
616.86	7288.43
617.19	8131.02
617.52	8933.82
617.85	6663.51
618.18	6108.80
618.51	6679.89
618.84	8636.58
619.17	6967.77
619.50	11094.14
619.83	10574.54
620.16	8454.02
620.49	6394.34
620.82	14420.04
621.14	11054.35
621.47	7522.48
621.80	10024.51
622.13	7721.43
622.46	15009.86
622.79	8552.32
623.12	5668.78
623.45	9282.56
623.78	8725.52
624.11	5680.48
624.44	7887.61
624.77	6108.80
625.10	6207.10
625.43	5760.06
625.75	7475.67
626.08	6019.86
626.41	5912.19
626.74	7122.25
627.07	6593.29
627.40	12470.37
627.73	6686.91
628.06	6015.18
628.38	4910.44
628.71	8816.80
629.04	10118.14
629.37	8765.31
629.70	7653.55
630.03	5954.32
630.36	9998.77
630.68	9170.22
631.01	6326.47
631.34	11103.50
631.67	6406.05
632.00	5043.85
632.32	9226.39
632.65	10349.85
632.98	7810.37
633.31	7192.47
633.64	9423.00
633.96	5973.05
634.29	11150.31
634.62	7421.84
634.95	7974.21
635.27	7747.17
635.60	8479.76
635.93	8011.65
636.26	7911.01
636.58	6483.28
636.91	6413.07
637.24	6155.61
637.57	7358.64
637.89	8512.53
638.22	6427.11
638.55	7407.80
638.87	7934.42
639.20	8943.19
639.53	8105.28
639.86	6239.87
640.18	5755.38
640.51	7559.93
640.84	8063.15
641.16	5738.99
641.49	7742.49
641.82	5804.53
642.14	5827.93
642.47	14218.75
642.80	7042.67
643.12	9589.17
643.45	6925.65
643.78	7377.37
644.10	6230.51
644.43	7131.61
644.75	10239.84
645.08	5364.51
645.41	8241.03
645.73	5841.98
646.06	15480.30
646.39	9291.93
646.71	6317.11
647.04	5994.11
647.36	5268.55
647.69	8734.88
648.01	7335.24
648.34	6183.70
648.67	9818.55
648.99	10710.29
649.32	6073.69
649.64	5397.28
649.97	4812.14
650.29	5472.17
650.62	14794.53
650.94	7583.34
651.27	11379.68
651.59	7052.03
651.92	6202.42
652.25	8124.00
652.57	5942.62
652.90	6127.52
653.22	7609.08
653.55	7747.17
653.87	5097.69
654.20	7400.77
654.52	11272.02
654.84	6942.03
655.17	8327.63
655.49	11730.76
655.82	6754.79
656.14	7843.14
656.47	11169.04
656.79	11918.01
657.12	6864.79
657.44	6703.29
657.77	9048.51
658.09	7548.23
658.41	7061.40
658.74	8652.96
659.06	5483.88
659.39	6993.52
659.71	6270.30
660.03	7155.02
660.36	6789.89
660.68	10129.84
661.01	13474.46
661.33	10654.12
661.65	6448.18
661.98	14270.25
662.30	13736.60
662.63	7304.81
662.95	6705.63
663.27	6160.29
663.60	5657.07
663.92	6991.18
664.24	7009.90
664.57	5750.70
664.89	6298.38
665.21	6368.60
665.54	9783.44
665.86	7597.38
666.18	7758.88
666.51	10560.50
666.83	6588.61
667.15	15398.38
667.47	9802.16
667.80	8336.99
668.12	6171.99
668.44	7602.06
668.77	8870.63
669.09	10656.46
669.41	9174.90
669.73	5446.43
670.06	7211.19
670.38	6637.76
670.70	5404.30
671.02	8479.76
671.35	6539.46
671.67	10787.53
671.99	6883.52
672.31	10352.19
672.63	7939.10
672.96	11365.64
673.28	6588.61
673.60	7501.42
673.92	7424.18
674.24	5919.21
674.57	6200.08
674.89	9951.96
675.21	6822.66
675.53	9401.93
675.85	10235.16
676.17	10347.51
676.50	5956.66
676.82	10129.84
677.14	7763.56
677.46	14822.61
677.78	5521.32
678.10	9753.01
678.42	7215.87
678.75	6434.13
679.07	5736.65
679.39	7199.49
679.71	6590.95
680.03	6450.52
680.35	6443.49
680.67	6665.85
680.99	6171.99
681.31	5474.51
681.63	8212.94
681.96	10384.96
682.28	6644.78
682.60	5994.11
682.92	8847.22
683.24	5502.60
683.56	8971.27
683.88	6375.62
684.20	6958.41
684.52	6612.01
684.84	6455.20
685.16	6860.11
685.48	9097.66
685.80	7880.58
686.12	9195.96
686.44	12091.21
686.76	7218.21
687.08	5387.91
687.40	5898.15
687.72	9420.66
688.04	6235.19
688.36	15005.17
688.68	11187.76
689.00	8147.40
689.32	6892.88
689.64	6443.49
689.96	7190.13
690.28	10001.11
690.60	10497.30
690.92	6265.61
691.24	8498.49
691.56	6715.00
691.88	7056.72
692.19	6073.69
692.51	9359.80
692.83	8191.88
693.15	9294.27
693.47	8210.60
693.79	7597.38
694.11	9863.02
694.43	7824.41
694.75	7040.33
695.06	7796.32
695.38	10396.66
695.70	7368.01
696.02	7564.61
696.34	6541.80
696.66	6562.86
696.98	5373.87
697.29	7557.59
697.61	11639.48
697.93	10054.94
698.25	14200.03
698.57	8166.13
698.89	5530.69
699.20	7014.59
699.52	11428.84
699.84	5125.77
700.16	7164.38
700.48	10911.58
700.79	5980.07
701.11	12358.03
701.43	9507.26
701.75	6466.90
702.07	6853.09
702.38	12011.63
702.70	6209.44
703.02	6005.81
703.34	8800.41
703.65	7632.49
703.97	6995.86
704.29	5334.08
704.61	5944.96
704.92	9336.40
705.24	6803.94
705.56	9645.35
705.87	10190.69
706.19	7393.75
706.51	5408.98
706.82	10345.17
707.14	6181.35
707.46	5401.96
707.78	6085.39
708.09	8547.64
708.41	9851.31
708.73	7885.26
709.04	10366.23
709.36	6682.23
709.68	7206.51
709.99	13525.96
710.31	10562.84
710.62	7482.69
710.94	6689.25
711.26	8234.00
711.57	6834.36
711.89	5722.61
712.21	16058.42
712.52	7386.73
712.84	10752.42
713.15	7819.73
713.47	9518.96
713.79	5783.46
714.10	6532.44
714.42	6998.20
714.73	11218.19
715.05	5542.39
715.36	5879.43
715.68	6188.38
715.99	6834.36
716.31	10005.79
716.63	8798.07
716.94	9575.13
717.26	20397.77
717.57	9425.34
717.89	11824.39
718.20	6174.33
718.52	9783.44
718.83	7091.82
719.15	15349.23
719.46	14785.16
719.78	8131.02
720.09	7136.29
720.41	6136.88
720.72	5748.36
721.04	5895.81
721.35	7077.78
721.67	6991.18
721.98	6820.32
722.29	6766.49
722.61	6384.98
722.92	5310.68
723.24	6857.77
723.55	7653.55
723.87	7878.24
724.18	9139.79
724.50	5694.52
724.81	7091.82
725.12	7321.20
725.44	8402.52
725.75	7740.15
726.07	10759.44
726.38	8557.00
726.69	6808.62
727.01	8982.98
727.32	9432.36
727.63	6747.76
727.95	11138.61
728.26	6616.69
728.58	9067.24
728.89	6497.33
729.20	7260.34
729.52	6052.63
729.83	13973.00
730.14	8762.97
730.46	7440.56
730.77	10068.98
731.08	8861.27
731.39	7045.01
731.71	7370.35
732.02	9446.40
732.33	7269.70
732.65	6731.38
732.96	11262.66
733.27	9575.13
733.59	14649.41
733.90	9937.91
734.21	5970.71
734.52	7028.63
734.84	17582.10
735.15	6768.83
735.46	6918.62
735.77	7840.79
736.09	7311.83
736.40	11190.10
736.71	9350.44
737.02	5680.48
737.33	6609.67
737.65	6265.61
737.96	7449.93
738.27	8032.72
738.58	13888.74
738.89	8872.97
739.21	6546.48
739.52	5336.42
739.83	8784.03
740.14	6263.27
740.45	7428.86
740.76	6607.33
741.08	5722.61
741.39	7155.02
741.70	6672.87
742.01	8093.57
742.32	10331.12
742.63	7964.84
742.94	6134.54
743.26	8734.88
743.57	8313.58
743.88	9516.62
744.19	8266.77
744.50	6981.82
744.81	12950.18
745.12	7295.45
745.43	7148.00
745.74	15693.29
746.05	12095.89
746.36	5259.18
746.67	12580.38
746.99	7049.69
747.30	8798.07
747.61	6785.21
747.92	7873.56
748.23	10480.92
748.54	6977.14
748.85	7297.79
749.16	7691.00
749.47	6069.01
749.78	6736.06
750.09	7000.54
750.40	8365.07
750.71	7737.81
751.02	8709.13
751.33	7279.07
751.64	8365.07
751.95	7424.18
752.26	8734.88
752.57	9008.72
752.88	7040.33
753.19	7489.71
753.50	10820.30
753.81	7258.00
754.11	7473.33
754.42	17547.00
754.73	7679.30
755.04	8116.98
755.35	8133.36
755.66	14190.67
755.97	6097.10
756.28	6031.56
756.59	8793.39
756.90	17788.07
757.21	8468.06
757.52	11639.48
757.82	8432.95
758.13	6574.56
758.44	10169.63
758.75	8837.86
759.06	6560.52
759.37	6052.63
759.68	8381.46
759.98	6630.74
760.29	8910.42
760.60	8023.36
760.91	5570.48
761.22	7346.94
761.53	7932.08
761.83	6263.27
762.14	7674.62
762.45	6719.68
762.76	5748.36
763.07	8554.66
763.37	16559.29
763.68	11730.76
763.99	13664.05
764.30	12126.32
764.60	6614.35
764.91	10359.21
765.22	7922.71
765.53	13682.77
765.84	8320.60
766.14	7045.01
766.45	5738.99
766.76	11372.66
767.06	12404.84
767.37	6871.81
767.68	7573.97
767.99	7042.67
768.29	6469.24
768.60	7426.52
768.91	10431.77
769.21	13572.77
769.52	11236.91
769.83	7267.36
770.13	7510.78
770.44	6967.77
770.75	9362.14
771.05	7609.08
771.36	9322.35
771.67	7941.44
771.97	7098.84
772.28	7192.47
772.59	7995.27
772.89	10097.07
773.20	6476.26
773.51	6593.29
773.81	12121.63
774.12	6031.56
774.42	7578.65
774.73	6179.01
775.04	6434.13
775.34	22010.40
775.65	8606.15
775.95	13233.39
776.26	8475.08
776.56	6658.82
776.87	8788.71
777.18	65535.00
777.48	18209.37
777.79	7880.58
778.09	11372.66
778.40	7105.87
778.70	7112.89
779.01	11091.80
779.31	7789.30
779.62	6839.05
779.92	9238.09
780.23	8856.59
780.53	5738.99
780.84	7337.58
781.14	6913.94
781.45	6614.35
781.75	9767.06
782.06	6363.92
782.36	8528.91
782.67	6127.52
782.97	6366.26
783.28	13745.97
783.58	6815.64
783.89	6715.00
784.19	8847.22
784.49	13025.08
784.80	7375.03
785.10	13446.38
785.41	6331.15
785.71	8990.00
786.02	8634.24
786.32	14398.98
786.62	9570.45
786.93	12126.32
787.23	7019.27
787.54	7033.31
787.84	12879.97
788.14	8938.51
788.45	9088.30
788.75	10401.34
789.05	6045.60
789.36	7297.79
789.66	14431.74
789.96	9502.58
790.27	7655.89
790.57	8341.67
790.87	6338.17
791.18	6637.76
791.48	6335.83
791.78	8557.00
792.09	9158.52
792.39	6635.42
792.69	9879.40
793.00	8547.64
793.30	9167.88
793.60	6040.92
793.90	5668.78
794.21	8774.67
794.51	17392.52
794.81	11012.22
795.11	7712.07
795.42	6782.87
795.72	11929.71
796.02	9774.08
796.32	8667.00
796.63	8767.65
796.93	10644.76
797.23	9387.89
797.53	8269.11
797.84	10714.97
798.14	6530.09
798.44	8315.92
798.74	8950.21
799.04	8549.98
799.34	6104.12
799.65	16346.30
799.95	8058.46
800.25	7445.24
800.55	7037.99
800.85	8344.01
801.15	6457.54
801.46	7522.48
801.76	18431.72
802.06	6778.19
802.36	8549.98
802.66	6801.60
802.96	9717.90
803.26	11023.92
803.56	13614.90
803.87	16779.30
804.17	7419.50
804.47	9996.43
804.77	10953.71
805.07	11002.86
805.37	9762.37
805.67	9432.36
805.97	7274.38
806.27	7604.40
806.57	6991.18
806.87	12011.63
807.17	8262.09
807.47	11859.49
807.77	11232.23
808.07	6909.26
808.37	11981.20
808.67	8018.68
808.98	15817.34
809.28	7162.04
809.58	16442.26
809.88	10686.89
810.18	14871.76
810.47	7321.20
810.77	7520.14
811.07	9537.68
811.37	8875.31
811.67	6342.85
811.97	5694.52
812.27	6298.38
812.57	5551.75
812.87	6757.13
813.17	6506.69
813.47	6368.60
813.77	6932.67
814.07	6715.00
814.37	10246.87
814.67	6485.62
814.97	7445.24
815.27	6403.71
815.56	8966.59
815.86	11417.13
816.16	8187.19
816.46	6059.65
816.76	6466.90
817.06	10700.93
817.36	13036.78
817.66	8032.72
817.95	6312.42
818.25	8589.77
818.55	10211.76
818.85	9591.52
819.15	7019.27
819.45	13563.40
819.75	7522.48
820.04	7695.68
820.34	16130.97
820.64	10242.18
820.94	12971.25
821.24	7143.32
821.53	7679.30
821.83	6700.95
822.13	6069.01
822.43	7335.24
822.72	5774.10
823.02	6710.32
823.32	6207.10
823.62	8236.35
823.91	15330.51
824.21	5930.92
824.51	8594.45
824.81	7136.29
825.10	5949.64
825.40	9535.34
825.70	7939.10
826.00	12978.27
826.29	6743.08
826.59	8439.97
826.89	7129.27
827.18	6532.44
827.48	6635.42
827.78	6246.89
828.07	7620.78
828.37	9764.72
828.67	8360.39
828.96	7925.05
829.26	6640.10
829.56	10848.38
829.85	6757.13
830.15	8521.89
830.45	5841.98
830.74	12589.74
831.04	9657.05
831.34	10471.56
831.63	13895.76
831.93	9958.98
832.22	9483.85
832.52	7850.16
832.82	6183.70
833.11	6204.76
833.41	6342.85
833.70	6878.83
834.00	10626.03
834.29	7915.69
834.59	5753.04
834.89	8636.58
835.18	7236.94
835.48	13497.87
835.77	9184.26
836.07	9451.08
836.36	9362.14
836.66	10609.65
836.95	7428.86
837.25	6509.03
837.54	9057.87
837.84	6663.51
838.13	8133.36
838.43	6347.53
838.72	13956.61
839.02	10911.58
839.31	6506.69
839.61	11023.92
839.90	5844.32
840.20	7798.66
840.49	5977.73
840.78	8540.61
841.08	9334.06
841.37	7019.27
841.67	6083.05
841.96	9071.92
842.26	8226.98
842.55	5736.65
842.84	6258.59
843.14	10289.00
843.43	5834.96
843.73	7573.97
844.02	5865.38
844.31	7339.92
844.61	6803.94
844.90	8432.95
845.20	7960.16
845.49	5355.15
845.78	7023.95
846.08	6057.31
846.37	5088.32
846.66	8896.38
846.96	9280.22
847.25	8606.15
847.54	5834.96
847.84	9025.11
848.13	7412.48
848.42	9851.31
848.72	6518.39
849.01	9121.07
849.30	6569.88
849.59	6511.37
849.89	6457.54
850.18	12692.73
850.47	6204.76
850.76	18499.59
851.06	14796.87
851.35	8650.62
851.64	9961.32
851.93	7981.23
852.23	10923.28
852.52	6946.71
852.81	6766.49
853.10	7576.31
853.40	5654.73
853.69	5659.42
853.98	7520.14
854.27	9989.41
854.56	6672.87
854.86	9018.08
855.15	7929.74
855.44	8283.16
855.73	5558.77
856.02	6614.35
856.31	9781.10
856.61	8465.72
856.90	6862.45
857.19	5987.09
857.48	5720.27
857.77	6015.18
858.06	5095.35
858.35	5713.25
858.65	11632.46
858.94	9383.21
859.23	7330.56
859.52	9359.80
859.81	12210.57
860.10	6562.86
860.39	9467.47
860.68	7791.64
860.97	6113.48
861.26	6612.01
861.55	12351.01
861.85	7585.68
862.14	9322.35
862.43	9827.91
862.72	7950.80
863.01	5783.46
863.30	6925.65
863.59	7536.52
863.88	7405.46
864.17	7506.10
864.46	6249.23
864.75	14689.20
865.04	7810.37
865.33	5994.11
865.62	10991.16
865.91	6478.60
866.20	8915.10
866.49	7052.03
866.78	7037.99
867.07	6892.88
867.36	10375.59
867.65	11892.26
867.93	9355.12
868.22	7536.52
868.51	7300.13
868.80	7702.70
869.09	7173.74
869.38	6349.87
869.67	12669.32
869.96	12669.32
870.25	12669.32
