178.76	1654.76
179.14	1654.76
179.52	1654.76
179.90	1678.16
180.28	11035.63
180.66	6141.57
181.04	8369.76
181.42	7452.27
181.80	6396.68
182.18	11187.76
182.55	6003.47
182.93	7398.43
183.31	7126.93
183.69	8011.65
184.07	8189.53
184.45	7173.74
184.83	7337.58
185.21	6621.38
185.59	6857.77
185.97	16669.30
186.35	12079.50
186.72	7110.55
187.10	7342.26
187.48	12025.67
187.86	9095.32
188.24	6700.95
188.62	6375.62
189.00	11073.07
189.38	8079.53
189.75	7569.29
190.13	7985.91
190.51	6471.58
190.89	15531.80
191.27	21422.92
191.65	7059.06
192.03	8021.02
192.40	10661.14
192.78	7679.30
193.16	9121.07
193.54	12327.60
193.92	11211.17
194.30	6890.54
194.67	9795.14
195.05	8465.72
195.43	7419.50
195.81	7129.27
196.19	10965.41
196.56	7936.76
196.94	7571.63
197.32	11665.23
197.70	6679.89
198.08	9041.49
198.45	6895.22
198.83	7751.85
199.21	6803.94
199.59	12498.46
199.97	8088.89
200.34	5977.73
200.72	6719.68
201.10	14314.72
201.48	10483.26
201.85	6490.31
202.23	7026.29
202.61	7105.87
202.99	41799.63
203.36	6857.77
203.74	9415.98
204.12	7288.43
204.49	6668.19
204.87	8959.57
205.25	7208.85
205.63	5673.46
206.00	6469.24
206.38	7922.71
206.76	9621.94
207.14	6644.78
207.51	5984.75
207.89	11129.25
208.27	6368.60
208.64	5401.96
209.02	6633.08
209.40	7211.19
209.77	5673.46
210.15	16025.65
210.53	5951.98
210.90	11669.91
211.28	6354.55
211.66	12322.92
212.03	6754.79
212.41	5982.41
212.79	7232.26
213.16	5893.47
213.54	7786.96
213.92	8032.72
214.29	5554.09
214.67	6572.22
215.05	6998.20
215.42	9591.52
215.80	6930.33
216.17	6780.53
216.55	7946.12
216.93	5926.24
217.30	9062.55
217.68	6518.39
218.05	6789.89
218.43	6553.50
218.81	6953.73
219.18	11391.39
219.56	6817.98
219.93	6644.78
220.31	6574.56
220.69	5949.64
221.06	6267.95
221.44	7613.76
221.81	6408.39
222.19	5736.65
222.56	6164.97
222.94	6988.84
223.32	7712.07
223.69	6520.73
224.07	9015.74
224.44	12784.01
224.82	7695.68
225.19	8519.55
225.57	7620.78
225.94	6766.49
226.32	7368.01
226.69	12444.63
227.07	8854.25
227.44	6803.94
227.82	8145.06
228.19	7220.55
228.57	8798.07
228.94	12119.29
229.32	9755.35
229.69	9092.98
230.07	6930.33
230.44	6328.81
230.82	10995.84
231.19	9514.28
231.57	5778.78
231.94	5853.68
232.32	9341.08
232.69	7199.49
233.07	7674.62
233.44	8315.92
233.82	7009.90
234.19	7588.02
234.57	10160.27
234.94	6450.52
235.31	6817.98
235.69	7335.24
236.06	7630.15
236.44	8751.26
236.81	6050.28
237.19	8039.74
237.56	11908.65
237.93	6354.55
238.31	7803.35
238.68	7286.09
239.06	7634.83
239.43	8999.36
239.81	8098.25
240.18	6099.44
240.55	6298.38
240.93	13107.00
241.30	7908.67
241.67	7356.30
242.05	8833.18
242.42	9652.37
242.80	5891.13
243.17	8065.49
243.54	7896.97
243.92	9572.79
244.29	7089.48
244.66	7749.51
245.04	10274.95
245.41	16613.12
245.78	6043.26
246.16	6729.04
246.53	8978.30
246.90	7143.32
247.28	13069.55
247.65	7016.93
248.02	7396.09
248.40	10169.63
248.77	7524.82
249.14	8559.34
249.52	7012.24
249.89	8559.34
250.26	6448.18
250.64	7597.38
251.01	15800.96
251.38	5834.96
251.75	7496.74
252.13	6810.96
252.50	9245.12
252.87	13500.21
253.25	6059.65
253.62	7962.50
253.99	5823.25
254.36	9362.14
254.74	6588.61
255.11	6186.04
255.48	5537.71
255.85	14490.26
256.23	5863.04
256.60	5458.13
256.97	7012.24
257.34	8182.51
257.71	7686.32
258.09	6869.47
258.46	7805.69
258.83	11400.75
259.20	9790.46
259.58	7281.41
259.95	7461.63
260.32	9502.58
260.69	5987.09
261.06	10967.75
261.44	6324.13
261.81	13427.65
262.18	7782.28
262.55	6562.86
262.92	7527.16
263.29	6698.61
263.67	5811.55
264.04	6771.17
264.41	7075.44
264.78	6560.52
265.15	10527.73
265.52	12629.53
265.90	7604.40
266.27	6604.99
266.64	5743.67
267.01	5472.17
267.38	8156.77
267.75	6293.70
268.12	5378.55
268.50	7035.65
268.87	6375.62
269.24	6429.45
269.61	7824.41
269.98	8449.33
270.35	8262.09
270.72	6073.69
271.09	7049.69
271.46	6614.35
271.83	8074.85
272.21	9390.23
272.58	6076.03
272.95	6490.31
273.32	7419.50
273.69	7456.95
274.06	5596.22
274.43	6256.25
274.80	7140.97
275.17	7878.24
275.54	16875.26
275.91	7391.41
276.28	7323.54
276.65	7634.83
277.02	11253.30
277.39	6375.62
277.76	6413.07
278.13	8470.40
278.50	8940.85
278.87	10619.01
279.24	9200.65
279.61	8587.43
279.98	9989.41
280.35	6377.96
280.72	7674.62
281.09	7213.53
281.46	7618.44
281.83	6307.74
282.20	7936.76
282.57	6726.70
282.94	8098.25
283.31	6768.83
283.68	8037.40
284.05	5813.89
284.42	5453.45
284.79	7950.80
285.16	8798.07
285.53	7330.56
285.90	7309.49
286.27	15077.73
286.64	5713.25
287.01	6403.71
287.38	8784.03
287.75	59412.16
288.12	8650.62
288.49	16915.05
288.86	6054.97
289.23	6186.04
289.59	6363.92
289.96	6153.27
290.33	6469.24
290.70	6899.90
291.07	8627.21
291.44	8028.04
291.81	6012.84
292.18	7548.23
292.55	6813.30
292.91	12886.99
293.28	8411.89
293.65	11138.61
294.02	7936.76
294.39	5636.01
294.76	7021.61
295.13	7447.58
295.50	7129.27
295.86	7283.75
296.23	6640.10
296.60	6045.60
296.97	6736.06
297.34	7325.88
297.71	9055.53
298.07	7478.01
298.44	5434.72
298.81	8093.57
299.18	7606.74
299.55	10782.85
299.91	7162.04
300.28	7513.12
300.65	5504.94
301.02	7831.43
301.39	8449.33
301.75	13502.55
302.12	8416.57
302.49	7131.61
302.86	10602.63
303.23	7517.80
303.59	5998.79
303.96	17406.56
304.33	9769.40
304.70	15260.29
305.06	6719.68
305.43	10480.92
305.80	8526.57
306.17	9071.92
306.53	6340.51
306.90	9703.86
307.27	7358.64
307.64	10729.02
308.00	6429.45
308.37	6471.58
308.74	12203.55
309.11	9022.77
309.47	6331.15
309.84	5841.98
310.21	7206.51
310.57	7667.60
310.94	6773.51
311.31	7417.16
311.67	8128.68
312.04	5621.97
312.41	9977.70
312.77	8299.54
313.14	6326.47
313.51	7136.29
313.87	6792.23
314.24	6502.01
314.61	6539.46
314.97	6665.85
315.34	7389.07
315.71	5607.92
316.07	9268.52
316.44	5860.70
316.81	8863.61
317.17	6237.53
317.54	15449.88
317.91	6466.90
318.27	5404.30
318.64	6937.35
319.00	8985.32
319.37	5652.39
319.74	9568.11
320.10	9598.54
320.47	6850.75
320.83	11098.82
321.20	7059.06
321.57	6017.52
321.93	6452.86
322.30	7648.87
322.66	6445.84
323.03	8975.95
323.40	8149.75
323.76	6579.25
324.13	6555.84
324.49	5495.58
324.86	18888.12
325.22	7639.51
325.59	7152.68
325.95	8109.96
326.32	9551.73
326.68	9277.88
327.05	7070.76
327.42	6204.76
327.78	6480.94
328.15	9593.86
328.51	6471.58
328.88	8760.63
329.24	11309.47
329.61	7286.09
329.97	8767.65
330.34	6602.65
330.70	7368.01
331.07	10979.45
331.43	8638.92
331.80	13444.04
332.16	10352.19
332.52	6101.78
332.89	8322.94
333.25	5710.91
333.62	12697.41
333.98	7054.37
334.35	7030.97
334.71	7445.24
335.08	5909.85
335.44	12205.89
335.81	12273.77
336.17	10389.64
336.53	7440.56
336.90	6073.69
337.26	8739.56
337.63	9579.81
337.99	7686.32
338.36	6001.13
338.72	8978.30
339.08	7592.70
339.45	6008.16
339.81	9664.07
340.18	6743.08
340.54	10497.30
340.90	6359.24
341.27	6960.75
341.63	8592.11
341.99	5399.62
342.36	10581.56
342.72	6012.84
343.09	10724.33
343.45	6473.92
343.81	10813.28
344.18	5736.65
344.54	7080.12
344.90	7999.95
345.27	7330.56
345.63	7150.34
345.99	8945.53
346.36	7365.67
346.72	5879.43
347.08	6153.27
347.45	5556.43
347.81	10036.22
348.17	7733.13
348.54	5746.02
348.90	9130.43
349.26	9853.66
349.62	10820.30
349.99	5399.62
350.35	5275.57
350.71	7786.96
351.08	7265.02
351.44	5266.21
351.80	13668.73
352.16	11861.84
352.53	6183.70
352.89	8470.40
353.25	11323.51
353.61	6794.58
353.98	8765.31
354.34	10246.87
354.70	6651.80
355.06	5378.55
355.43	7349.28
355.79	6892.88
356.15	6731.38
356.51	6029.22
356.88	6066.67
357.24	6944.37
357.60	5497.92
357.96	5249.82
358.32	15843.09
358.69	5338.76
359.05	8121.66
359.41	7604.40
359.77	5856.02
360.13	6218.80
360.49	6153.27
360.86	9039.15
361.22	11288.40
361.58	7985.91
361.94	11353.94
362.30	5975.39
362.66	8435.29
363.03	5350.46
363.39	5277.91
363.75	6267.95
364.11	10127.50
364.47	6462.22
364.83	10775.83
365.19	7747.17
365.56	9025.11
365.92	5266.21
366.28	8854.25
366.64	10253.89
367.00	5579.84
367.36	5554.09
367.72	10228.14
368.08	9666.41
368.44	6612.01
368.80	8344.01
369.17	6644.78
369.53	6825.00
369.89	6132.20
370.25	5961.34
370.61	6368.60
370.97	10897.53
371.33	6448.18
371.69	12908.05
372.05	8341.67
372.41	5970.71
372.77	6616.69
373.13	7695.68
373.49	5167.90
373.85	8124.00
374.21	7564.61
374.57	5898.15
374.93	8751.26
375.29	9350.44
375.65	7691.00
376.01	7375.03
376.37	10310.06
376.73	8692.75
377.09	5860.70
377.45	10129.84
377.81	6974.80
378.17	6228.17
378.53	5280.25
378.89	8615.51
379.25	11012.22
379.61	14462.17
379.97	9701.52
380.33	6527.75
380.69	6396.68
381.05	5947.30
381.41	9413.63
381.77	7342.26
382.13	8812.12
382.49	15178.37
382.85	7529.50
383.21	8973.61
383.57	5493.24
383.93	10487.94
384.28	5146.84
384.64	6649.46
385.00	7784.62
385.36	7583.34
385.72	9135.11
386.08	6085.39
386.44	9008.72
386.80	9090.64
387.16	12575.70
387.52	9966.00
387.87	13708.52
388.23	8109.96
388.59	6270.30
388.95	5497.92
389.31	6792.23
389.67	6808.62
390.03	6237.53
390.38	6633.08
390.74	5188.97
391.10	9666.41
391.46	7590.36
391.82	5909.85
392.18	8444.65
392.54	4931.51
392.89	5724.95
393.25	8496.14
393.61	5867.72
393.97	5624.31
394.33	7817.39
394.68	7091.82
395.04	5626.65
395.40	7325.88
395.76	9418.32
396.12	7473.33
396.47	5813.89
396.83	7136.29
397.19	5603.24
397.55	6073.69
397.90	7557.59
398.26	7220.55
398.62	5750.70
398.98	5050.88
399.33	6815.64
399.69	25195.87
400.05	8404.86
400.41	5881.77
400.76	8805.10
401.12	10193.03
401.48	8016.33
401.84	5982.41
402.19	6457.54
402.55	7882.92
402.91	7410.14
403.26	5371.53
403.62	8638.92
403.98	7255.66
404.34	4809.80
404.69	7124.59
405.05	9291.93
405.41	14225.78
405.76	5872.40
406.12	6099.44
406.48	7084.80
406.83	6258.59
407.19	8491.46
407.55	8035.06
407.90	14408.34
408.26	8837.86
408.62	9432.36
408.97	7126.93
409.33	5413.66
409.68	5942.62
410.04	7698.02
410.40	6122.84
410.75	8367.42
411.11	5928.58
411.47	7700.36
411.82	6597.97
412.18	7229.91
412.53	6773.51
412.89	6270.30
413.25	6759.47
413.60	7293.11
413.96	5366.85
414.31	6506.69
414.67	7569.29
415.03	5511.96
415.38	5661.76
415.74	6438.81
416.09	6602.65
416.45	8664.66
416.80	5963.68
417.16	8557.00
417.51	6937.35
417.87	6593.29
418.23	7957.82
418.58	8231.66
418.94	4945.55
419.29	6026.88
419.65	7857.18
420.00	8830.84
420.36	8418.91
420.71	8306.56
421.07	5673.46
421.42	7169.06
421.78	9266.18
422.13	6808.62
422.49	5708.57
422.84	7449.93
423.20	5284.93
423.55	5486.22
423.91	5493.24
424.26	14071.30
424.61	8468.06
424.97	11552.88
425.32	6186.04
425.68	6722.02
426.03	7847.82
426.39	10232.82
426.74	10094.73
427.10	9469.81
427.45	6256.25
427.80	7903.99
428.16	6916.28
428.51	7070.76
428.87	7676.96
429.22	9706.20
429.58	10249.21
429.93	10279.63
430.28	6115.82
430.64	6331.15
430.99	5294.29
431.35	7559.93
431.70	6555.84
432.05	6747.76
432.41	8386.14
432.76	7934.42
433.11	8084.21
433.47	7824.41
433.82	10972.43
434.17	8159.11
434.53	8107.62
434.88	14525.36
435.24	7620.78
435.59	7258.00
435.94	5654.73
436.30	8568.70
436.65	6572.22
437.00	9607.90
437.35	16381.41
437.71	6630.74
438.06	6382.64
438.41	6345.19
438.77	8049.10
439.12	5294.29
439.47	4814.48
439.83	7854.84
440.18	5289.61
440.53	6698.61
440.88	12545.27
441.24	8709.13
441.59	5652.39
441.94	6649.46
442.30	8336.99
442.65	12861.24
443.00	7075.44
443.35	10560.50
443.71	6888.20
444.06	9568.11
444.41	8042.08
444.76	11599.70
445.11	7112.89
445.47	10317.08
445.82	9116.39
446.17	5919.21
446.52	10501.98
446.88	7405.46
447.23	5212.37
447.58	8102.93
447.93	6092.41
448.28	30291.21
448.63	10918.60
448.99	6956.07
449.34	8444.65
449.69	8922.12
450.04	6333.49
450.39	6321.79
450.74	7056.72
451.10	7112.89
451.45	7258.00
451.80	7831.43
452.15	10188.35
452.50	8355.71
452.85	9947.28
453.21	9092.98
453.56	7859.52
453.91	6803.94
454.26	7569.29
454.61	5781.12
454.96	8564.02
455.31	6881.18
455.66	6473.92
456.01	8098.25
456.36	6389.66
456.72	6005.81
457.07	7936.76
457.42	10494.96
457.77	9341.08
458.12	5879.43
458.47	7428.86
458.82	9736.63
459.17	7286.09
459.52	7527.16
459.87	11887.58
460.22	5790.49
460.57	7276.73
460.92	6181.35
461.27	8269.11
461.62	6665.85
461.97	5940.28
462.32	12294.83
462.67	11162.01
463.02	13666.39
463.38	13511.91
463.73	9011.06
464.08	12571.02
464.43	7726.11
464.78	5781.12
465.12	8395.50
465.47	8922.12
465.82	28259.63
466.17	6569.88
466.52	8861.27
466.87	6572.22
467.22	6054.97
467.57	5200.67
467.92	7971.86
468.27	11028.60
468.62	15117.52
468.97	6970.12
469.32	4877.68
469.67	16023.31
470.02	14438.76
470.37	6291.36
470.72	7658.23
471.07	5526.00
471.42	6829.68
471.76	6920.96
472.11	6789.89
472.46	8643.60
472.81	15253.27
473.16	6076.03
473.51	6087.73
473.86	5357.49
474.21	6785.21
474.56	6607.33
474.90	6237.53
475.25	9823.23
475.60	8994.68
475.95	6183.70
476.30	11646.51
476.65	10459.85
477.00	15562.22
477.34	11477.99
477.69	5687.50
478.04	9551.73
478.39	7468.65
478.74	5891.13
479.09	5362.17
479.43	7171.40
479.78	4992.36
480.13	12615.49
480.48	10207.08
480.83	7545.89
481.17	5441.75
481.52	7220.55
481.87	6633.08
482.22	12093.55
482.57	6855.43
482.91	9537.68
483.26	7922.71
483.61	6483.28
483.96	7826.75
484.30	65535.00
484.65	12886.99
485.00	5844.32
485.35	6754.79
485.69	6003.47
486.04	6670.53
486.39	7822.07
486.74	7833.77
487.08	5350.46
487.43	8138.04
487.78	5111.73
488.12	8294.86
488.47	6235.19
488.82	10799.23
489.17	5937.94
489.51	5352.81
489.86	8105.28
490.21	5235.78
490.55	7845.48
490.90	5483.88
491.25	6324.13
491.59	5556.43
491.94	12992.31
492.29	6565.20
492.63	7227.57
492.98	4933.85
493.33	7606.74
493.67	6520.73
494.02	5563.45
494.37	5708.57
494.71	8643.60
495.06	6211.78
495.40	10864.77
495.75	6045.60
496.10	10710.29
496.44	7131.61
496.79	8463.38
497.13	5715.59
497.48	14614.30
497.83	10534.75
498.17	8374.44
498.52	6284.34
498.86	8786.37
499.21	6766.49
499.56	5966.03
499.90	6698.61
500.25	5474.51
500.59	7157.36
500.94	7887.61
501.28	8835.52
501.63	10944.34
501.97	6609.67
502.32	5949.64
502.67	7934.42
503.01	5504.94
503.36	6251.57
503.70	6410.73
504.05	8547.64
504.39	9376.19
504.74	6832.02
505.08	11033.29
505.43	4858.95
505.77	5497.92
506.12	7480.35
506.46	6792.23
506.81	6094.76
507.15	5947.30
507.49	6593.29
507.84	5806.87
508.18	7896.97
508.53	7576.31
508.87	7239.28
509.22	6644.78
509.56	65535.00
509.91	19473.26
510.25	7084.80
510.60	5142.16
510.94	9184.26
511.28	4896.40
511.63	9448.74
511.97	7836.11
512.32	9083.62
512.66	5933.26
513.00	7169.06
513.35	9799.82
513.69	5633.67
514.04	8667.00
514.38	9025.11
514.72	7695.68
515.07	5837.30
515.41	5832.62
515.76	5987.09
516.10	8156.77
516.44	9036.81
516.79	6188.38
517.13	5521.32
517.47	9474.49
517.82	7445.24
518.16	6944.37
518.50	7454.61
518.85	7756.54
519.19	10403.68
519.53	13792.78
519.88	9137.45
520.22	6607.33
520.56	7260.34
520.91	5483.88
521.25	5741.33
521.59	6780.53
521.93	7981.23
522.28	6642.44
522.62	7517.80
522.96	9336.40
523.31	6841.39
523.65	7981.23
523.99	8753.60
524.33	11550.54
524.68	8311.24
525.02	5486.22
525.36	7911.01
525.70	5263.86
526.05	6179.01
526.39	5678.14
526.73	8582.74
527.07	7426.52
527.41	10895.19
527.76	5895.81
528.10	6586.27
528.44	8093.57
528.78	7122.25
529.12	8692.75
529.47	6562.86
529.81	9291.93
530.15	9465.13
530.49	8468.06
530.83	5139.82
531.18	5577.50
531.52	6796.92
531.86	5376.21
532.20	7152.68
532.54	9701.52
532.88	4975.98
533.22	6700.95
533.57	7323.54
533.91	9565.77
534.25	5577.50
534.59	11122.23
534.93	8706.79
535.27	5966.03
535.61	6754.79
535.95	11159.67
536.30	8999.36
536.64	7136.29
536.98	4762.99
537.32	6619.04
537.66	5174.92
538.00	8236.35
538.34	8498.49
538.68	8290.18
539.02	12112.27
539.36	6431.79
539.70	5453.45
540.04	6881.18
540.39	20526.50
540.73	5734.31
541.07	7323.54
541.41	7836.11
541.75	7913.35
542.09	10420.06
542.43	7971.86
542.77	7178.42
543.11	7637.17
543.45	7023.95
543.79	9514.28
544.13	6352.21
544.47	6604.99
544.81	5954.32
545.15	8367.42
545.49	6902.24
545.83	5818.57
546.17	6590.95
546.51	4870.65
546.85	6380.30
547.19	11180.74
547.53	5303.65
547.87	8582.74
548.21	12435.27
548.54	7321.20
548.88	6260.93
549.22	5977.73
549.56	5373.87
549.90	6223.48
550.24	6981.82
550.58	5837.30
550.92	9975.36
551.26	6307.74
551.60	11131.59
551.94	6455.20
552.28	6562.86
552.61	8613.17
552.95	6502.01
553.29	6129.86
553.63	7279.07
553.97	11555.22
554.31	9448.74
554.65	10597.95
554.99	10396.66
555.32	6375.62
555.66	8269.11
556.00	4809.80
556.34	6836.70
556.68	7466.31
557.02	9430.02
557.36	7566.95
557.69	6927.99
558.03	6242.21
558.37	12929.12
558.71	15169.01
559.05	10511.35
559.38	11630.12
559.72	5987.09
560.06	9121.07
560.40	8400.18
560.74	10068.98
561.07	8011.65
561.41	9151.49
561.75	8105.28
562.09	6279.66
562.42	9188.94
562.76	8425.93
563.10	7274.38
563.44	25090.54
563.77	7723.77
564.11	8439.97
564.45	9958.98
564.79	8241.03
565.12	7421.84
565.46	7665.25
565.80	7836.11
566.14	7686.32
566.47	9476.83
566.81	6010.50
567.15	7569.29
567.48	8095.91
567.82	8606.15
568.16	7435.88
568.49	5989.43
568.83	5603.24
569.17	7171.40
569.50	7988.25
569.84	11115.20
570.18	8056.12
570.51	11632.46
570.85	6991.18
571.19	6696.27
571.52	5970.71
571.86	9769.40
572.20	6647.12
572.53	11084.78
572.87	6115.82
573.21	5813.89
573.54	5575.16
573.88	7618.44
574.21	7510.78
574.55	7056.72
574.89	10127.50
575.22	9156.18
575.56	6221.14
575.89	6134.54
576.23	6820.32
576.57	8023.36
576.90	6111.14
577.24	7531.84
577.57	5680.48
577.91	7765.90
578.24	5305.99
578.58	6979.48
578.91	8454.02
579.25	6094.76
579.59	7330.56
579.92	7026.29
580.26	5509.62
580.59	8091.23
580.93	7880.58
581.26	6532.44
581.60	8145.06
581.93	8547.64
582.27	11461.60
582.60	5823.25
582.94	7648.87
583.27	5530.69
583.61	6841.39
583.94	7740.15
584.28	5334.08
584.61	6668.19
584.94	8486.78
585.28	8322.94
585.61	8837.86
585.95	8425.93
586.28	11719.06
586.62	13495.53
586.95	7150.34
587.29	12542.93
587.62	15744.78
587.95	5720.27
588.29	7742.49
588.62	8472.74
588.96	9493.21
589.29	6436.47
589.62	6363.92
589.96	6874.15
590.29	6377.96
590.63	5352.81
590.96	8879.99
591.29	9095.32
591.63	9682.80
591.96	5736.65
592.29	6703.29
592.63	6455.20
592.96	7826.75
593.30	11943.75
593.63	7990.59
593.96	5980.07
594.30	6530.09
594.63	8156.77
594.96	12929.12
595.30	7241.62
595.63	6586.27
595.96	6183.70
596.29	8063.15
596.63	6635.42
596.96	9001.70
597.29	8266.77
597.63	5125.77
597.96	10394.32
598.29	9750.67
598.63	9610.24
598.96	6064.33
599.29	6366.26
599.62	6270.30
599.96	6193.06
600.29	6848.41
600.62	5799.85
600.95	6340.51
601.29	6970.12
601.62	7985.91
601.95	7129.27
602.28	6296.04
602.61	21909.75
602.95	7400.77
603.28	12280.79
603.61	6127.52
603.94	9605.56
604.27	5853.68
604.61	8547.64
604.94	8023.36
605.27	7756.54
605.60	5802.19
605.93	6415.41
606.27	9284.91
606.60	6991.18
606.93	5439.40
607.26	11449.90
607.59	7215.87
607.92	9980.04
608.26	6689.25
608.59	6218.80
608.92	6935.01
609.25	5753.04
609.58	7707.38
609.91	8566.36
610.24	13708.52
610.57	8379.12
610.90	9825.57
611.24	5184.29
611.57	5390.25
611.90	9275.54
612.23	7126.93
612.56	9188.94
612.89	8702.11
613.22	8856.59
613.55	5373.87
613.88	9626.62
614.21	5991.77
614.54	8084.21
614.87	6012.84
615.20	4936.19
615.53	10370.91
615.87	6289.02
616.20	7410.14
616.53	10525.39
616.86	7070.76
617.19	8299.54
617.52	8945.53
617.85	6590.95
618.18	6017.52
618.51	6700.95
618.84	8608.49
619.17	6937.35
619.50	10913.92
619.83	10504.32
620.16	8519.55
620.49	6319.45
620.82	14518.34
621.14	10780.51
621.47	7707.38
621.80	9827.91
622.13	7538.87
622.46	15054.33
622.79	8744.24
623.12	5633.67
623.45	9460.45
623.78	8741.90
624.11	5877.09
624.44	7941.44
624.77	6052.63
625.10	6225.82
625.43	5767.08
625.75	7489.71
626.08	6101.78
626.41	5977.73
626.74	7164.38
627.07	6607.33
627.40	12528.89
627.73	6604.99
628.06	6015.18
628.38	4837.89
628.71	9081.28
629.04	10066.64
629.37	8851.91
629.70	7630.15
630.03	5930.92
630.36	10005.79
630.68	9200.65
631.01	6520.73
631.34	11236.91
631.67	6445.84
632.00	5018.11
632.32	9179.58
632.65	10345.17
632.98	7918.03
633.31	7297.79
633.64	9284.91
633.96	5935.60
634.29	11152.65
634.62	7606.74
634.95	7868.88
635.27	7592.70
635.60	8414.23
635.93	7974.21
636.26	7878.24
636.58	6487.96
636.91	6406.05
637.24	6146.25
637.57	7564.61
637.89	8468.06
638.22	6546.48
638.55	7693.34
638.87	7854.84
639.20	9060.21
639.53	8168.47
639.86	6307.74
640.18	5809.21
640.51	7501.42
640.84	8037.40
641.16	5753.04
641.49	7756.54
641.82	5813.89
642.14	5933.26
642.47	14380.25
642.80	6956.07
643.12	9745.99
643.45	6935.01
643.78	7466.31
644.10	6373.28
644.43	7155.02
644.75	10525.39
645.08	5397.28
645.41	8290.18
645.73	5996.45
646.06	15660.52
646.39	9322.35
646.71	6394.34
647.04	6164.97
647.36	5111.73
647.69	8851.91
648.01	7470.99
648.34	6284.34
648.67	9834.93
648.99	10576.88
649.32	6122.84
649.64	5493.24
649.97	4795.76
650.29	5603.24
650.62	14937.30
650.94	7440.56
651.27	11360.96
651.59	6981.82
651.92	6118.16
652.25	8201.24
652.57	5930.92
652.90	5949.64
653.22	7817.39
653.55	7667.60
653.87	5034.49
654.20	7489.71
654.52	11417.13
654.84	7019.27
655.17	8329.97
655.49	11712.04
655.82	6677.55
656.14	8046.76
656.47	11215.85
656.79	12011.63
657.12	6832.02
657.44	6635.42
657.77	9137.45
658.09	7637.17
658.41	7080.12
658.74	8631.90
659.06	5561.11
659.39	7000.54
659.71	6403.71
660.03	7267.36
660.36	6593.29
660.68	10183.67
661.01	13771.71
661.33	10759.44
661.65	6410.73
661.98	14270.25
662.30	13813.84
662.63	7253.32
662.95	6916.28
663.27	6263.27
663.60	5731.97
663.92	7105.87
664.24	7199.49
664.57	5940.28
664.89	6321.79
665.21	6331.15
665.54	9668.75
665.86	7435.88
666.18	7962.50
666.51	10764.12
666.83	6452.86
667.15	15382.00
667.47	9874.72
667.80	8486.78
668.12	6253.91
668.44	7492.05
668.77	8990.00
669.09	10289.00
669.41	9179.58
669.73	5563.45
670.06	7262.68
670.38	6691.59
670.70	5502.60
671.02	8636.58
671.35	6621.38
671.67	10808.59
671.99	7049.69
672.31	10485.60
672.63	7920.37
672.96	11321.17
673.28	6548.82
673.60	7613.76
673.92	7585.68
674.24	5951.98
674.57	6200.08
674.89	10022.17
675.21	6986.50
675.53	9341.08
675.85	10153.24
676.17	10459.85
676.50	5949.64
676.82	10207.08
677.14	7456.95
677.46	14988.79
677.78	5399.62
678.10	9483.85
678.42	7290.77
678.75	6684.57
679.07	5764.74
679.39	7255.66
679.71	6597.97
680.03	6431.79
680.35	6551.16
680.67	6609.67
680.99	6237.53
681.31	5411.32
681.63	8390.82
681.96	10518.37
682.28	6607.33
682.60	5951.98
682.92	8812.12
683.24	5488.56
683.56	8847.22
683.88	6342.85
684.20	7016.93
684.52	6541.80
684.84	6438.81
685.16	6644.78
685.48	9273.20
685.80	8018.68
686.12	9273.20
686.44	12315.90
686.76	7176.08
687.08	5462.81
687.40	5846.66
687.72	9619.60
688.04	6160.29
688.36	14956.02
688.68	11140.95
689.00	8046.76
689.32	6951.39
689.64	6644.78
689.96	7091.82
690.28	9977.70
690.60	10583.90
690.92	6118.16
691.24	8842.54
691.56	6970.12
691.88	7162.04
692.19	5954.32
692.51	9511.94
692.83	8285.50
693.15	9296.61
693.47	8100.59
693.79	7726.11
694.11	9879.40
694.43	7941.44
694.75	7108.21
695.06	7749.51
695.38	10403.68
695.70	7552.91
696.02	7524.82
696.34	6621.38
696.66	6745.42
696.98	5217.05
697.29	7517.80
697.61	11534.16
697.93	10132.18
698.25	14183.65
698.57	8072.51
698.89	5455.79
699.20	6916.28
699.52	11353.94
699.84	5151.52
700.16	7126.93
700.48	11000.52
700.79	5907.51
701.11	12208.23
701.43	9458.10
701.75	6321.79
702.07	7009.90
702.38	12060.78
702.70	6279.66
703.02	6228.17
703.34	9018.08
703.65	7564.61
703.97	6925.65
704.29	5373.87
704.61	5877.09
704.92	9448.74
705.24	6846.07
705.56	9643.01
705.87	10071.33
706.19	7391.41
706.51	5380.89
706.82	10361.55
707.14	6214.12
707.46	5481.53
707.78	5954.32
708.09	8454.02
708.41	9914.51
708.73	7976.55
709.04	10359.21
709.36	6789.89
709.68	7346.94
709.99	13619.58
710.31	10703.27
710.62	7513.12
710.94	6747.76
711.26	8191.88
711.57	6942.03
711.89	5689.84
712.21	15906.28
712.52	7372.69
712.84	10764.12
713.15	7943.78
713.47	9376.19
713.79	5582.18
714.10	6403.71
714.42	6956.07
714.73	11070.73
715.05	5584.52
715.36	5970.71
715.68	6340.51
715.99	6747.76
716.31	9802.16
716.63	8730.20
716.94	9652.37
717.26	20870.56
717.57	9474.49
717.89	11967.16
718.20	6244.55
718.52	9776.42
718.83	7136.29
719.15	15094.11
719.46	14363.87
719.78	7969.52
720.09	7234.60
720.41	6218.80
720.72	5886.45
721.04	5849.00
721.35	7075.44
721.67	7091.82
721.98	6766.49
722.29	6773.51
722.61	6314.77
722.92	5111.73
723.24	7082.46
723.55	7719.09
723.87	8037.40
724.18	9109.36
724.50	5849.00
724.81	7227.57
725.12	7283.75
725.44	8435.29
725.75	7688.66
726.07	11197.12
726.38	8503.17
726.69	6743.08
727.01	9013.40
727.32	9458.10
727.63	6700.95
727.95	11152.65
728.26	6420.09
728.58	9062.55
728.89	6668.19
729.20	7358.64
729.52	6097.10
729.83	14235.14
730.14	8746.58
730.46	7360.98
730.77	10370.91
731.08	8835.52
731.39	7143.32
731.71	7431.20
732.02	9364.48
732.33	7382.05
732.65	6825.00
732.96	11096.48
733.27	9605.56
733.59	14813.25
733.90	9994.09
734.21	5722.61
734.52	7056.72
734.84	17664.02
735.15	6738.40
735.46	7035.65
735.77	7735.47
736.09	7400.77
736.40	11365.64
736.71	9254.48
737.02	5673.46
737.33	6902.24
737.65	6300.72
737.96	7581.00
738.27	8098.25
738.58	13942.57
738.89	8844.88
739.21	6448.18
739.52	5256.84
739.83	9092.98
740.14	6392.00
740.45	7527.16
740.76	6530.09
741.08	5841.98
741.39	7300.13
741.70	6693.93
742.01	8077.19
742.32	10232.82
742.63	7946.12
742.94	6216.46
743.26	8798.07
743.57	8355.71
743.88	9387.89
744.19	8088.89
744.50	6953.73
744.81	13139.77
745.12	7227.57
745.43	7199.49
745.74	15749.46
746.05	11838.43
746.36	5294.29
746.67	12505.48
746.99	7042.67
747.30	8779.35
747.61	6651.80
747.92	7934.42
748.23	10462.19
748.54	6897.56
748.85	6932.67
749.16	7719.09
749.47	6080.71
749.78	6698.61
750.09	6913.94
750.40	8379.12
750.71	7896.97
751.02	8898.72
751.33	7199.49
751.64	8491.46
751.95	7304.81
752.26	8767.65
752.57	9076.60
752.88	6972.46
753.19	7552.91
753.50	11035.63
753.81	7447.58
754.11	7517.80
754.42	17638.28
754.73	7644.19
755.04	8088.89
755.35	7995.27
755.66	14363.87
755.97	5966.03
756.28	6085.39
756.59	8868.29
756.90	17818.50
757.21	8498.49
757.52	11714.38
757.82	8297.20
758.13	6583.93
758.44	10108.77
758.75	8823.82
759.06	6560.52
759.37	6073.69
759.68	8208.26
759.98	6656.48
760.29	9006.38
760.60	7929.74
760.91	5575.16
761.22	7213.53
761.53	7866.54
761.83	6368.60
762.14	7707.38
762.45	6670.53
762.76	5738.99
763.07	8559.34
763.37	16517.16
763.68	11517.78
763.99	13682.77
764.30	12107.59
764.60	6555.84
764.91	10305.38
765.22	7721.43
765.53	13776.39
765.84	8245.71
766.14	7145.66
766.45	5551.75
766.76	11548.20
767.06	12306.54
767.37	6970.12
767.68	7496.74
767.99	7159.70
768.29	6506.69
768.60	7531.84
768.91	10546.45
769.21	13589.15
769.52	11272.02
769.83	7417.16
770.13	7597.38
770.44	7002.88
770.75	9376.19
771.05	7557.59
771.36	9102.34
771.67	7845.48
771.97	6953.73
772.28	7176.08
772.59	7847.82
772.89	9687.48
773.20	6541.80
773.51	6656.48
773.81	12063.12
774.12	6017.52
774.42	7405.46
774.73	6150.93
775.04	6204.76
775.34	22132.11
775.65	8809.78
775.95	12805.07
776.26	8489.12
776.56	6782.87
776.87	8755.94
777.18	65535.00
777.48	18335.76
777.79	8065.49
778.09	11393.73
778.40	7056.72
778.70	6953.73
779.01	11267.34
779.31	7808.03
779.62	6967.77
779.92	9259.16
780.23	8978.30
780.53	5898.15
780.84	7454.61
781.14	6771.17
781.45	6569.88
781.75	9757.69
782.06	6546.48
782.36	8306.56
782.67	6237.53
782.97	6530.09
783.28	13685.11
783.58	6935.01
783.89	6775.85
784.19	8971.27
784.49	13224.03
784.80	7311.83
785.10	13490.85
785.41	6253.91
785.71	8901.06
786.02	8552.32
786.32	14649.41
786.62	9706.20
786.93	12313.56
787.23	6993.52
787.54	7171.40
787.84	13069.55
788.14	8795.73
788.45	9121.07
788.75	6817.98
789.05	5980.07
789.36	7360.98
789.66	14300.67
789.96	9509.60
790.27	7758.88
790.57	7620.78
790.87	6363.92
791.18	6609.67
791.48	6511.37
791.78	8407.20
792.09	9078.94
792.39	6473.92
792.69	9762.37
793.00	8692.75
793.30	9064.89
793.60	6043.26
793.90	5509.62
794.21	8823.82
794.51	17582.10
794.81	11129.25
795.11	7733.13
795.42	6637.76
795.72	11702.68
796.02	9551.73
796.32	8627.21
796.63	8933.82
796.93	10530.07
797.23	9397.25
797.53	8306.56
797.84	10668.16
798.14	6588.61
798.44	8458.70
798.74	8917.44
799.04	8353.37
799.34	6155.61
799.65	16346.30
799.95	8140.38
800.25	7152.68
800.55	7005.22
800.85	8177.83
801.15	6438.81
801.46	7499.08
801.76	18394.27
802.06	6958.41
802.36	8664.66
802.66	6834.36
802.96	9678.12
803.26	11169.04
803.56	13750.65
803.87	16908.03
804.17	7389.07
804.47	10008.13
804.77	10965.41
805.07	11005.20
805.37	9767.06
805.67	9397.25
805.97	7014.59
806.27	7515.46
806.57	6932.67
806.87	12065.46
807.17	8304.22
807.47	11854.81
807.77	11211.17
808.07	6937.35
808.37	12020.99
808.67	8039.74
808.98	15969.48
809.28	7232.26
809.58	16475.03
809.88	10792.21
810.18	14974.75
810.47	7279.07
810.77	7536.52
811.07	9525.98
811.37	8706.79
811.67	6267.95
811.97	5533.03
812.27	6232.85
812.57	5687.50
812.87	6569.88
813.17	6506.69
813.47	6392.00
813.77	6970.12
814.07	6829.68
814.37	10326.44
814.67	6527.75
814.97	7442.90
815.27	6506.69
815.56	8879.99
815.86	11531.82
816.16	8315.92
816.46	6059.65
816.76	6696.27
817.06	10616.67
817.36	12989.97
817.66	7819.73
817.95	6279.66
818.25	8601.47
818.55	10127.50
818.85	9591.52
819.15	6911.60
819.45	13504.89
819.75	7653.55
820.04	7592.70
820.34	16355.66
820.64	10202.40
820.94	13130.41
821.24	7297.79
821.53	7749.51
821.83	6696.27
822.13	6193.06
822.43	7260.34
822.72	5916.87
823.02	6707.98
823.32	6167.31
823.62	8116.98
823.91	15414.77
824.21	5834.96
824.51	8711.47
824.81	7096.50
825.10	5774.10
825.40	9437.04
825.70	7955.48
826.00	12947.84
826.29	6883.52
826.59	8416.57
826.89	7028.63
827.18	6619.04
827.48	6626.06
827.78	6251.57
828.07	7726.11
828.37	9628.96
828.67	8437.63
828.96	7770.58
829.26	6609.67
829.56	10871.79
829.85	6834.36
830.15	8671.68
830.45	5909.85
830.74	12758.26
831.04	9940.26
831.34	10473.90
831.63	13909.80
831.93	10164.95
832.22	9385.55
832.52	7662.91
832.82	6244.55
833.11	6015.18
833.41	6455.20
833.70	6890.54
834.00	10780.51
834.29	8035.06
834.59	5767.08
834.89	8847.22
835.18	7150.34
835.48	13518.93
835.77	9397.25
836.07	9729.61
836.36	9327.03
836.66	10457.51
836.95	7407.80
837.25	6670.53
837.54	8985.32
837.84	6654.14
838.13	8156.77
838.43	6434.13
838.72	14090.02
839.02	11337.56
839.31	6314.77
839.61	10890.51
839.90	5769.42
840.20	7726.11
840.49	6106.46
840.78	8552.32
841.08	9495.55
841.37	7047.35
841.67	6026.88
841.96	9027.45
842.26	8393.16
842.55	5942.62
842.84	6197.74
843.14	10359.21
843.43	5853.68
843.73	7588.02
844.02	5865.38
844.31	7309.49
844.61	6810.96
844.90	8498.49
845.20	7822.07
845.49	5401.96
845.78	7129.27
846.08	6047.94
846.37	5214.71
846.66	8636.58
846.96	9270.86
847.25	8936.17
847.54	5788.14
847.84	8910.42
848.13	7377.37
848.42	10122.82
848.72	6422.43
849.01	9158.52
849.30	6590.95
849.59	6377.96
849.89	6448.18
850.18	12533.57
850.47	6200.08
850.76	19030.90
851.06	14878.79
851.35	8669.34
851.64	9764.72
851.93	7974.21
852.23	11197.12
852.52	7066.08
852.81	6752.45
853.10	7566.95
853.40	5729.63
853.69	5652.39
853.98	7344.60
854.27	10015.15
854.56	6794.58
854.86	8924.46
855.15	7822.07
855.44	8266.77
855.73	5654.73
856.02	6731.38
856.31	9846.63
856.61	8365.07
856.90	7033.31
857.19	6097.10
857.48	5643.03
857.77	6038.58
858.06	5210.03
858.35	5764.74
858.65	11564.59
858.94	9544.70
859.23	7375.03
859.52	9362.14
859.81	12100.57
860.10	6560.52
860.39	9432.36
860.68	7634.83
860.97	6097.10
861.26	6305.40
861.55	12273.77
861.85	7662.91
862.14	9455.76
862.43	9659.39
862.72	7962.50
863.01	5689.84
863.30	6956.07
863.59	7524.82
863.88	7377.37
864.17	7508.44
864.46	6286.68
864.75	14878.79
865.04	7808.03
865.33	5834.96
865.62	10899.87
865.91	6665.85
866.20	9074.26
866.49	6949.05
866.78	6916.28
867.07	6808.62
867.36	10211.76
867.65	11864.18
867.93	9191.28
868.22	7634.83
868.51	7206.51
868.80	7747.17
869.09	7042.67
869.38	6239.87
869.67	12699.75
869.96	12699.75
870.25	12699.75
