178.76	1631.35
179.14	1631.35
179.52	1631.35
179.90	1577.52
180.28	11337.56
180.66	6200.08
181.04	8580.40
181.42	7524.82
181.80	6431.79
182.18	11297.77
182.55	5970.71
182.93	7410.14
183.31	7250.98
183.69	8049.10
184.07	8336.99
184.45	7073.10
184.83	7634.83
185.21	6670.53
185.59	6895.22
185.97	17081.23
186.35	12372.07
186.72	7129.27
187.10	7489.71
187.48	11889.92
187.86	9123.41
188.24	6810.96
188.62	6286.68
189.00	11527.14
189.38	8119.32
189.75	7681.64
190.13	8154.43
190.51	6413.07
190.89	15599.67
191.27	21465.05
191.65	7124.59
192.03	8100.59
192.40	10890.51
192.78	7838.45
193.16	9043.83
193.54	12697.41
193.92	11171.38
194.30	6780.53
194.67	9767.06
195.05	8746.58
195.43	7534.18
195.81	7131.61
196.19	11162.01
196.56	8030.38
196.94	7403.11
197.32	12006.95
197.70	6707.98
198.08	8896.38
198.45	6862.45
198.83	7854.84
199.21	6904.58
199.59	12709.11
199.97	8465.72
200.34	5891.13
200.72	6803.94
201.10	14576.86
201.48	10204.74
201.85	6574.56
202.23	7033.31
202.61	6684.57
202.99	16882.28
203.36	6686.91
203.74	9294.27
204.12	7066.08
204.49	6602.65
204.87	8980.64
205.25	7229.91
205.63	5902.83
206.00	6478.60
206.38	8077.19
206.76	10080.69
207.14	6700.95
207.51	5930.92
207.89	11138.61
208.27	6403.71
208.64	5490.90
209.02	6665.85
209.40	7199.49
209.77	5767.08
210.15	15697.97
210.53	5982.41
210.90	11658.21
211.28	6349.87
211.66	12594.42
212.03	6651.80
212.41	6148.59
212.79	7417.16
213.16	6073.69
213.54	7861.86
213.92	8074.85
214.29	5645.37
214.67	6794.58
215.05	6965.43
215.42	9666.41
215.80	6946.71
216.17	6799.26
216.55	8112.30
216.93	5966.03
217.30	9226.39
217.68	6499.67
218.05	6813.30
218.43	6576.91
218.81	6920.96
219.18	11655.87
219.56	6878.83
219.93	6609.67
220.31	6623.72
220.69	6017.52
221.06	6406.05
221.44	7714.41
221.81	6331.15
222.19	5827.93
222.56	6211.78
222.94	6874.15
223.32	7740.15
223.69	6401.37
224.07	9095.32
224.44	12751.24
224.82	7623.12
225.19	8669.34
225.57	7662.91
225.94	6792.23
226.32	7665.25
226.69	12322.92
227.07	8699.77
227.44	6913.94
227.82	8182.51
228.19	7171.40
228.57	9050.85
228.94	12079.50
229.32	9933.23
229.69	9200.65
230.07	6944.37
230.44	6202.42
230.82	11316.49
231.19	9645.35
231.57	5692.18
231.94	5870.06
232.32	9263.84
232.69	6913.94
233.07	7590.36
233.44	8423.59
233.82	7009.90
234.19	7691.00
234.57	10200.05
234.94	6492.65
235.31	6876.49
235.69	7452.27
236.06	7695.68
236.44	8903.40
236.81	5954.32
237.19	8098.25
237.56	11957.80
237.93	6555.84
238.31	7815.05
238.68	7047.35
239.06	7932.08
239.43	9153.84
239.81	8329.97
240.18	6061.99
240.55	6352.21
240.93	13394.89
241.30	7840.79
241.67	7349.28
242.05	8828.50
242.42	9671.09
242.80	5982.41
243.17	8088.89
243.54	7838.45
243.92	9378.53
244.29	7159.70
244.66	7730.79
245.04	10478.58
245.41	16863.56
245.78	6019.86
246.16	6871.81
246.53	9020.42
246.90	7197.15
247.28	13427.65
247.65	7239.28
248.02	7201.83
248.40	10162.61
248.77	7630.15
249.14	8540.61
249.52	7005.22
249.89	8638.92
250.26	6380.30
250.64	7693.34
251.01	15927.35
251.38	5956.66
251.75	7602.06
252.13	6754.79
252.50	9310.65
252.87	14068.96
253.25	5867.72
253.62	7992.93
253.99	5893.47
254.36	9633.64
254.74	6726.70
255.11	6099.44
255.48	5654.73
255.85	14721.97
256.23	5895.81
256.60	5444.09
256.97	6946.71
257.34	8269.11
257.71	7859.52
258.09	6324.13
258.46	7878.24
258.83	11513.10
259.20	9930.89
259.58	7176.08
259.95	7269.70
260.32	9469.81
260.69	6155.61
261.06	11042.65
261.44	6300.72
261.81	13444.04
262.18	8013.99
262.55	6530.09
262.92	7452.27
263.29	6668.19
263.67	5956.66
264.04	6817.98
264.41	7096.50
264.78	6644.78
265.15	10520.71
265.52	12730.17
265.90	7669.94
266.27	6560.52
266.64	5893.47
267.01	5542.39
267.38	8201.24
267.75	6303.06
268.12	5345.78
268.50	7133.95
268.87	6462.22
269.24	6349.87
269.61	7740.15
269.98	8320.60
270.35	8292.52
270.72	6382.64
271.09	7014.59
271.46	6796.92
271.83	8102.93
272.21	9530.66
272.58	5982.41
272.95	6448.18
273.32	7375.03
273.69	7335.24
274.06	5708.57
274.43	6246.89
274.80	7190.13
275.17	7911.01
275.54	17914.46
275.91	7522.48
276.28	7351.62
276.65	7735.47
277.02	11311.81
277.39	6347.53
277.76	6230.51
278.13	8432.95
278.50	8975.95
278.87	10619.01
279.24	9266.18
279.61	8608.49
279.98	9951.96
280.35	6450.52
280.72	7744.83
281.09	7124.59
281.46	7466.31
281.83	6129.86
282.20	8175.49
282.57	6635.42
282.94	8292.52
283.31	6595.63
283.68	7803.35
284.05	5886.45
284.42	5205.35
284.79	7700.36
285.16	8748.92
285.53	7265.02
285.90	7616.10
286.27	15360.94
286.64	5687.50
287.01	6249.23
287.38	8418.91
287.75	59552.59
288.12	8603.81
288.49	16781.64
288.86	5977.73
289.23	6171.99
289.59	6232.85
289.96	5886.45
290.33	6487.96
290.70	6600.31
291.07	8521.89
291.44	7990.59
291.81	5954.32
292.18	7398.43
292.55	6663.51
292.91	12922.10
293.28	8341.67
293.65	11162.01
294.02	8166.13
294.39	5701.54
294.76	7187.79
295.13	7463.97
295.50	7150.34
295.86	7037.99
296.23	6626.06
296.60	5912.19
296.97	6494.99
297.34	7152.68
297.71	9100.00
298.07	7442.90
298.44	5373.87
298.81	8046.76
299.18	7478.01
299.55	10661.14
299.91	6949.05
300.28	7482.69
300.65	5448.77
301.02	7592.70
301.39	8210.60
301.75	13675.75
302.12	8194.22
302.49	7033.31
302.86	10689.23
303.23	7426.52
303.59	5874.74
303.96	17575.08
304.33	9799.82
304.70	15129.22
305.06	6715.00
305.43	10303.04
305.80	8442.31
306.17	9291.93
306.53	6406.05
306.90	9668.75
307.27	7438.22
307.64	10864.77
308.00	6520.73
308.37	6448.18
308.74	12006.95
309.11	8931.48
309.47	6403.71
309.84	5818.57
310.21	7087.14
310.57	7667.60
310.94	6855.43
311.31	7445.24
311.67	8084.21
312.04	5586.86
312.41	9930.89
312.77	8152.09
313.14	6190.72
313.51	6899.90
313.87	6717.34
314.24	6530.09
314.61	6436.47
314.97	6668.19
315.34	7454.61
315.71	5621.97
316.07	9165.54
316.44	5916.87
316.81	8709.13
317.17	6429.45
317.54	15686.27
317.91	6471.58
318.27	5460.47
318.64	6930.33
319.00	8889.35
319.37	5542.39
319.74	9425.34
320.10	9659.39
320.47	6710.32
320.83	11122.23
321.20	7056.72
321.57	6108.80
321.93	6684.57
322.30	7634.83
322.66	6429.45
323.03	8683.39
323.40	8149.75
323.76	6537.12
324.13	6459.88
324.49	5448.77
324.86	19159.63
325.22	7588.02
325.59	7122.25
325.95	8006.97
326.32	9593.86
326.68	9188.94
327.05	6932.67
327.42	6094.76
327.78	6420.09
328.15	9764.72
328.51	6558.18
328.88	8692.75
329.24	11489.69
329.61	7433.54
329.97	8755.94
330.34	6487.96
330.70	7424.18
331.07	10857.75
331.43	8812.12
331.80	13600.85
332.16	10473.90
332.52	6176.67
332.89	8308.90
333.25	5596.22
333.62	12568.68
333.98	7166.72
334.35	7059.06
334.71	7452.27
335.08	5949.64
335.44	12446.97
335.81	12180.15
336.17	10314.74
336.53	7290.77
336.90	6029.22
337.26	8585.08
337.63	9603.22
337.99	7840.79
338.36	5954.32
338.72	9018.08
339.08	7478.01
339.45	6010.50
339.81	9760.03
340.18	6817.98
340.54	10399.00
340.90	6459.88
341.27	6995.86
341.63	8491.46
341.99	5282.59
342.36	10583.90
342.72	5914.53
343.09	10843.70
343.45	6448.18
343.81	10815.62
344.18	5710.91
344.54	7190.13
344.90	7960.16
345.27	7550.57
345.63	7314.17
345.99	9107.02
346.36	7473.33
346.72	5961.34
347.08	6085.39
347.45	5638.35
347.81	10040.90
348.17	7674.62
348.54	5696.86
348.90	9219.37
349.26	9888.76
349.62	11136.27
349.99	5411.32
350.35	5359.83
350.71	7878.24
351.08	7276.73
351.44	5242.80
351.80	13638.30
352.16	12058.44
352.53	6090.07
352.89	8503.17
353.25	11372.66
353.61	6787.55
353.98	8807.44
354.34	10218.78
354.70	6644.78
355.06	5369.19
355.43	7295.45
355.79	6909.26
356.15	6698.61
356.51	6052.63
356.88	6244.55
357.24	7019.27
357.60	5731.97
357.96	5294.29
358.32	15648.82
358.69	5516.64
359.05	8135.70
359.41	7730.79
359.77	6038.58
360.13	6310.08
360.49	6251.57
360.86	9191.28
361.22	11379.68
361.58	7758.88
361.94	11185.42
362.30	5991.77
362.66	8561.68
363.03	5383.23
363.39	5434.72
363.75	6249.23
364.11	10132.18
364.47	6464.56
364.83	10881.15
365.19	7714.41
365.56	9095.32
365.92	5334.08
366.28	8875.31
366.64	10253.89
367.00	5502.60
367.36	5645.37
367.72	9989.41
368.08	9720.24
368.44	6649.46
368.80	8514.87
369.17	6626.06
369.53	6986.50
369.89	6143.91
370.25	6167.31
370.61	6300.72
370.97	10986.47
371.33	6588.61
371.69	13043.81
372.05	8454.02
372.41	5872.40
372.77	6698.61
373.13	7555.25
373.49	5076.62
373.85	8283.16
374.21	7819.73
374.57	5818.57
374.93	8840.20
375.29	9355.12
375.65	7648.87
376.01	7468.65
376.37	10569.86
376.73	8798.07
377.09	5811.55
377.45	10169.63
377.81	6923.30
378.17	6106.46
378.53	5270.89
378.89	8777.01
379.25	11199.46
379.61	14792.19
379.97	9715.56
380.33	6485.62
380.69	6286.68
381.05	5703.89
381.41	9111.71
381.77	7330.56
382.13	8997.02
382.49	15208.80
382.85	7562.27
383.21	9177.24
383.57	5474.51
383.93	10857.75
384.28	5383.23
384.64	6539.46
385.00	7754.19
385.36	7433.54
385.72	9240.44
386.08	6223.48
386.44	9174.90
386.80	9205.33
387.16	10937.32
387.52	9888.76
387.87	13865.33
388.23	8226.98
388.59	6317.11
388.95	5521.32
389.31	6813.30
389.67	6897.56
390.03	6328.81
390.38	6726.70
390.74	5069.60
391.10	9586.83
391.46	7592.70
391.82	6059.65
392.18	8697.43
392.54	5158.54
392.89	5951.98
393.25	8578.06
393.61	5839.64
393.97	5586.86
394.33	8053.78
394.68	6937.35
395.04	5624.31
395.40	7442.90
395.76	9184.26
396.12	7768.24
396.47	5951.98
396.83	7110.55
397.19	5619.63
397.55	5881.77
397.90	7400.77
398.26	7368.01
398.62	5804.53
398.98	5057.90
399.33	6682.23
399.69	25806.75
400.05	8400.18
400.41	6050.28
400.76	8957.23
401.12	10335.81
401.48	8037.40
401.84	6190.72
402.19	6490.31
402.55	7925.05
402.91	7407.80
403.26	5373.87
403.62	8606.15
403.98	7286.09
404.34	4938.53
404.69	7197.15
405.05	9331.72
405.41	14359.19
405.76	5975.39
406.12	5954.32
406.48	6796.92
406.83	6136.88
407.19	8599.13
407.55	8105.28
407.90	14551.11
408.26	8554.66
408.62	9502.58
408.97	7236.94
409.33	5500.26
409.68	5980.07
410.04	7826.75
410.40	6078.37
410.75	8578.06
411.11	5935.60
411.47	7775.26
411.82	6780.53
412.18	7412.48
412.53	6382.64
412.89	6270.30
413.25	6918.62
413.60	7225.23
413.96	5359.83
414.31	6370.94
414.67	7616.10
415.03	5483.88
415.38	5874.74
415.74	6567.54
416.09	6619.04
416.45	8561.68
416.80	6076.03
417.16	8678.71
417.51	6895.22
417.87	6518.39
418.23	7878.24
418.58	8395.50
418.94	5057.90
419.29	6202.42
419.65	7810.37
420.00	9029.79
420.36	8454.02
420.71	8451.67
421.07	5762.40
421.42	7370.35
421.78	9390.23
422.13	6775.85
422.49	5467.49
422.84	7499.08
423.20	5282.59
423.55	5572.82
423.91	5612.60
424.26	14307.69
424.61	8507.85
424.97	11620.76
425.32	6106.46
425.68	6778.19
426.03	7880.58
426.39	10382.62
426.74	10160.27
427.10	9542.36
427.45	6157.95
427.80	7803.35
428.16	7056.72
428.51	6878.83
428.87	7726.11
429.22	9802.16
429.58	10499.64
429.93	10289.00
430.28	6113.48
430.64	6256.25
430.99	5193.65
431.35	7602.06
431.70	6691.59
432.05	6808.62
432.41	8564.02
432.76	7840.79
433.11	8315.92
433.47	7990.59
433.82	11325.85
434.17	8304.22
434.53	7985.91
434.88	14733.67
435.24	7812.71
435.59	7438.22
435.94	5671.12
436.30	8437.63
436.65	6342.85
437.00	9741.31
437.35	16711.42
437.71	6693.93
438.06	6359.24
438.41	6389.66
438.77	8009.31
439.12	5376.21
439.47	4781.71
439.83	7918.03
440.18	5284.93
440.53	6656.48
440.88	12491.44
441.24	8828.50
441.59	5785.80
441.94	6516.05
442.30	8273.79
442.65	12922.10
443.00	7122.25
443.35	10679.86
443.71	6733.72
444.06	9666.41
444.41	8184.85
444.76	11758.85
445.11	7021.61
445.47	10483.26
445.82	9179.58
446.17	5970.71
446.52	10726.68
446.88	7332.90
447.23	5364.51
447.58	8116.98
447.93	5968.37
448.28	30000.99
448.63	11166.70
448.99	7150.34
449.34	8596.79
449.69	8968.93
450.04	6286.68
450.39	6319.45
450.74	7082.46
451.10	7183.10
451.45	7314.17
451.80	7789.30
452.15	10324.10
452.50	8304.22
452.85	10136.86
453.21	9284.91
453.56	7833.77
453.91	6913.94
454.26	7641.85
454.61	5949.64
454.96	8580.40
455.31	6970.12
455.66	6427.11
456.01	8161.45
456.36	6417.75
456.72	6113.48
457.07	8056.12
457.42	10649.44
457.77	9380.87
458.12	6019.86
458.47	7496.74
458.82	9788.12
459.17	7199.49
459.52	7487.37
459.87	12187.17
460.22	5776.44
460.57	7353.96
460.92	6377.96
461.27	8383.80
461.62	6750.10
461.97	6139.23
462.32	12461.01
462.67	11040.31
463.02	13795.12
463.38	13848.95
463.73	9249.80
464.08	12622.51
464.43	7899.31
464.78	5701.54
465.12	8456.36
465.47	8840.20
465.82	29244.99
466.17	6619.04
466.52	9060.21
466.87	6499.67
467.22	6031.56
467.57	5298.97
467.92	7978.89
468.27	11412.45
468.62	15304.76
468.97	6981.82
469.32	4931.51
469.67	16475.03
470.02	14443.45
470.37	6291.36
470.72	7658.23
471.07	5589.20
471.42	6796.92
471.76	6913.94
472.11	6832.02
472.46	8737.22
472.81	15459.24
473.16	6064.33
473.51	6043.26
473.86	5411.32
474.21	6916.28
474.56	6541.80
474.90	6366.26
475.25	9947.28
475.60	8980.64
475.95	6122.84
476.30	11529.48
476.65	10455.17
477.00	15620.74
477.34	11461.60
477.69	5591.54
478.04	9610.24
478.39	7578.65
478.74	5949.64
479.09	5357.49
479.43	7272.04
479.78	5032.15
480.13	12760.60
480.48	10452.83
480.83	7473.33
481.17	5631.33
481.52	7414.82
481.87	6649.46
482.22	12236.32
482.57	6958.41
482.91	9483.85
483.26	8077.19
483.61	6677.55
483.96	7660.57
484.30	65535.00
484.65	12889.33
485.00	5856.02
485.35	6869.47
485.69	5900.49
486.04	6689.25
486.39	7859.52
486.74	7859.52
487.08	5383.23
487.43	8091.23
487.78	5261.52
488.12	8397.84
488.47	6164.97
488.82	10689.23
489.17	5989.43
489.51	5170.24
489.86	8170.81
490.21	5355.15
490.55	7873.56
490.90	5322.38
491.25	6658.82
491.59	5542.39
491.94	13193.60
492.29	6373.28
492.63	7241.62
492.98	4861.29
493.33	7496.74
493.67	6490.31
494.02	5710.91
494.37	5706.23
494.71	8685.73
495.06	6342.85
495.40	10520.71
495.75	6069.01
496.10	10724.33
496.44	6998.20
496.79	8262.09
497.13	5865.38
497.48	14663.46
497.83	10452.83
498.17	8388.48
498.52	6375.62
498.86	8837.86
499.21	6892.88
499.56	6024.54
499.90	6626.06
500.25	5371.53
500.59	6949.05
500.94	8035.06
501.28	8795.73
501.63	9848.97
501.97	6647.12
502.32	5886.45
502.67	7899.31
503.01	5364.51
503.36	6326.47
503.70	6387.32
504.05	8397.84
504.39	9282.56
504.74	6827.34
505.08	10911.58
505.43	4748.95
505.77	5699.20
506.12	7630.15
506.46	6710.32
506.81	6019.86
507.15	5858.36
507.49	6530.09
507.84	6008.16
508.18	7840.79
508.53	7431.20
508.87	7087.14
509.22	6703.29
509.56	65535.00
509.91	19716.67
510.25	7176.08
510.60	5011.09
510.94	9252.14
511.28	5006.41
511.63	9767.06
511.97	7873.56
512.32	9261.50
512.66	5998.79
513.00	7307.15
513.35	9631.30
513.69	5980.07
514.04	8573.38
514.38	9001.70
514.72	7606.74
515.07	5870.06
515.41	5996.45
515.76	5973.05
516.10	7246.30
516.44	9114.05
516.79	6382.64
517.13	5500.26
517.47	9533.00
517.82	7449.93
518.16	6946.71
518.50	7489.71
518.85	7723.77
519.19	10459.85
519.53	14043.21
519.88	9097.66
520.22	6551.16
520.56	7225.23
520.91	5427.70
521.25	5610.26
521.59	7068.42
521.93	8163.79
522.28	6750.10
522.62	7775.26
522.96	9345.76
523.31	6626.06
523.65	8259.75
523.99	8887.01
524.33	11838.43
524.68	8208.26
525.02	5565.79
525.36	8091.23
525.70	5315.36
526.05	6291.36
526.39	5715.59
526.73	8585.08
527.07	7492.05
527.41	10939.66
527.76	5961.34
528.10	6651.80
528.44	8175.49
528.78	6953.73
529.12	8879.99
529.47	6820.32
529.81	9511.94
530.15	9481.51
530.49	8491.46
530.83	5032.15
531.18	5612.60
531.52	6761.81
531.86	5420.68
532.20	7290.77
532.54	9891.10
532.88	4919.81
533.22	6668.19
533.57	6410.73
533.91	9816.21
534.25	5547.07
534.59	11234.57
534.93	8877.65
535.27	5977.73
535.61	6736.06
535.95	11351.60
536.30	5572.82
536.64	7070.76
536.98	4704.48
537.32	6661.16
537.66	5111.73
538.00	8245.71
538.34	8479.76
538.68	8528.91
539.02	12123.98
539.36	6317.11
539.70	5467.49
540.04	6848.41
540.39	20453.94
540.73	5783.46
541.07	7227.57
541.41	7782.28
541.75	7999.95
542.09	10284.31
542.43	8028.04
542.77	7173.74
543.11	7786.96
543.45	7176.08
543.79	9713.22
544.13	6576.91
544.47	6761.81
544.81	5884.11
545.15	8388.48
545.49	6787.55
545.83	5748.36
546.17	6490.31
546.51	4882.36
546.85	6134.54
547.19	11293.08
547.53	5399.62
547.87	8802.75
548.21	12334.62
548.54	7290.77
548.88	6111.14
549.22	5804.53
549.56	5371.53
549.90	6267.95
550.24	7101.19
550.58	5898.15
550.92	10038.56
551.26	6473.92
551.60	11253.30
551.94	6417.75
552.28	6696.27
552.61	8564.02
552.95	6665.85
553.29	6148.59
553.63	7368.01
553.97	11625.44
554.31	9530.66
554.65	10675.18
554.99	10785.19
555.32	6396.68
555.66	8299.54
556.00	4945.55
556.34	6700.95
556.68	7627.81
557.02	9635.99
557.36	7517.80
557.69	7103.53
558.03	6239.87
558.37	13130.41
558.71	15178.37
559.05	10806.25
559.38	11810.34
559.72	5940.28
560.06	9029.79
560.40	8564.02
560.74	10099.41
561.07	8215.28
561.41	9198.31
561.75	8102.93
562.09	6291.36
562.42	9273.20
562.76	8425.93
563.10	7410.14
563.44	25530.56
563.77	7730.79
564.11	8463.38
564.45	9963.66
564.79	8355.71
565.12	7332.90
565.46	7831.43
565.80	7992.93
566.14	7861.86
566.47	9731.95
566.81	5909.85
567.15	7578.65
567.48	8074.85
567.82	8547.64
568.16	7901.65
568.49	6003.47
568.83	5458.13
569.17	7255.66
569.50	7815.05
569.84	11133.93
570.18	8142.72
570.51	11793.96
570.85	7028.63
571.19	6642.44
571.52	6008.16
571.86	7695.68
572.20	6487.96
572.53	11412.45
572.87	6230.51
573.21	5860.70
573.54	5605.58
573.88	7847.82
574.21	7421.84
574.55	7133.95
574.89	6396.68
575.22	9100.00
575.56	6232.85
575.89	6267.95
576.23	6874.15
576.57	8128.68
576.90	6167.31
577.24	7480.35
577.57	5687.50
577.91	7847.82
578.24	5493.24
578.58	6993.52
578.91	8540.61
579.25	6015.18
579.59	7440.56
579.92	6970.12
580.26	5586.86
580.59	8212.94
580.93	7793.98
581.26	6567.54
581.60	8177.83
581.93	8739.56
582.27	11639.48
582.60	5781.12
582.94	7662.91
583.27	5659.42
583.61	6796.92
583.94	7581.00
584.28	5364.51
584.61	6684.57
584.94	8421.25
585.28	8423.59
585.61	9067.24
585.95	8713.81
586.28	11854.81
586.62	13762.35
586.95	7157.36
587.29	12568.68
587.62	16056.08
587.95	5671.12
588.29	7791.64
588.62	8538.27
588.96	9554.07
589.29	6658.82
589.62	6511.37
589.96	6846.07
590.29	6387.32
590.63	5387.91
590.96	8985.32
591.29	9296.61
591.63	9874.72
591.96	5600.90
592.29	6703.29
592.63	6370.94
592.96	7927.39
593.30	12077.16
593.63	8002.29
593.96	5774.10
594.30	6534.78
594.63	7981.23
594.96	12173.13
595.30	7321.20
595.63	6548.82
595.96	6228.17
596.29	8088.89
596.63	6518.39
596.96	9032.13
597.29	8252.73
597.63	5282.59
597.96	10431.77
598.29	9977.70
598.63	9764.72
598.96	5870.06
599.29	6345.19
599.62	6190.72
599.96	6207.10
600.29	6944.37
600.62	5966.03
600.95	6469.24
601.29	7108.21
601.62	7763.56
601.95	7030.97
602.28	6289.02
602.61	22986.40
602.95	7211.19
603.28	12397.82
603.61	6069.01
603.94	9891.10
604.27	5886.45
604.61	8685.73
604.94	8156.77
605.27	7786.96
605.60	5785.80
605.93	6122.84
606.27	9231.07
606.60	6022.20
606.93	5364.51
607.26	11648.85
607.59	7332.90
607.92	10291.34
608.26	6209.44
608.59	6279.66
608.92	6883.52
609.25	5694.52
609.58	7918.03
609.91	8596.79
610.24	14061.94
610.57	8198.90
610.90	9729.61
611.24	5266.21
611.57	5474.51
611.90	9210.01
612.23	7035.65
612.56	9261.50
612.89	8833.18
613.22	8922.12
613.55	5284.93
613.88	9689.82
614.21	5956.66
614.54	8088.89
614.87	5975.39
615.20	4952.57
615.53	10328.78
615.87	6279.66
616.20	7398.43
616.53	10394.32
616.86	7229.91
617.19	8362.73
617.52	6422.43
617.85	6583.93
618.18	6078.37
618.51	6757.13
618.84	8568.70
619.17	6897.56
619.50	11133.93
619.83	10604.97
620.16	8753.60
620.49	6494.99
620.82	14656.43
621.14	10829.66
621.47	7882.92
621.80	10071.33
622.13	7583.34
622.46	15063.69
622.79	8847.22
623.12	5680.48
623.45	9549.39
623.78	8746.58
624.11	5764.74
624.44	7941.44
624.77	5767.08
625.10	6190.72
625.43	5825.59
625.75	7466.31
626.08	6069.01
626.41	5839.64
626.74	7243.96
627.07	6663.51
627.40	12568.68
627.73	6663.51
628.06	6029.22
628.38	4807.46
628.71	9085.96
629.04	9951.96
629.37	8879.99
629.70	7613.76
630.03	6005.81
630.36	10003.45
630.68	9139.79
631.01	6375.62
631.34	11190.10
631.67	6431.79
632.00	5018.11
632.32	9294.27
632.65	10534.75
632.98	7655.89
633.31	7126.93
633.64	9434.70
633.96	5841.98
634.29	11279.04
634.62	7517.80
634.95	7829.09
635.27	7681.64
635.60	8812.12
635.93	8182.51
636.26	8138.04
636.58	6593.29
636.91	6455.20
637.24	6157.95
637.57	7613.76
637.89	8540.61
638.22	6420.09
638.55	7456.95
638.87	7967.18
639.20	8971.27
639.53	8226.98
639.86	6272.64
640.18	5790.49
640.51	7543.55
640.84	8058.46
641.16	5734.31
641.49	7964.84
641.82	5696.86
642.14	5898.15
642.47	14558.13
642.80	7171.40
643.12	9643.01
643.45	7054.37
643.78	7342.26
644.10	6345.19
644.43	7346.94
644.75	10553.48
645.08	5359.83
645.41	8446.99
645.73	5949.64
646.06	16233.96
646.39	9331.72
646.71	6347.53
647.04	6059.65
647.36	5238.12
647.69	8830.84
648.01	7793.98
648.34	6218.80
648.67	10076.01
648.99	10616.67
649.32	6167.31
649.64	5528.35
649.97	4753.63
650.29	5563.45
650.62	15033.26
650.94	7424.18
651.27	11613.74
651.59	7115.23
651.92	6228.17
652.25	8219.96
652.57	6073.69
652.90	5996.45
653.22	7974.21
653.55	7899.31
653.87	5128.11
654.20	7536.52
654.52	11515.44
654.84	6984.16
655.17	8496.14
655.49	11669.91
655.82	6705.63
656.14	7815.05
656.47	8854.25
656.79	12100.57
657.12	6829.68
657.44	6682.23
657.77	9100.00
658.09	7513.12
658.41	7138.63
658.74	8898.72
659.06	5561.11
659.39	7047.35
659.71	6464.56
660.03	7110.55
660.36	6604.99
660.68	10066.64
661.01	13734.26
661.33	11042.65
661.65	6492.65
661.98	14356.85
662.30	10932.64
662.63	7346.94
662.95	6722.02
663.27	6356.90
663.60	5673.46
663.92	7063.74
664.24	7059.06
664.57	5909.85
664.89	6363.92
665.21	6462.22
665.54	9839.61
665.86	7487.37
666.18	7786.96
666.51	10710.29
666.83	6696.27
667.15	15454.56
667.47	10008.13
667.80	8552.32
668.12	6260.93
668.44	7632.49
668.77	9188.94
669.09	10642.42
669.41	9231.07
669.73	5448.77
670.06	7337.58
670.38	6951.39
670.70	5584.52
671.02	8442.31
671.35	6677.55
671.67	10747.74
671.99	6909.26
672.31	10616.67
672.63	7995.27
672.96	11536.50
673.28	6579.25
673.60	7632.49
673.92	7571.63
674.24	6097.10
674.57	6218.80
674.89	10284.31
675.21	6995.86
675.53	9371.50
675.85	10497.30
676.17	10431.77
676.50	5944.96
676.82	10333.47
677.14	7613.76
677.46	15192.42
677.78	5390.25
678.10	9785.78
678.42	7166.72
678.75	6644.78
679.07	5818.57
679.39	7227.57
679.71	6640.10
680.03	6572.22
680.35	6511.37
680.67	6759.47
680.99	6157.95
681.31	5586.86
681.63	8456.36
681.96	10569.86
682.28	6649.46
682.60	5982.41
682.92	8664.66
683.24	5404.30
683.56	8896.38
683.88	6410.73
684.20	7023.95
684.52	6380.30
684.84	6471.58
685.16	6696.27
685.48	9465.13
685.80	7791.64
686.12	8748.92
686.44	12177.81
686.76	7112.89
687.08	5493.24
687.40	5942.62
687.72	9643.01
688.04	6895.22
688.36	15166.67
688.68	11693.32
689.00	8290.18
689.32	6888.20
689.64	6712.66
689.96	7272.04
690.28	10094.73
690.60	10691.57
690.92	6263.27
691.24	8662.32
691.56	6876.49
691.88	7094.16
692.19	5872.40
692.51	9481.51
692.83	8381.46
693.15	9394.91
693.47	8299.54
693.79	7562.27
694.11	9848.97
694.43	8241.03
694.75	7157.36
695.06	7545.89
695.38	10443.47
695.70	7417.16
696.02	7632.49
696.34	6773.51
696.66	6509.03
696.98	5336.42
697.29	7693.34
697.61	11705.02
697.93	10256.23
698.25	14429.40
698.57	8189.53
698.89	5481.53
699.20	6967.77
699.52	11580.97
699.84	5212.37
700.16	7185.44
700.48	11066.05
700.79	5858.36
701.11	12468.03
701.43	9638.33
701.75	6300.72
702.07	7005.22
702.38	12409.52
702.70	6333.49
703.02	6141.57
703.34	8943.19
703.65	7698.02
703.97	7021.61
704.29	5027.47
704.61	6012.84
704.92	9341.08
705.24	6935.01
705.56	9762.37
705.87	10235.16
706.19	7389.07
706.51	5453.45
706.82	10391.98
707.14	6239.87
707.46	5366.85
707.78	6012.84
708.09	8669.34
708.41	10061.96
708.73	7737.81
709.04	10445.81
709.36	6789.89
709.68	7449.93
709.99	13659.37
710.31	10640.08
710.62	7466.31
710.94	6817.98
711.26	8351.03
711.57	6967.77
711.89	5837.30
712.21	16060.76
712.52	7571.63
712.84	10923.28
713.15	7880.58
713.47	9530.66
713.79	5626.65
714.10	6445.84
714.42	6979.48
714.73	11169.04
715.05	5586.86
715.36	5877.09
715.68	6352.21
715.99	6857.77
716.31	9799.82
716.63	9109.36
716.94	9628.96
717.26	20460.96
717.57	9586.83
717.89	11992.90
718.20	6223.48
718.52	8861.27
718.83	7419.50
719.15	15323.49
719.46	14668.14
719.78	8079.53
720.09	7386.73
720.41	6258.59
720.72	5996.45
721.04	5898.15
721.35	7159.70
721.67	7080.12
721.98	6927.99
722.29	6787.55
722.61	6382.64
722.92	5205.35
723.24	7098.84
723.55	7730.79
723.87	8063.15
724.18	9268.52
724.50	5778.78
724.81	7197.15
725.12	7536.52
725.44	8685.73
725.75	7908.67
726.07	10918.60
726.38	8547.64
726.69	6897.56
727.01	9217.03
727.32	9118.73
727.63	6729.04
727.95	11115.20
728.26	6553.50
728.58	9160.86
728.89	6789.89
729.20	7269.70
729.52	6017.52
729.83	14391.95
730.14	8837.86
730.46	7332.90
730.77	10494.96
731.08	8875.31
731.39	7131.61
731.71	7515.46
732.02	9570.45
732.33	7571.63
732.65	6874.15
732.96	11169.04
733.27	9619.60
733.59	14803.89
733.90	9994.09
734.21	5919.21
734.52	7042.67
734.84	17661.68
735.15	6780.53
735.46	7162.04
735.77	7726.11
736.09	7487.37
736.40	11178.40
736.71	9345.76
737.02	5614.95
737.33	6803.94
737.65	7077.78
737.96	7735.47
738.27	7983.57
738.58	13851.29
738.89	8884.67
739.21	6686.91
739.52	5418.34
739.83	8903.40
740.14	6403.71
740.45	7632.49
740.76	6729.04
741.08	5743.67
741.39	7351.62
741.70	6902.24
742.01	8053.78
742.32	10513.69
742.63	7999.95
742.94	6214.12
743.26	8765.31
743.57	8409.54
743.88	9579.81
744.19	7999.95
744.50	7002.88
744.81	13076.57
745.12	7538.87
745.43	7253.32
745.74	16149.70
746.05	12964.23
746.36	5355.15
746.67	12772.30
746.99	7077.78
747.30	8929.14
747.61	6764.15
747.92	7693.34
748.23	10581.56
748.54	7140.97
748.85	7026.29
749.16	7658.23
749.47	6108.80
749.78	6822.66
750.09	6684.57
750.40	8411.89
750.71	7918.03
751.02	8842.54
751.33	7396.09
751.64	8498.49
751.95	7419.50
752.26	8945.53
752.57	9039.15
752.88	7084.80
753.19	7597.38
753.50	11009.88
753.81	7288.43
754.11	7691.00
754.42	17661.68
754.73	7784.62
755.04	8255.07
755.35	8210.60
755.66	14305.35
755.97	6038.58
756.28	6076.03
756.59	8968.93
756.90	17706.15
757.21	8344.01
757.52	11602.04
757.82	8498.49
758.13	6672.87
758.44	10263.25
758.75	9008.72
759.06	6569.88
759.37	6085.39
759.68	8285.50
759.98	6752.45
760.29	9032.13
760.60	8088.89
760.91	5638.35
761.22	7309.49
761.53	7866.54
761.83	6478.60
762.14	7786.96
762.45	6803.94
762.76	5874.74
763.07	8475.08
763.37	16751.21
763.68	11824.39
763.99	13593.83
764.30	12283.13
764.60	6682.23
764.91	10558.16
765.22	7978.89
765.53	13844.27
765.84	8344.01
766.14	7227.57
766.45	5776.44
766.76	11812.68
767.06	12362.71
767.37	7098.84
767.68	7707.38
767.99	7145.66
768.29	6628.40
768.60	7667.60
768.91	10581.56
769.21	13694.47
769.52	11475.65
769.83	7272.04
770.13	7740.15
770.44	7112.89
770.75	9474.49
771.05	7686.32
771.36	9394.91
771.67	7878.24
771.97	7143.32
772.28	7295.45
772.59	8189.53
772.89	9877.06
773.20	6642.44
773.51	6682.23
773.81	12205.89
774.12	6272.64
774.42	7496.74
774.73	6352.21
775.04	6375.62
775.34	22590.85
775.65	8746.58
775.95	13280.20
776.26	8486.78
776.56	6860.11
776.87	8915.10
777.18	61249.48
777.48	12971.25
777.79	7756.54
778.09	11272.02
778.40	7056.72
778.70	7023.95
779.01	11042.65
779.31	7733.13
779.62	6995.86
779.92	9479.17
780.23	8980.64
780.53	5930.92
780.84	7272.04
781.14	6677.55
781.45	6609.67
781.75	9626.62
782.06	6502.01
782.36	8514.87
782.67	6345.19
782.97	6476.26
783.28	13909.80
783.58	6913.94
783.89	6913.94
784.19	8959.57
784.49	13242.75
784.80	7386.73
785.10	13603.19
785.41	6305.40
785.71	8985.32
786.02	8636.58
786.32	14504.30
786.62	9607.90
786.93	12058.44
787.23	6951.39
787.54	7190.13
787.84	12978.27
788.14	8975.95
788.45	5540.05
788.75	10874.13
789.05	6214.12
789.36	7393.75
789.66	14492.60
789.96	9427.68
790.27	7639.51
790.57	7648.87
790.87	6511.37
791.18	6649.46
791.48	6298.38
791.78	8606.15
792.09	9074.26
792.39	6707.98
792.69	9987.07
793.00	8664.66
793.30	9247.46
793.60	5980.07
793.90	5706.23
794.21	8772.33
794.51	17731.90
794.81	11262.66
795.11	7840.79
795.42	6923.30
795.72	11845.45
796.02	9720.24
796.32	8741.90
796.63	8964.25
796.93	10583.90
797.23	9495.55
797.53	8217.62
797.84	10775.83
798.14	6670.53
798.44	8599.13
798.74	8849.57
799.04	8538.27
799.34	6092.41
799.65	16613.12
799.95	8173.15
800.25	7201.83
800.55	7070.76
800.85	8355.71
801.15	6539.46
801.46	7459.29
801.76	18618.96
802.06	6841.39
802.36	9699.18
802.66	6979.48
802.96	9699.18
803.26	11304.79
803.56	13692.13
803.87	17046.12
804.17	7499.08
804.47	10136.86
804.77	11108.18
805.07	10991.16
805.37	10008.13
805.67	9359.80
805.97	7246.30
806.27	7569.29
806.57	7145.66
806.87	12430.59
807.17	8280.82
807.47	11962.48
807.77	11529.48
808.07	7056.72
808.37	11899.28
808.67	8116.98
808.98	15873.51
809.28	7255.66
809.58	16575.67
809.88	10960.73
810.18	15449.88
810.47	7344.60
810.77	7543.55
811.07	9624.28
811.37	8585.08
811.67	6218.80
811.97	5509.62
812.27	6487.96
812.57	5628.99
812.87	6794.58
813.17	6494.99
813.47	6370.94
813.77	7052.03
814.07	6850.75
814.37	10391.98
814.67	6553.50
814.97	7559.93
815.27	6335.83
815.56	8959.57
815.86	11630.12
816.16	8236.35
816.46	6132.20
816.76	6441.15
817.06	10806.25
817.36	12716.13
817.66	7826.75
817.95	6326.47
818.25	8629.56
818.55	10427.09
818.85	9720.24
819.15	6864.79
819.45	13715.54
819.75	7606.74
820.04	7653.55
820.34	16643.55
820.64	10132.18
820.94	12982.95
821.24	7414.82
821.53	7246.30
821.83	6801.60
822.13	6125.18
822.43	7344.60
822.72	5750.70
823.02	6715.00
823.32	6300.72
823.62	8226.98
823.91	15316.47
824.21	6069.01
824.51	8629.56
824.81	7159.70
825.10	5921.56
825.40	9509.60
825.70	7918.03
826.00	12980.61
826.29	7063.74
826.59	8365.07
826.89	7288.43
827.18	6473.92
827.48	6778.19
827.78	6155.61
828.07	7948.46
828.37	9708.54
828.67	8472.74
828.96	7702.70
829.26	6679.89
829.56	11105.84
829.85	6869.47
830.15	8564.02
830.45	5767.08
830.74	12676.34
831.04	9664.07
831.34	10602.63
831.63	14038.53
831.93	10281.97
832.22	9635.99
832.52	7698.02
832.82	6179.01
833.11	6291.36
833.41	6303.06
833.70	6920.96
834.00	10567.52
834.29	8016.33
834.59	5811.55
834.89	8774.67
835.18	7122.25
835.48	13523.62
835.77	9406.61
836.07	9287.25
836.36	9317.67
836.66	10644.76
836.95	7583.34
837.25	6595.63
837.54	7440.56
837.84	6747.76
838.13	8198.90
838.43	6537.12
838.72	14113.43
839.02	10883.49
839.31	6356.90
839.61	10794.55
839.90	5788.14
840.20	8013.99
840.49	6099.44
840.78	8372.10
841.08	9359.80
841.37	6897.56
841.67	5980.07
841.96	9231.07
842.26	8339.33
842.55	5874.74
842.84	6296.04
843.14	10303.04
843.43	5994.11
843.73	7728.45
844.02	5827.93
844.31	7382.05
844.61	6834.36
844.90	8517.21
845.20	7929.74
845.49	5392.59
845.78	7105.87
846.08	6111.14
846.37	5060.24
846.66	8858.93
846.96	9247.46
847.25	8737.22
847.54	5902.83
847.84	9193.62
848.13	7346.94
848.42	10059.62
848.72	6509.03
849.01	9081.28
849.30	6729.04
849.59	6394.34
849.89	6576.91
850.18	12968.91
850.47	6256.25
850.76	16631.85
851.06	14958.36
851.35	8828.50
851.64	9921.53
851.93	7922.71
852.23	10939.66
852.52	7148.00
852.81	6803.94
853.10	6525.41
853.40	5610.26
853.69	5575.16
853.98	7475.67
854.27	10246.87
854.56	6869.47
854.86	9046.17
855.15	8060.80
855.44	8486.78
855.73	5636.01
856.02	6665.85
856.31	9996.43
856.61	8526.57
856.90	6899.90
857.19	5994.11
857.48	5755.38
857.77	6038.58
858.06	5242.80
858.35	5708.57
858.65	11831.41
858.94	9511.94
859.23	7262.68
859.52	9556.41
859.81	12334.62
860.10	6750.10
860.39	9518.96
860.68	7803.35
860.97	6179.01
861.26	6389.66
861.55	12505.48
861.85	7808.03
862.14	9530.66
862.43	9823.23
862.72	7901.65
863.01	5771.76
863.30	6827.34
863.59	7449.93
863.88	7332.90
864.17	7370.35
864.46	6319.45
864.75	15000.49
865.04	7831.43
865.33	5984.75
865.62	11227.55
865.91	6771.17
866.20	9032.13
866.49	6885.86
866.78	7379.71
867.07	6902.24
867.36	10450.49
867.65	10157.92
867.93	9259.16
868.22	7885.26
868.51	7103.53
868.80	7749.51
869.09	7229.91
869.38	6298.38
869.67	12800.39
869.96	12800.39
870.25	12800.39
