178.76	1722.63
179.14	1722.63
179.52	1722.63
179.90	1598.59
180.28	11110.52
180.66	6317.11
181.04	8622.53
181.42	7417.16
181.80	6384.98
182.18	11304.79
182.55	5916.87
182.93	7515.46
183.31	7239.28
183.69	7978.89
184.07	8416.57
184.45	6963.09
184.83	7475.67
185.21	6888.20
185.59	6874.15
185.97	17111.66
186.35	12222.28
186.72	7222.89
187.10	7400.77
187.48	12028.01
187.86	9268.52
188.24	6839.05
188.62	6375.62
189.00	11304.79
189.38	8224.64
189.75	7524.82
190.13	8271.45
190.51	6326.47
190.89	15737.76
191.27	21453.35
191.65	7007.56
192.03	8145.06
192.40	10546.45
192.78	7815.05
193.16	9001.70
193.54	12559.31
193.92	11110.52
194.30	6956.07
194.67	9839.61
195.05	8449.33
195.43	7499.08
195.81	7096.50
196.19	11073.07
196.56	7875.90
196.94	7475.67
197.32	12102.91
197.70	6668.19
198.08	8777.01
198.45	6902.24
198.83	7770.58
199.21	6932.67
199.59	12650.60
199.97	8313.58
200.34	6059.65
200.72	6752.45
201.10	14558.13
201.48	10530.07
201.85	6518.39
202.23	7023.95
202.61	6663.51
202.99	16896.33
203.36	6703.29
203.74	9233.41
204.12	7173.74
204.49	6684.57
204.87	9015.74
205.25	7384.39
205.63	5891.13
206.00	6621.38
206.38	8119.32
206.76	9856.00
207.14	6628.40
207.51	6012.84
207.89	11162.01
208.27	6443.49
208.64	5434.72
209.02	6836.70
209.40	7117.57
209.77	5614.95
210.15	16816.75
210.53	5860.70
210.90	11611.40
211.28	6326.47
211.66	12601.44
212.03	6747.76
212.41	5933.26
212.79	7342.26
213.16	6094.76
213.54	7805.69
213.92	8042.08
214.29	5776.44
214.67	6757.13
215.05	7075.44
215.42	9521.30
215.80	6892.88
216.17	6897.56
216.55	7920.37
216.93	5996.45
217.30	9345.76
217.68	6452.86
218.05	6946.71
218.43	6630.74
218.81	6825.00
219.18	11503.73
219.56	6935.01
219.93	6743.08
220.31	6485.62
220.69	6031.56
221.06	6291.36
221.44	7691.00
221.81	6256.25
222.19	5729.63
222.56	6162.63
222.94	7061.40
223.32	8028.04
223.69	6293.70
224.07	9060.21
224.44	12894.01
224.82	7950.80
225.19	8748.92
225.57	7871.22
225.94	6703.29
226.32	7506.10
226.69	12332.28
227.07	8837.86
227.44	6820.32
227.82	8058.46
228.19	7059.06
228.57	8849.57
228.94	12074.82
229.32	9811.53
229.69	9146.81
230.07	6949.05
230.44	6209.44
230.82	11145.63
231.19	9430.02
231.57	5652.39
231.94	5994.11
232.32	9312.99
232.69	6951.39
233.07	7772.92
233.44	8444.65
233.82	7066.08
234.19	7676.96
234.57	10335.81
234.94	6663.51
235.31	6789.89
235.69	7339.92
236.06	7590.36
236.44	8868.29
236.81	6061.99
237.19	8138.04
237.56	11798.64
237.93	6478.60
238.31	7992.93
238.68	7133.95
239.06	7749.51
239.43	8990.00
239.81	8329.97
240.18	6024.54
240.55	6448.18
240.93	13378.50
241.30	7950.80
241.67	7194.81
242.05	8762.97
242.42	9774.08
242.80	5975.39
243.17	8016.33
243.54	7836.11
243.92	9561.09
244.29	7183.10
244.66	7782.28
245.04	10380.28
245.41	16783.98
245.78	6003.47
246.16	6888.20
246.53	9125.75
246.90	7265.02
247.28	13298.92
247.65	7131.61
248.02	7288.43
248.40	10101.75
248.77	7777.60
249.14	8561.68
249.52	7101.19
249.89	8753.60
250.26	6321.79
250.64	7789.30
251.01	15676.91
251.38	5963.68
251.75	7529.50
252.13	6939.69
252.50	9392.57
252.87	13940.23
253.25	6101.78
253.62	8124.00
253.99	5984.75
254.36	9579.81
254.74	6780.53
255.11	6216.46
255.48	5692.18
255.85	14728.99
256.23	5867.72
256.60	5530.69
256.97	6995.86
257.34	8306.56
257.71	7843.14
258.09	6670.53
258.46	7868.88
258.83	11447.56
259.20	10090.05
259.58	7162.04
259.95	7339.92
260.32	9535.34
260.69	6094.76
261.06	11234.57
261.44	6251.57
261.81	13628.94
262.18	7985.91
262.55	6616.69
262.92	7393.75
263.29	6750.10
263.67	5776.44
264.04	6808.62
264.41	7045.01
264.78	6642.44
265.15	10628.37
265.52	12711.45
265.90	7641.85
266.27	6642.44
266.64	5799.85
267.01	5657.07
267.38	8313.58
267.75	6129.86
268.12	5406.64
268.50	7218.21
268.87	6406.05
269.24	6415.41
269.61	7817.39
269.98	7541.21
270.35	8175.49
270.72	6265.61
271.09	7033.31
271.46	6827.34
271.83	8196.56
272.21	9406.61
272.58	6242.21
272.95	6476.26
273.32	7548.23
273.69	7536.52
274.06	5687.50
274.43	6464.56
274.80	7368.01
275.17	8100.59
275.54	12720.81
275.91	7452.27
276.28	7485.03
276.65	7688.66
277.02	11709.70
277.39	6399.02
277.76	6331.15
278.13	8739.56
278.50	9092.98
278.87	10654.12
279.24	9582.15
279.61	8709.13
279.98	9928.55
280.35	6513.71
280.72	7730.79
281.09	7283.75
281.46	7674.62
281.83	6408.39
282.20	8145.06
282.57	6717.34
282.94	8390.82
283.31	6754.79
283.68	8135.70
284.05	6003.47
284.42	5650.05
284.79	7861.86
285.16	8945.53
285.53	7548.23
285.90	7604.40
286.27	15129.22
286.64	5706.23
287.01	6384.98
287.38	8877.65
287.75	59414.50
288.12	8751.26
288.49	17104.64
288.86	6157.95
289.23	6335.83
289.59	6349.87
289.96	6132.20
290.33	6630.74
290.70	6946.71
291.07	8514.87
291.44	8226.98
291.81	6129.86
292.18	7604.40
292.55	7014.59
292.91	13111.68
293.28	8496.14
293.65	11248.61
294.02	8058.46
294.39	5849.00
294.76	7307.15
295.13	7658.23
295.50	7265.02
295.86	7391.41
296.23	6679.89
296.60	6122.84
296.97	6607.33
297.34	7323.54
297.71	9390.23
298.07	7503.76
298.44	5577.50
298.81	8201.24
299.18	7758.88
299.55	10829.66
299.91	7353.96
300.28	7541.21
300.65	5671.12
301.02	7845.48
301.39	8355.71
301.75	13860.65
302.12	8388.48
302.49	7246.30
302.86	10890.51
303.23	7541.21
303.59	6136.88
303.96	17696.79
304.33	9940.26
304.70	15374.98
305.06	6834.36
305.43	10649.44
305.80	8746.58
306.17	9240.44
306.53	6691.59
306.90	9832.59
307.27	7573.97
307.64	11021.58
308.00	6775.85
308.37	6712.66
308.74	12341.64
309.11	9191.28
309.47	6518.39
309.84	5898.15
310.21	7370.35
310.57	7702.70
310.94	6904.58
311.31	7543.55
311.67	8067.83
312.04	5638.35
312.41	10045.58
312.77	8496.14
313.14	6534.78
313.51	7190.13
313.87	6686.91
314.24	6705.63
314.61	6562.86
314.97	6836.70
315.34	7595.04
315.71	5755.38
316.07	9341.08
316.44	6022.20
316.81	9074.26
317.17	6387.32
317.54	15934.37
317.91	6684.57
318.27	5652.39
318.64	7075.44
319.00	9050.85
319.37	5568.13
319.74	9495.55
320.10	9853.66
320.47	6923.30
320.83	11356.28
321.20	7199.49
321.57	6237.53
321.93	6726.70
322.30	7695.68
322.66	6546.48
323.03	9130.43
323.40	8269.11
323.76	6492.65
324.13	6438.81
324.49	5703.89
324.86	19096.43
325.22	7721.43
325.59	7152.68
325.95	8219.96
326.32	9837.27
326.68	9366.82
327.05	7148.00
327.42	6265.61
327.78	6541.80
328.15	9774.08
328.51	6553.50
328.88	8603.81
329.24	11634.80
329.61	7531.84
329.97	8966.59
330.34	6668.19
330.70	7398.43
331.07	11239.25
331.43	8968.93
331.80	13635.96
332.16	10586.24
332.52	6171.99
332.89	8435.29
333.25	5750.70
333.62	12929.12
333.98	6867.13
334.35	7155.02
334.71	7674.62
335.08	5970.71
335.44	12262.07
335.81	12226.96
336.17	10296.02
336.53	7349.28
336.90	6118.16
337.26	8655.30
337.63	9556.41
337.99	7784.62
338.36	5989.43
338.72	9273.20
339.08	7667.60
339.45	5973.05
339.81	9872.38
340.18	6843.73
340.54	10635.39
340.90	6551.16
341.27	7112.89
341.63	8659.98
341.99	5455.79
342.36	10544.11
342.72	6015.18
343.09	10691.57
343.45	6541.80
343.81	11023.92
344.18	5834.96
344.54	7082.46
344.90	7918.03
345.27	7405.46
345.63	7185.44
345.99	8952.55
346.36	7499.08
346.72	6085.39
347.08	6157.95
347.45	5556.43
347.81	10291.34
348.17	7754.19
348.54	5853.68
348.90	9296.61
349.26	9900.47
349.62	10927.96
349.99	5432.38
350.35	5390.25
350.71	8021.02
351.08	7213.53
351.44	5315.36
351.80	13792.78
352.16	12095.89
352.53	6272.64
352.89	8650.62
353.25	11515.44
353.61	6789.89
353.98	8835.52
354.34	10356.87
354.70	6569.88
355.06	5287.27
355.43	7290.77
355.79	7030.97
356.15	6719.68
356.51	6099.44
356.88	6188.38
357.24	6951.39
357.60	5694.52
357.96	5345.78
358.32	15756.49
358.69	5605.58
359.05	8093.57
359.41	7660.57
359.77	5951.98
360.13	6392.00
360.49	6164.97
360.86	9081.28
361.22	11630.12
361.58	7939.10
361.94	11332.87
362.30	5991.77
362.66	8564.02
363.03	5432.38
363.39	5399.62
363.75	6258.59
364.11	10431.77
364.47	6384.98
364.83	10834.34
365.19	7845.48
365.56	9076.60
365.92	5357.49
366.28	8826.16
366.64	10024.51
367.00	5549.41
367.36	5579.84
367.72	10319.42
368.08	9596.20
368.44	6782.87
368.80	8168.47
369.17	6672.87
369.53	7019.27
369.89	6176.67
370.25	6076.03
370.61	6436.47
370.97	10892.85
371.33	6530.09
371.69	13200.62
372.05	8418.91
372.41	5930.92
372.77	6661.16
373.13	7602.06
373.49	5165.56
373.85	8194.22
374.21	7597.38
374.57	5926.24
374.93	8788.71
375.29	9329.38
375.65	7618.44
376.01	7400.77
376.37	10520.71
376.73	8936.17
377.09	5827.93
377.45	10335.81
377.81	7040.33
378.17	6099.44
378.53	5308.34
378.89	8500.83
379.25	11232.23
379.61	14508.98
379.97	9329.38
380.33	6733.72
380.69	6326.47
381.05	5888.79
381.41	9324.69
381.77	7410.14
382.13	8751.26
382.49	15442.85
382.85	7637.17
383.21	9195.96
383.57	5406.64
383.93	10729.02
384.28	5224.08
384.64	6684.57
385.00	7754.19
385.36	7475.67
385.72	9266.18
386.08	6162.63
386.44	9111.71
386.80	9214.69
387.16	11009.88
387.52	9863.02
387.87	13891.08
388.23	8105.28
388.59	6209.44
388.95	5643.03
389.31	6834.36
389.67	6796.92
390.03	6427.11
390.38	6672.87
390.74	5149.18
391.10	9706.20
391.46	7763.56
391.82	6174.33
392.18	8313.58
392.54	5062.58
392.89	5813.89
393.25	8573.38
393.61	5884.11
393.97	5638.35
394.33	8196.56
394.68	6944.37
395.04	5551.75
395.40	7588.02
395.76	9397.25
396.12	7681.64
396.47	6005.81
396.83	7080.12
397.19	5715.59
397.55	6029.22
397.90	7396.09
398.26	7513.12
398.62	5760.06
398.98	5018.11
399.33	6897.56
399.69	25453.33
400.05	8449.33
400.41	5802.19
400.76	8891.70
401.12	10181.33
401.48	7957.82
401.84	6225.82
402.19	6459.88
402.55	7985.91
402.91	7274.38
403.26	5310.68
403.62	8624.87
403.98	7225.23
404.34	4917.47
404.69	7197.15
405.05	9195.96
405.41	14677.50
405.76	6001.13
406.12	6106.46
406.48	6956.07
406.83	6387.32
407.19	8472.74
407.55	8124.00
407.90	14611.96
408.26	8578.06
408.62	9364.48
408.97	7126.93
409.33	5547.07
409.68	5930.92
410.04	7843.14
410.40	6181.35
410.75	8231.66
411.11	5785.80
411.47	7695.68
411.82	6726.70
412.18	7510.78
412.53	6775.85
412.89	6373.28
413.25	6860.11
413.60	7250.98
413.96	5320.04
414.31	6567.54
414.67	7751.85
415.03	5476.85
415.38	5865.38
415.74	6588.61
416.09	6731.38
416.45	8601.47
416.80	6054.97
417.16	8571.04
417.51	7035.65
417.87	6569.88
418.23	7915.69
418.58	8327.63
418.94	5116.41
419.29	6207.10
419.65	7784.62
420.00	9015.74
420.36	8533.59
420.71	8444.65
421.07	5699.20
421.42	7274.38
421.78	9415.98
422.13	6759.47
422.49	5502.60
422.84	7499.08
423.20	5198.33
423.55	5593.88
423.91	5554.09
424.26	14286.63
424.61	8437.63
424.97	11513.10
425.32	5973.05
425.68	6949.05
426.03	7829.09
426.39	10431.77
426.74	10073.67
427.10	9537.68
427.45	6153.27
427.80	7880.58
428.16	6944.37
428.51	6935.01
428.87	7887.61
429.22	9612.58
429.58	10368.57
429.93	10424.75
430.28	6202.42
430.64	6389.66
430.99	5345.78
431.35	7686.32
431.70	6619.04
432.05	6693.93
432.41	8308.90
432.76	7880.58
433.11	8184.85
433.47	7894.63
433.82	11297.77
434.17	8210.60
434.53	8163.79
434.88	14602.60
435.24	7997.61
435.59	7494.40
435.94	5703.89
436.30	8470.40
436.65	6516.05
437.00	9664.07
437.35	16730.15
437.71	6668.19
438.06	6375.62
438.41	6406.05
438.77	8049.10
439.12	5380.89
439.47	4856.61
439.83	7688.66
440.18	5334.08
440.53	6614.35
440.88	12489.10
441.24	8730.20
441.59	5891.13
441.94	6656.48
442.30	8435.29
442.65	12762.94
443.00	7349.28
443.35	10867.11
443.71	6691.59
444.06	9678.12
444.41	8226.98
444.76	11639.48
445.11	7138.63
445.47	10391.98
445.82	9343.42
446.17	5898.15
446.52	10539.43
446.88	7297.79
447.23	5343.44
447.58	8049.10
447.93	6022.20
448.28	30267.81
448.63	11234.57
448.99	7171.40
449.34	8683.39
449.69	9130.43
450.04	6335.83
450.39	6209.44
450.74	7183.10
451.10	7119.91
451.45	7272.04
451.80	7943.78
452.15	10403.68
452.50	8329.97
452.85	10204.74
453.21	9310.65
453.56	8098.25
453.91	6822.66
454.26	7559.93
454.61	5914.53
454.96	8505.51
455.31	6846.07
455.66	6417.75
456.01	8177.83
456.36	6427.11
456.72	6104.12
457.07	7955.48
457.42	10607.31
457.77	9366.82
458.12	6015.18
458.47	7426.52
458.82	9783.44
459.17	7075.44
459.52	7410.14
459.87	12100.57
460.22	5788.14
460.57	7365.67
460.92	6221.14
461.27	8346.35
461.62	6885.86
461.97	5966.03
462.32	12531.23
462.67	11037.97
463.02	13907.46
463.38	14015.13
463.73	9158.52
464.08	12746.56
464.43	7833.77
464.78	5729.63
465.12	8339.33
465.47	8994.68
465.82	30052.48
466.17	6581.59
466.52	8872.97
466.87	6469.24
467.22	6099.44
467.57	5334.08
467.92	8011.65
468.27	11300.11
468.62	15384.34
468.97	7016.93
469.32	5046.20
469.67	16266.72
470.02	14579.20
470.37	6232.85
470.72	7634.83
471.07	5483.88
471.42	6787.55
471.76	6995.86
472.11	6745.42
472.46	8781.69
472.81	15382.00
473.16	6181.35
473.51	5928.58
473.86	5397.28
474.21	6855.43
474.56	6565.20
474.90	6438.81
475.25	10038.56
475.60	9104.68
475.95	6157.95
476.30	11466.28
476.65	10569.86
477.00	15431.15
477.34	11585.65
477.69	5668.78
478.04	9572.79
478.39	7510.78
478.74	5951.98
479.09	5210.03
479.43	7316.51
479.78	5111.73
480.13	12753.58
480.48	10420.06
480.83	7428.86
481.17	5523.66
481.52	7262.68
481.87	6724.36
482.22	12238.66
482.57	6675.21
482.91	9682.80
483.26	8102.93
483.61	6630.74
483.96	7702.70
484.30	65535.00
484.65	6260.93
485.00	5823.25
485.35	6897.56
485.69	5977.73
486.04	6717.34
486.39	7995.27
486.74	7829.09
487.08	5453.45
487.43	8215.28
487.78	5088.32
488.12	8498.49
488.47	6289.02
488.82	10775.83
489.17	6015.18
489.51	5313.02
489.86	8191.88
490.21	5303.65
490.55	7838.45
490.90	5509.62
491.25	6647.12
491.59	5746.02
491.94	13041.46
492.29	6588.61
492.63	7335.24
492.98	4823.84
493.33	7489.71
493.67	6401.37
494.02	5762.40
494.37	5696.86
494.71	8484.44
495.06	6317.11
495.40	10855.40
495.75	6188.38
496.10	10569.86
496.44	7009.90
496.79	8407.20
497.13	6010.50
497.48	14916.23
497.83	10413.04
498.17	8336.99
498.52	6279.66
498.86	9078.94
499.21	6850.75
499.56	6036.24
499.90	6717.34
500.25	5486.22
500.59	7236.94
500.94	7793.98
501.28	8884.67
501.63	9975.36
501.97	6785.21
502.32	5867.72
502.67	8079.53
503.01	5441.75
503.36	6525.41
503.70	6436.47
504.05	8407.20
504.39	9345.76
504.74	6892.88
505.08	11101.16
505.43	4887.04
505.77	5783.46
506.12	7655.89
506.46	6747.76
506.81	5963.68
507.15	5872.40
507.49	6516.05
507.84	5912.19
508.18	7784.62
508.53	7482.69
508.87	7248.64
509.22	6560.52
509.56	65535.00
509.91	19599.65
510.25	7178.42
510.60	5100.03
510.94	9198.31
511.28	4903.42
511.63	9886.42
511.97	8032.72
512.32	9160.86
512.66	6024.54
513.00	7321.20
513.35	9696.84
513.69	5928.58
514.04	8580.40
514.38	8926.80
514.72	7871.22
515.07	5930.92
515.41	5989.43
515.76	5940.28
516.10	7452.27
516.44	9095.32
516.79	6338.17
517.13	5448.77
517.47	9460.45
517.82	7744.83
518.16	6885.86
518.50	7445.24
518.85	7585.68
519.19	10630.71
519.53	13909.80
519.88	9025.11
520.22	6551.16
520.56	7155.02
520.91	5439.40
521.25	5724.95
521.59	6925.65
521.93	8013.99
522.28	6691.59
522.62	7810.37
522.96	9455.76
523.31	6759.47
523.65	8170.81
523.99	8828.50
524.33	11616.08
524.68	8465.72
525.02	5526.00
525.36	7948.46
525.70	5446.43
526.05	6211.78
526.39	5713.25
526.73	8559.34
527.07	7515.46
527.41	10850.72
527.76	6029.22
528.10	6672.87
528.44	8184.85
528.78	7133.95
529.12	8798.07
529.47	6677.55
529.81	9521.30
530.15	9603.22
530.49	8418.91
530.83	5041.51
531.18	5689.84
531.52	6724.36
531.86	5547.07
532.20	7346.94
532.54	10054.94
532.88	5060.24
533.22	6832.02
533.57	6183.70
533.91	9792.80
534.25	5568.13
534.59	11431.18
534.93	8800.41
535.27	5916.87
535.61	6686.91
535.95	11318.83
536.30	5385.57
536.64	7089.48
536.98	4711.50
537.32	6630.74
537.66	5179.61
538.00	8484.44
538.34	8535.93
538.68	8372.10
539.02	12126.32
539.36	6340.51
539.70	5460.47
540.04	6965.43
540.39	20580.33
540.73	5928.58
541.07	7140.97
541.41	7843.14
541.75	7941.44
542.09	10445.81
542.43	8025.70
542.77	7297.79
543.11	7648.87
543.45	7267.36
543.79	9689.82
544.13	6761.81
544.47	6768.83
544.81	5891.13
545.15	8503.17
545.49	7005.22
545.83	5820.91
546.17	6527.75
546.51	4926.83
546.85	6223.48
547.19	11414.79
547.53	5439.40
547.87	8887.01
548.21	12566.34
548.54	7400.77
548.88	6157.95
549.22	6022.20
549.56	5413.66
549.90	6260.93
550.24	7148.00
550.58	5987.09
550.92	9982.38
551.26	6513.71
551.60	11187.76
551.94	6637.76
552.28	6450.52
552.61	8634.24
552.95	6572.22
553.29	6157.95
553.63	7407.80
553.97	11573.95
554.31	9579.81
554.65	10768.80
554.99	10700.93
555.32	6513.71
555.66	8400.18
556.00	4865.97
556.34	6766.49
556.68	7548.23
557.02	9516.62
557.36	7651.21
557.69	7082.46
558.03	6230.51
558.37	13151.47
558.71	15185.40
559.05	10717.31
559.38	11824.39
559.72	5949.64
560.06	9062.55
560.40	8718.50
560.74	10097.07
561.07	8138.04
561.41	9427.68
561.75	8133.36
562.09	6349.87
562.42	9343.42
562.76	8582.74
563.10	7454.61
563.44	25048.41
563.77	7894.63
564.11	8362.73
564.45	10120.48
564.79	8358.05
565.12	7353.96
565.46	7913.35
565.80	8077.19
566.14	7758.88
566.47	9586.83
566.81	5902.83
567.15	7683.98
567.48	8037.40
567.82	8678.71
568.16	7857.18
568.49	5944.96
568.83	5495.58
569.17	7255.66
569.50	7969.52
569.84	11162.01
570.18	7913.35
570.51	11733.11
570.85	7131.61
571.19	6654.14
571.52	6106.46
571.86	7618.44
572.20	6607.33
572.53	11136.27
572.87	6160.29
573.21	5750.70
573.54	5551.75
573.88	7751.85
574.21	7555.25
574.55	7023.95
574.89	6382.64
575.22	9228.73
575.56	6354.55
575.89	6214.12
576.23	6658.82
576.57	8163.79
576.90	6207.10
577.24	7602.06
577.57	5785.80
577.91	7941.44
578.24	5493.24
578.58	6953.73
578.91	8428.27
579.25	6012.84
579.59	7286.09
579.92	6932.67
580.26	5537.71
580.59	8021.02
580.93	7843.14
581.26	6612.01
581.60	8276.13
581.93	8669.34
582.27	11482.67
582.60	5753.04
582.94	7786.96
583.27	5872.40
583.61	6925.65
583.94	7662.91
584.28	5238.12
584.61	6712.66
584.94	8521.89
585.28	8219.96
585.61	9085.96
585.95	8636.58
586.28	12163.76
586.62	13591.49
586.95	7215.87
587.29	12428.24
587.62	15873.51
587.95	5886.45
588.29	7789.30
588.62	8477.42
588.96	9554.07
589.29	6558.18
589.62	6380.30
589.96	6925.65
590.29	6539.46
590.63	5462.81
590.96	8950.21
591.29	9156.18
591.63	9984.73
591.96	5715.59
592.29	6876.49
592.63	6438.81
592.96	7861.86
593.30	12231.64
593.63	7911.01
593.96	5973.05
594.30	6487.96
594.63	7915.69
594.96	12095.89
595.30	7229.91
595.63	6616.69
595.96	6200.08
596.29	8219.96
596.63	6700.95
596.96	9008.72
597.29	8285.50
597.63	5348.12
597.96	10553.48
598.29	10003.45
598.63	9771.74
598.96	6190.72
599.29	6392.00
599.62	6438.81
599.96	6141.57
600.29	6993.52
600.62	5834.96
600.95	6445.84
601.29	6988.84
601.62	8002.29
601.95	7131.61
602.28	6274.98
602.61	21102.27
602.95	7555.25
603.28	12470.37
603.61	6188.38
603.94	9720.24
604.27	6059.65
604.61	8643.60
604.94	8292.52
605.27	7857.18
605.60	5820.91
605.93	6279.66
606.27	9542.36
606.60	5954.32
606.93	5497.92
607.26	11506.07
607.59	7250.98
607.92	10211.76
608.26	6354.55
608.59	6326.47
608.92	6935.01
609.25	5682.82
609.58	7868.88
609.91	8664.66
610.24	13935.55
610.57	8219.96
610.90	9795.14
611.24	5317.70
611.57	5401.96
611.90	9062.55
612.23	6991.18
612.56	9205.33
612.89	8901.06
613.22	8990.00
613.55	5423.02
613.88	9741.31
614.21	5923.90
614.54	8145.06
614.87	6026.88
615.20	4968.96
615.53	10274.95
615.87	6375.62
616.20	7407.80
616.53	10377.94
616.86	7246.30
617.19	8294.86
617.52	6392.00
617.85	6588.61
618.18	6155.61
618.51	6663.51
618.84	8671.68
619.17	7133.95
619.50	11248.61
619.83	10626.03
620.16	8702.11
620.49	6335.83
620.82	14700.90
621.14	11262.66
621.47	7786.96
621.80	10101.75
622.13	7583.34
622.46	15365.62
622.79	9013.40
623.12	5724.95
623.45	9612.58
623.78	9064.89
624.11	5881.77
624.44	7976.55
624.77	5823.25
625.10	6193.06
625.43	5774.10
625.75	7660.57
626.08	6214.12
626.41	5980.07
626.74	7321.20
627.07	6815.64
627.40	12655.28
627.73	6609.67
628.06	6001.13
628.38	4903.42
628.71	9121.07
629.04	10242.18
629.37	8943.19
629.70	7562.27
630.03	6043.26
630.36	10080.69
630.68	9247.46
631.01	6448.18
631.34	11229.89
631.67	6380.30
632.00	5046.20
632.32	9451.08
632.65	10452.83
632.98	7761.22
633.31	7414.82
633.64	9392.57
633.96	5982.41
634.29	11417.13
634.62	7520.14
634.95	7997.61
635.27	7679.30
635.60	8755.94
635.93	8116.98
636.26	8063.15
636.58	6672.87
636.91	6373.28
637.24	6157.95
637.57	7590.36
637.89	8475.08
638.22	6656.48
638.55	7527.16
638.87	7948.46
639.20	8926.80
639.53	8203.58
639.86	6424.77
640.18	5966.03
640.51	7740.15
640.84	8121.66
641.16	5788.14
641.49	7777.60
641.82	5788.14
642.14	5982.41
642.47	14693.88
642.80	7173.74
643.12	9605.56
643.45	6986.50
643.78	7506.10
644.10	6333.49
644.43	7356.30
644.75	10319.42
645.08	5315.36
645.41	8336.99
645.73	5968.37
646.06	15878.19
646.39	9378.53
646.71	6394.34
647.04	6132.20
647.36	5219.39
647.69	8901.06
648.01	7775.26
648.34	6340.51
648.67	10038.56
648.99	10649.44
649.32	6216.46
649.64	5514.30
649.97	4795.76
650.29	5572.82
650.62	14974.75
650.94	7431.20
651.27	11466.28
651.59	7206.51
651.92	5315.36
652.25	8257.41
652.57	6057.31
652.90	6024.54
653.22	7822.07
653.55	7957.82
653.87	5062.58
654.20	7566.95
654.52	11496.71
654.84	7213.53
655.17	8339.33
655.49	11726.08
655.82	6635.42
656.14	7997.61
656.47	8940.85
656.79	12095.89
657.12	6876.49
657.44	6684.57
657.77	9172.56
658.09	7740.15
658.41	7178.42
658.74	8875.31
659.06	5544.73
659.39	7148.00
659.71	6389.66
660.03	7208.85
660.36	6747.76
660.68	10169.63
661.01	13790.44
661.33	10958.39
661.65	6415.41
661.98	14511.32
662.30	10857.75
662.63	7356.30
662.95	7049.69
663.27	6382.64
663.60	5558.77
663.92	7110.55
664.24	6979.48
664.57	6022.20
664.89	6324.13
665.21	6469.24
665.54	9900.47
665.86	7662.91
666.18	7730.79
666.51	10635.39
666.83	6654.14
667.15	15503.71
667.47	10064.30
667.80	8599.13
668.12	6303.06
668.44	7433.54
668.77	8933.82
669.09	10721.99
669.41	9352.78
669.73	5427.70
670.06	7351.62
670.38	6892.88
670.70	5600.90
671.02	8592.11
671.35	6525.41
671.67	10736.04
671.99	6986.50
672.31	10464.54
672.63	8187.19
672.96	11882.90
673.28	6614.35
673.60	7506.10
673.92	7639.51
674.24	6005.81
674.57	6284.34
674.89	10036.22
675.21	6965.43
675.53	9392.57
675.85	10200.05
676.17	10487.94
676.50	5947.30
676.82	10361.55
677.14	7810.37
677.46	15138.58
677.78	5577.50
678.10	9968.34
678.42	7470.99
678.75	6541.80
679.07	5643.03
679.39	7260.34
679.71	6647.12
680.03	6471.58
680.35	6450.52
680.67	6796.92
680.99	6253.91
681.31	5619.63
681.63	8489.12
681.96	10721.99
682.28	6579.25
682.60	6087.73
682.92	9041.49
683.24	5579.84
683.56	8868.29
683.88	6338.17
684.20	7126.93
684.52	6553.50
684.84	6555.84
685.16	6822.66
685.48	9345.76
685.80	7997.61
686.12	8896.38
686.44	12252.70
686.76	7129.27
687.08	5408.98
687.40	5989.43
687.72	9701.52
688.04	6815.64
688.36	15194.76
688.68	11351.60
689.00	8248.05
689.32	7019.27
689.64	6579.25
689.96	7112.89
690.28	10059.62
690.60	10656.46
690.92	6314.77
691.24	8950.21
691.56	6853.09
691.88	7105.87
692.19	5980.07
692.51	9549.39
692.83	8184.85
693.15	9294.27
693.47	8255.07
693.79	7719.09
694.11	9771.74
694.43	8222.30
694.75	7204.17
695.06	7466.31
695.38	10621.35
695.70	7588.02
696.02	7688.66
696.34	6642.44
696.66	6684.57
696.98	5247.48
697.29	7676.96
697.61	11653.53
697.93	10317.08
698.25	14303.01
698.57	8219.96
698.89	5540.05
699.20	7101.19
699.52	11583.31
699.84	5186.63
700.16	7061.40
700.48	11061.37
700.79	6052.63
701.11	12313.56
701.43	9547.05
701.75	6396.68
702.07	7040.33
702.38	12278.45
702.70	6359.24
703.02	6193.06
703.34	9083.62
703.65	7833.77
703.97	7016.93
704.29	5081.30
704.61	5977.73
704.92	9472.15
705.24	6782.87
705.56	9778.76
705.87	10312.40
706.19	7433.54
706.51	5298.97
706.82	10359.21
707.14	6258.59
707.46	5406.64
707.78	5989.43
708.09	8793.39
708.41	9820.89
708.73	7822.07
709.04	10429.43
709.36	6740.74
709.68	7398.43
709.99	13853.63
710.31	10714.97
710.62	7683.98
710.94	6743.08
711.26	8320.60
711.57	6881.18
711.89	5767.08
712.21	15887.56
712.52	7510.78
712.84	11112.86
713.15	7889.95
713.47	9500.23
713.79	5769.42
714.10	6523.07
714.42	7019.27
714.73	11309.47
715.05	5509.62
715.36	5914.53
715.68	6188.38
715.99	6750.10
716.31	9813.87
716.63	8870.63
716.94	10022.17
717.26	20500.75
717.57	9650.03
717.89	12168.45
718.20	6207.10
718.52	8720.84
718.83	7330.56
719.15	15377.32
719.46	14698.56
719.78	8147.40
720.09	7241.62
720.41	6251.57
720.72	5795.17
721.04	6134.54
721.35	7183.10
721.67	7124.59
721.98	6806.28
722.29	6743.08
722.61	6443.49
722.92	5156.20
723.24	7094.16
723.55	7889.95
723.87	8030.38
724.18	9172.56
724.50	5813.89
724.81	7302.47
725.12	7325.88
725.44	8622.53
725.75	7822.07
726.07	11044.99
726.38	8657.64
726.69	6918.62
727.01	9046.17
727.32	9095.32
727.63	6703.29
727.95	11286.06
728.26	6607.33
728.58	9167.88
728.89	6637.76
729.20	7538.87
729.52	6085.39
729.83	14300.67
730.14	8798.07
730.46	7403.11
730.77	10263.25
731.08	8990.00
731.39	7045.01
731.71	7438.22
732.02	9530.66
732.33	7473.33
732.65	6738.40
732.96	11328.19
733.27	9675.77
733.59	15033.26
733.90	10061.96
734.21	6010.50
734.52	7023.95
734.84	17642.96
735.15	6693.93
735.46	7190.13
735.77	7730.79
736.09	7365.67
736.40	11524.80
736.71	9406.61
737.02	5774.10
737.33	6932.67
737.65	6979.48
737.96	7665.25
738.27	7939.10
738.58	13832.57
738.89	8856.59
739.21	6539.46
739.52	5401.96
739.83	8830.84
740.14	6352.21
740.45	7707.38
740.76	6623.72
741.08	5830.27
741.39	7197.15
741.70	6787.55
742.01	8109.96
742.32	10560.50
742.63	8023.36
742.94	6174.33
743.26	8961.91
743.57	8587.43
743.88	9589.17
744.19	8245.71
744.50	7105.87
744.81	13128.06
745.12	7356.30
745.43	7332.90
745.74	16079.48
746.05	12954.87
746.36	5390.25
746.67	12741.88
746.99	7089.48
747.30	8931.48
747.61	6707.98
747.92	8116.98
748.23	10520.71
748.54	7056.72
748.85	7019.27
749.16	7906.33
749.47	6106.46
749.78	6829.68
750.09	6656.48
750.40	8510.19
750.71	7868.88
751.02	8760.63
751.33	7433.54
751.64	8409.54
751.95	7548.23
752.26	8903.40
752.57	9076.60
752.88	6995.86
753.19	7581.00
753.50	10829.66
753.81	7234.60
754.11	7653.55
754.42	17692.11
754.73	7845.48
755.04	8159.11
755.35	8182.51
755.66	14403.66
755.97	6010.50
756.28	6129.86
756.59	8987.66
756.90	17832.54
757.21	8360.39
757.52	11611.40
757.82	8589.77
758.13	6799.26
758.44	10312.40
758.75	9078.94
759.06	6658.82
759.37	6080.71
759.68	8278.47
759.98	6670.53
760.29	9118.73
760.60	8189.53
760.91	5617.29
761.22	7295.45
761.53	7915.69
761.83	6471.58
762.14	7878.24
762.45	6785.21
762.76	5923.90
763.07	8617.85
763.37	16662.27
763.68	11988.22
763.99	13832.57
764.30	12198.87
764.60	6628.40
764.91	10597.95
765.22	8093.57
765.53	13987.04
765.84	8194.22
766.14	7220.55
766.45	5643.03
766.76	11557.57
767.06	12421.22
767.37	7000.54
767.68	7674.62
767.99	7162.04
768.29	6834.36
768.60	7499.08
768.91	10499.64
769.21	13734.26
769.52	11428.84
769.83	7370.35
770.13	7576.31
770.44	7152.68
770.75	9317.67
771.05	7634.83
771.36	9116.39
771.67	7936.76
771.97	7150.34
772.28	7379.71
772.59	8154.43
772.89	9900.47
773.20	6698.61
773.51	6792.23
773.81	12290.15
774.12	6134.54
774.42	7573.97
774.73	6305.40
775.04	6436.47
775.34	22417.65
775.65	8592.11
775.95	13090.62
776.26	8383.80
776.56	6848.41
776.87	8809.78
777.18	65535.00
777.48	18548.75
777.79	8131.02
778.09	11473.31
778.40	7187.79
778.70	7133.95
779.01	11279.04
779.31	7737.81
779.62	7124.59
779.92	9366.82
780.23	9172.56
780.53	5973.05
780.84	7475.67
781.14	6832.02
781.45	6815.64
781.75	9872.38
782.06	6588.61
782.36	8435.29
782.67	6146.25
782.97	6490.31
783.28	13837.25
783.58	7030.97
783.89	6761.81
784.19	8982.98
784.49	13263.82
784.80	7398.43
785.10	13441.70
785.41	6260.93
785.71	9109.36
786.02	8641.26
786.32	14747.72
786.62	9530.66
786.93	12339.30
787.23	6977.14
787.54	7258.00
787.84	13090.62
788.14	9074.26
788.45	5526.00
788.75	6658.82
789.05	6078.37
789.36	7398.43
789.66	14368.55
789.96	9383.21
790.27	7758.88
790.57	7651.21
790.87	6401.37
791.18	6633.08
791.48	6424.77
791.78	8641.26
792.09	9036.81
792.39	6665.85
792.69	9966.00
793.00	8685.73
793.30	9289.59
793.60	5937.94
793.90	5394.93
794.21	8978.30
794.51	17628.92
794.81	11283.72
795.11	7857.18
795.42	6761.81
795.72	12088.87
796.02	9738.97
796.32	8863.61
796.63	8961.91
796.93	10520.71
797.23	9650.03
797.53	8311.24
797.84	10785.19
798.14	6537.12
798.44	8383.80
798.74	8879.99
799.04	8472.74
799.34	6186.04
799.65	16727.81
799.95	8060.80
800.25	7269.70
800.55	7047.35
800.85	8257.41
801.15	6572.22
801.46	7492.05
801.76	18274.90
802.06	6918.62
802.36	9551.73
802.66	6939.69
802.96	9650.03
803.26	11077.76
803.56	14022.15
803.87	17200.60
804.17	7524.82
804.47	10190.69
804.77	11026.26
805.07	11131.59
805.37	9977.70
805.67	9399.59
805.97	7143.32
806.27	7555.25
806.57	7136.29
806.87	12095.89
807.17	8287.84
807.47	11751.83
807.77	11447.56
808.07	7000.54
808.37	11957.80
808.67	8100.59
808.98	16058.42
809.28	7105.87
809.58	16697.38
809.88	11021.58
810.18	15314.13
810.47	7403.11
810.77	7609.08
811.07	9708.54
811.37	8732.54
811.67	6464.56
811.97	5542.39
812.27	6370.94
812.57	5535.37
812.87	6792.23
813.17	6478.60
813.47	6537.12
813.77	7021.61
814.07	6780.53
814.37	10237.50
814.67	6579.25
814.97	7520.14
815.27	6429.45
815.56	8919.78
815.86	11655.87
816.16	8252.73
816.46	6012.84
816.76	6679.89
817.06	10906.90
817.36	12758.26
817.66	7934.42
817.95	6209.44
818.25	8725.52
818.55	10450.49
818.85	9568.11
819.15	6942.03
819.45	13713.20
819.75	7646.53
820.04	7716.75
820.34	16287.79
820.64	10129.84
820.94	13102.32
821.24	7297.79
821.53	7445.24
821.83	6656.48
822.13	6087.73
822.43	7349.28
822.72	5944.96
823.02	6691.59
823.32	6195.40
823.62	8273.79
823.91	15566.90
824.21	5891.13
824.51	8650.62
824.81	7344.60
825.10	5940.28
825.40	9371.50
825.70	7871.22
826.00	12795.71
826.29	6782.87
826.59	8580.40
826.89	7332.90
827.18	6548.82
827.48	6595.63
827.78	6169.65
828.07	7939.10
828.37	9668.75
828.67	8411.89
828.96	7826.75
829.26	6602.65
829.56	11119.89
829.85	6745.42
830.15	8674.03
830.45	5928.58
830.74	12608.47
831.04	9881.74
831.34	10429.43
831.63	14188.33
831.93	10076.01
832.22	9624.28
832.52	7658.23
832.82	6232.85
833.11	6160.29
833.41	6466.90
833.70	6808.62
834.00	10572.20
834.29	8013.99
834.59	5811.55
834.89	8781.69
835.18	7328.22
835.48	13268.50
835.77	9238.09
836.07	9558.75
836.36	9181.92
836.66	10583.90
836.95	7459.29
837.25	6619.04
837.54	7576.31
837.84	6778.19
838.13	8042.08
838.43	6530.09
838.72	14064.28
839.02	11007.54
839.31	6429.45
839.61	11002.86
839.90	5818.57
840.20	7871.22
840.49	6066.67
840.78	8655.30
841.08	9359.80
841.37	7068.42
841.67	6071.35
841.96	9172.56
842.26	8299.54
842.55	5912.19
842.84	6223.48
843.14	10242.18
843.43	5818.57
843.73	7475.67
844.02	5902.83
844.31	7353.96
844.61	6892.88
844.90	8449.33
845.20	8042.08
845.49	5462.81
845.78	6974.80
846.08	6181.35
846.37	5093.01
846.66	8624.87
846.96	9231.07
847.25	8662.32
847.54	5713.25
847.84	9195.96
848.13	7389.07
848.42	10010.47
848.72	6560.52
849.01	9280.22
849.30	6799.26
849.59	6326.47
849.89	6565.20
850.18	12985.29
850.47	6214.12
850.76	16704.40
851.06	15087.09
851.35	8793.39
851.64	10043.24
851.93	8018.68
852.23	11176.06
852.52	7143.32
852.81	6794.58
853.10	6628.40
853.40	5551.75
853.69	5626.65
853.98	7613.76
854.27	10026.86
854.56	6780.53
854.86	9092.98
855.15	7899.31
855.44	8428.27
855.73	5675.80
856.02	6677.55
856.31	10150.90
856.61	8566.36
856.90	6977.14
857.19	6003.47
857.48	5849.00
857.77	5886.45
858.06	5184.29
858.35	5834.96
858.65	11616.08
858.94	9628.96
859.23	7358.64
859.52	9404.27
859.81	12351.01
860.10	6567.54
860.39	9315.33
860.68	7838.45
860.97	6122.84
861.26	6415.41
861.55	12521.87
861.85	7857.18
862.14	9401.93
862.43	9921.53
862.72	7932.08
863.01	5701.54
863.30	7061.40
863.59	7548.23
863.88	7269.70
864.17	7618.44
864.46	6223.48
864.75	14967.73
865.04	7922.71
865.33	5898.15
865.62	11234.57
865.91	6740.74
866.20	9076.60
866.49	6841.39
866.78	7225.23
867.07	6780.53
867.36	10333.47
867.65	10204.74
867.93	9188.94
868.22	7667.60
868.51	7155.02
868.80	7948.46
869.09	7136.29
869.38	6403.71
869.67	12814.43
869.96	12814.43
870.25	12814.43
