178.76	1675.82
179.14	1675.82
179.52	1675.82
179.90	1607.95
180.28	11140.95
180.66	6331.15
181.04	8456.36
181.42	7396.09
181.80	6413.07
182.18	11185.42
182.55	6008.16
182.93	7529.50
183.31	7290.77
183.69	7861.86
184.07	8407.20
184.45	7236.94
184.83	7585.68
185.21	6750.10
185.59	6965.43
185.97	16872.92
186.35	12196.53
186.72	7220.55
187.10	7253.32
187.48	12163.76
187.86	9102.34
188.24	6829.68
188.62	6340.51
189.00	11286.06
189.38	8161.45
189.75	7623.12
190.13	8070.17
190.51	6438.81
190.89	15339.87
191.27	21617.19
191.65	7145.66
192.03	7960.16
192.40	10429.43
192.78	7709.72
193.16	8938.51
193.54	12528.89
193.92	11367.98
194.30	6892.88
194.67	9731.95
195.05	8388.48
195.43	7496.74
195.81	7206.51
196.19	11105.84
196.56	7873.56
196.94	7482.69
197.32	11791.62
197.70	6637.76
198.08	8587.43
198.45	6860.11
198.83	7651.21
199.21	6970.12
199.59	12678.68
199.97	8404.86
200.34	5930.92
200.72	6874.15
201.10	14441.11
201.48	10286.65
201.85	6487.96
202.23	6913.94
202.61	6560.52
202.99	16463.33
203.36	6675.21
203.74	9322.35
204.12	7293.11
204.49	6675.21
204.87	9020.42
205.25	7206.51
205.63	5902.83
206.00	6509.03
206.38	8109.96
206.76	9848.97
207.14	6600.31
207.51	5949.64
207.89	11222.87
208.27	6504.35
208.64	5610.26
209.02	6668.19
209.40	7030.97
209.77	5813.89
210.15	15765.85
210.53	5984.75
210.90	11592.67
211.28	6363.92
211.66	12411.86
212.03	6724.36
212.41	5886.45
212.79	7173.74
213.16	6057.31
213.54	7662.91
213.92	7992.93
214.29	5678.14
214.67	6644.78
215.05	6888.20
215.42	9558.75
215.80	6988.84
216.17	6820.32
216.55	8065.49
216.93	5987.09
217.30	9247.46
217.68	6548.82
218.05	6927.99
218.43	6516.05
218.81	7059.06
219.18	11403.09
219.56	6857.77
219.93	6747.76
220.31	6602.65
220.69	6059.65
221.06	6214.12
221.44	7808.03
221.81	6244.55
222.19	5736.65
222.56	6251.57
222.94	7030.97
223.32	7735.47
223.69	6317.11
224.07	9081.28
224.44	12816.77
224.82	7815.05
225.19	8671.68
225.57	7658.23
225.94	6817.98
226.32	7468.65
226.69	12287.81
227.07	8872.97
227.44	6864.79
227.82	8067.83
228.19	7082.46
228.57	8884.67
228.94	11978.86
229.32	9682.80
229.69	9277.88
230.07	6834.36
230.44	6387.32
230.82	11314.15
231.19	9551.73
231.57	5568.13
231.94	5844.32
232.32	9373.85
232.69	7012.24
233.07	7669.94
233.44	8332.31
233.82	7089.48
234.19	7871.22
234.57	10483.26
234.94	6803.94
235.31	6963.09
235.69	7281.41
236.06	7723.77
236.44	9053.19
236.81	6122.84
237.19	8051.44
237.56	12035.03
237.93	6537.12
238.31	7955.48
238.68	7126.93
239.06	7768.24
239.43	9081.28
239.81	8320.60
240.18	6099.44
240.55	6256.25
240.93	13074.23
241.30	7857.18
241.67	7162.04
242.05	8828.50
242.42	9724.93
242.80	6005.81
243.17	7992.93
243.54	7819.73
243.92	9448.74
244.29	7269.70
244.66	7822.07
245.04	10527.73
245.41	16489.07
245.78	6073.69
246.16	6853.09
246.53	9132.77
246.90	7307.15
247.28	13273.18
247.65	7073.10
248.02	7094.16
248.40	10167.29
248.77	7592.70
249.14	8594.45
249.52	7054.37
249.89	8622.53
250.26	6307.74
250.64	7693.34
251.01	15829.04
251.38	5930.92
251.75	7515.46
252.13	6895.22
252.50	9081.28
252.87	13448.72
253.25	5959.00
253.62	8168.47
253.99	5916.87
254.36	9490.87
254.74	6642.44
255.11	6291.36
255.48	5593.88
255.85	14532.39
256.23	5841.98
256.60	5453.45
256.97	7131.61
257.34	8252.73
257.71	7674.62
258.09	6705.63
258.46	7737.81
258.83	11459.26
259.20	9891.10
259.58	7049.69
259.95	7267.36
260.32	9577.47
260.69	6157.95
261.06	11056.69
261.44	6312.42
261.81	13301.26
262.18	7815.05
262.55	6403.71
262.92	7417.16
263.29	6677.55
263.67	5860.70
264.04	6857.77
264.41	6864.79
264.78	6612.01
265.15	10492.62
265.52	12748.90
265.90	7602.06
266.27	6616.69
266.64	5741.33
267.01	5687.50
267.38	8187.19
267.75	6260.93
268.12	5383.23
268.50	7215.87
268.87	6511.37
269.24	6310.08
269.61	7789.30
269.98	8344.01
270.35	8252.73
270.72	6122.84
271.09	6869.47
271.46	6626.06
271.83	8128.68
272.21	9413.63
272.58	5994.11
272.95	6291.36
273.32	7433.54
273.69	7459.29
274.06	5636.01
274.43	6424.77
274.80	7253.32
275.17	7852.50
275.54	13762.35
275.91	7487.37
276.28	7449.93
276.65	7817.39
277.02	11571.61
277.39	6303.06
277.76	6239.87
278.13	8636.58
278.50	8760.63
278.87	10665.82
279.24	9210.01
279.61	8566.36
279.98	9792.80
280.35	6506.69
280.72	7534.18
281.09	7162.04
281.46	7356.30
281.83	6176.67
282.20	8053.78
282.57	6684.57
282.94	8081.87
283.31	6502.01
283.68	7901.65
284.05	5778.78
284.42	5357.49
284.79	7782.28
285.16	8720.84
285.53	7337.58
285.90	7290.77
286.27	15014.54
286.64	5652.39
287.01	6455.20
287.38	8669.34
287.75	59585.36
288.12	8688.07
288.49	16856.54
288.86	6015.18
289.23	6312.42
289.59	6333.49
289.96	5966.03
290.33	6272.64
290.70	6614.35
291.07	8414.23
291.44	8018.68
291.81	5909.85
292.18	7463.97
292.55	6801.60
292.91	12695.07
293.28	8346.35
293.65	11147.97
294.02	7805.69
294.39	5626.65
294.76	6995.86
295.13	7433.54
295.50	7035.65
295.86	7087.14
296.23	6466.90
296.60	5961.34
296.97	6499.67
297.34	7190.13
297.71	8952.55
298.07	7391.41
298.44	5448.77
298.81	7969.52
299.18	7496.74
299.55	10558.16
299.91	7119.91
300.28	7356.30
300.65	5469.83
301.02	7611.42
301.39	8280.82
301.75	13528.30
302.12	8271.45
302.49	6963.09
302.86	10604.97
303.23	7391.41
303.59	5933.26
303.96	17638.28
304.33	9788.12
304.70	15194.76
305.06	6675.21
305.43	10331.12
305.80	8386.14
306.17	9142.13
306.53	6349.87
306.90	9682.80
307.27	7545.89
307.64	10958.39
308.00	6558.18
308.37	6415.41
308.74	12131.00
309.11	8975.95
309.47	6469.24
309.84	5710.91
310.21	7169.06
310.57	7648.87
310.94	6801.60
311.31	7323.54
311.67	7894.63
312.04	5528.35
312.41	10019.83
312.77	8196.56
313.14	6265.61
313.51	7108.21
313.87	6623.72
314.24	6569.88
314.61	6473.92
314.97	6644.78
315.34	7449.93
315.71	5771.76
316.07	9123.41
316.44	5916.87
316.81	8903.40
317.17	6216.46
317.54	15737.76
317.91	6408.39
318.27	5526.00
318.64	6902.24
319.00	8835.52
319.37	5633.67
319.74	9661.73
320.10	9785.78
320.47	6846.07
320.83	11117.54
321.20	6951.39
321.57	6143.91
321.93	6499.67
322.30	7599.72
322.66	6277.32
323.03	8819.14
323.40	8044.42
323.76	6555.84
324.13	6441.15
324.49	5481.53
324.86	19058.98
325.22	7534.18
325.59	7211.19
325.95	7936.76
326.32	9568.11
326.68	9511.94
327.05	7321.20
327.42	6345.19
327.78	6525.41
328.15	9696.84
328.51	6420.09
328.88	8713.81
329.24	11370.32
329.61	7258.00
329.97	8833.18
330.34	6413.07
330.70	7344.60
331.07	10934.98
331.43	8432.95
331.80	13467.44
332.16	10300.70
332.52	6080.71
332.89	8461.04
333.25	5547.07
333.62	12821.45
333.98	7314.17
334.35	7035.65
334.71	7433.54
335.08	5940.28
335.44	12119.29
335.81	12219.94
336.17	10181.33
336.53	7211.19
336.90	5977.73
337.26	8519.55
337.63	9462.79
337.99	7630.15
338.36	6017.52
338.72	8982.98
339.08	7562.27
339.45	6005.81
339.81	9720.24
340.18	6815.64
340.54	10541.77
340.90	6422.43
341.27	7016.93
341.63	8418.91
341.99	5343.44
342.36	10759.44
342.72	5914.53
343.09	10649.44
343.45	6359.24
343.81	10888.17
344.18	5685.16
344.54	7176.08
344.90	7915.69
345.27	7468.65
345.63	7094.16
345.99	9144.47
346.36	7569.29
346.72	6047.94
347.08	6043.26
347.45	5654.73
347.81	10125.16
348.17	7644.19
348.54	5727.29
348.90	9090.64
349.26	9856.00
349.62	11056.69
349.99	5387.91
350.35	5238.12
350.71	8002.29
351.08	7171.40
351.44	5282.59
351.80	13682.77
352.16	11875.88
352.53	6118.16
352.89	8451.67
353.25	11241.59
353.61	6759.47
353.98	8912.76
354.34	10354.53
354.70	6408.39
355.06	5233.44
355.43	7393.75
355.79	6953.73
356.15	6771.17
356.51	6052.63
356.88	6176.67
357.24	6984.16
357.60	5771.76
357.96	5352.81
358.32	15934.37
358.69	5659.42
359.05	8161.45
359.41	7503.76
359.77	5898.15
360.13	6120.50
360.49	6211.78
360.86	9146.81
361.22	11281.38
361.58	7777.60
361.94	11360.96
362.30	5902.83
362.66	8573.38
363.03	5366.85
363.39	5406.64
363.75	6319.45
364.11	10026.86
364.47	6441.15
364.83	10862.43
365.19	7658.23
365.56	9036.81
365.92	5432.38
366.28	8681.05
366.64	9963.66
367.00	5600.90
367.36	5511.96
367.72	10108.77
368.08	9420.66
368.44	6630.74
368.80	8418.91
369.17	6689.25
369.53	6862.45
369.89	6251.57
370.25	6083.05
370.61	6415.41
370.97	11089.46
371.33	6565.20
371.69	13027.42
372.05	8425.93
372.41	6026.88
372.77	6609.67
373.13	7735.47
373.49	5252.16
373.85	8109.96
374.21	7705.04
374.57	6040.92
374.93	8690.41
375.29	9359.80
375.65	7524.82
376.01	7360.98
376.37	10511.35
376.73	8573.38
377.09	5893.47
377.45	9998.77
377.81	7178.42
378.17	6160.29
378.53	5167.90
378.89	8613.17
379.25	11213.51
379.61	14796.87
379.97	9472.15
380.33	6532.44
380.69	6242.21
381.05	5907.51
381.41	9132.77
381.77	7405.46
382.13	8894.04
382.49	15353.91
382.85	7660.57
383.21	9273.20
383.57	5305.99
383.93	10721.99
384.28	5413.66
384.64	6724.36
385.00	7700.36
385.36	7428.86
385.72	9111.71
386.08	5970.71
386.44	9055.53
386.80	9188.94
387.16	11014.56
387.52	9668.75
387.87	14047.90
388.23	8212.94
388.59	6403.71
388.95	5743.67
389.31	6759.47
389.67	6876.49
390.03	6349.87
390.38	6569.88
390.74	5018.11
391.10	9472.15
391.46	7765.90
391.82	6115.82
392.18	8589.77
392.54	5071.94
392.89	5912.19
393.25	8542.96
393.61	5760.06
393.97	5561.11
394.33	8121.66
394.68	6979.48
395.04	5654.73
395.40	7506.10
395.76	9617.26
396.12	7662.91
396.47	5884.11
396.83	7164.38
397.19	5757.72
397.55	5961.34
397.90	7485.03
398.26	7419.50
398.62	5839.64
398.98	5137.48
399.33	6759.47
399.69	24762.87
400.05	8332.31
400.41	5898.15
400.76	9001.70
401.12	10319.42
401.48	7796.32
401.84	6129.86
402.19	6668.19
402.55	7925.05
402.91	7314.17
403.26	5317.70
403.62	8589.77
403.98	7300.13
404.34	4980.66
404.69	7126.93
405.05	9331.72
405.41	14445.79
405.76	5959.00
406.12	6017.52
406.48	6846.07
406.83	6263.27
407.19	8629.56
407.55	8131.02
407.90	14413.02
408.26	8690.41
408.62	9341.08
408.97	7124.59
409.33	5640.69
409.68	5804.53
410.04	7875.90
410.40	6113.48
410.75	8226.98
411.11	5973.05
411.47	7585.68
411.82	6476.26
412.18	7389.07
412.53	6782.87
412.89	6153.27
413.25	6958.41
413.60	7391.41
413.96	5245.14
414.31	6450.52
414.67	7496.74
415.03	5413.66
415.38	5818.57
415.74	6560.52
416.09	6813.30
416.45	8585.08
416.80	6157.95
417.16	8533.59
417.51	6904.58
417.87	6600.31
418.23	8105.28
418.58	8336.99
418.94	5149.18
419.29	6113.48
419.65	7894.63
420.00	8987.66
420.36	8468.06
420.71	8273.79
421.07	5610.26
421.42	7276.73
421.78	9373.85
422.13	6871.81
422.49	5654.73
422.84	7332.90
423.20	5165.56
423.55	5516.64
423.91	5437.06
424.26	14321.74
424.61	8437.63
424.97	11590.33
425.32	6092.41
425.68	6792.23
426.03	7564.61
426.39	10422.41
426.74	10160.27
427.10	9516.62
427.45	6146.25
427.80	7707.38
428.16	6963.09
428.51	7103.53
428.87	7779.94
429.22	9713.22
429.58	10324.10
429.93	10335.81
430.28	6216.46
430.64	6424.77
430.99	5266.21
431.35	7639.51
431.70	6747.76
432.05	6902.24
432.41	8381.46
432.76	7990.59
433.11	8119.32
433.47	7775.26
433.82	10778.17
434.17	8152.09
434.53	8084.21
434.88	14406.00
435.24	8028.04
435.59	7632.49
435.94	5785.80
436.30	8416.57
436.65	6413.07
437.00	9633.64
437.35	16741.85
437.71	6733.72
438.06	6373.28
438.41	6045.60
438.77	8049.10
439.12	5385.57
439.47	4837.89
439.83	7756.54
440.18	5298.97
440.53	6628.40
440.88	12407.18
441.24	8777.01
441.59	5696.86
441.94	6541.80
442.30	8381.46
442.65	12870.61
443.00	7180.76
443.35	10368.57
443.71	6595.63
444.06	9603.22
444.41	8079.53
444.76	11573.95
445.11	7208.85
445.47	10363.89
445.82	9254.48
446.17	5858.36
446.52	10530.07
446.88	7337.58
447.23	5291.95
447.58	8023.36
447.93	6085.39
448.28	30225.68
448.63	11108.18
448.99	6963.09
449.34	8554.66
449.69	8994.68
450.04	6296.04
450.39	6403.71
450.74	7119.91
451.10	7007.56
451.45	7227.57
451.80	7662.91
452.15	10183.67
452.50	8271.45
452.85	10003.45
453.21	9149.15
453.56	7896.97
453.91	6913.94
454.26	7438.22
454.61	5870.06
454.96	8564.02
455.31	6867.13
455.66	6633.08
456.01	8149.75
456.36	6448.18
456.72	6155.61
457.07	8051.44
457.42	10700.93
457.77	9380.87
458.12	5949.64
458.47	7489.71
458.82	9870.04
459.17	7258.00
459.52	7445.24
459.87	12189.51
460.22	5839.64
460.57	7229.91
460.92	6289.02
461.27	8334.65
461.62	6874.15
461.97	6033.90
462.32	12468.03
462.67	10869.45
463.02	14064.28
463.38	13600.85
463.73	9071.92
464.08	12620.17
464.43	7829.09
464.78	5680.48
465.12	8458.70
465.47	8882.33
465.82	27775.14
466.17	6565.20
466.52	8791.05
466.87	6370.94
467.22	5954.32
467.57	5458.13
467.92	7927.39
468.27	11115.20
468.62	15208.80
468.97	6888.20
469.32	5011.09
469.67	16018.63
470.02	14490.26
470.37	6244.55
470.72	7681.64
471.07	5488.56
471.42	6780.53
471.76	6956.07
472.11	6822.66
472.46	8795.73
472.81	15360.94
473.16	6111.14
473.51	6181.35
473.86	5369.19
474.21	6679.89
474.56	6590.95
474.90	6366.26
475.25	9916.85
475.60	9006.38
475.95	6160.29
476.30	11569.27
476.65	10525.39
477.00	15580.95
477.34	11700.34
477.69	5769.42
478.04	9474.49
478.39	7431.20
478.74	5989.43
479.09	5242.80
479.43	7243.96
479.78	5043.85
480.13	12671.66
480.48	10406.02
480.83	7454.61
481.17	5359.83
481.52	7321.20
481.87	6759.47
482.22	12255.04
482.57	6841.39
482.91	9488.53
483.26	8063.15
483.61	6583.93
483.96	7655.89
484.30	65535.00
484.65	12947.84
485.00	5966.03
485.35	6986.50
485.69	5907.51
486.04	6808.62
486.39	7843.14
486.74	7735.47
487.08	5394.93
487.43	7969.52
487.78	5100.03
488.12	8163.79
488.47	6232.85
488.82	10834.34
489.17	6036.24
489.51	5205.35
489.86	8077.19
490.21	5238.12
490.55	7796.32
490.90	5401.96
491.25	6654.14
491.59	5551.75
491.94	13097.64
492.29	6441.15
492.63	7103.53
492.98	4943.21
493.33	7463.97
493.67	6293.70
494.02	5680.48
494.37	5589.20
494.71	8409.54
495.06	6279.66
495.40	10539.43
495.75	6263.27
496.10	10754.76
496.44	7094.16
496.79	8496.14
497.13	6136.88
497.48	14565.15
497.83	10476.24
498.17	8374.44
498.52	6380.30
498.86	8809.78
499.21	6754.79
499.56	5937.94
499.90	6736.06
500.25	5509.62
500.59	7070.76
500.94	7939.10
501.28	8891.70
501.63	10125.16
501.97	6590.95
502.32	6003.47
502.67	7838.45
503.01	5387.91
503.36	6375.62
503.70	6303.06
504.05	8465.72
504.39	9266.18
504.74	6890.54
505.08	11162.01
505.43	4781.71
505.77	5610.26
506.12	7545.89
506.46	6771.17
506.81	5825.59
507.15	5837.30
507.49	6504.35
507.84	5853.68
508.18	7557.59
508.53	7627.81
508.87	7414.82
509.22	6604.99
509.56	65535.00
509.91	19424.11
510.25	7222.89
510.60	5043.85
510.94	9212.35
511.28	4870.65
511.63	9544.70
511.97	7803.35
512.32	9128.09
512.66	5825.59
513.00	7155.02
513.35	9727.27
513.69	5495.58
514.04	8592.11
514.38	8980.64
514.72	7758.88
515.07	5839.64
515.41	5966.03
515.76	5902.83
516.10	7117.57
516.44	9100.00
516.79	6249.23
517.13	5446.43
517.47	9507.26
517.82	7454.61
518.16	6944.37
518.50	7400.77
518.85	7606.74
519.19	10335.81
519.53	14068.96
519.88	9184.26
520.22	6661.16
520.56	7232.26
520.91	5479.19
521.25	5851.34
521.59	6981.82
521.93	7967.18
522.28	6670.53
522.62	7866.54
522.96	9458.10
523.31	6619.04
523.65	8161.45
523.99	8697.43
524.33	11789.28
524.68	8470.40
525.02	5511.96
525.36	8121.66
525.70	5151.52
526.05	6190.72
526.39	5640.69
526.73	8468.06
527.07	7452.27
527.41	10839.02
527.76	5942.62
528.10	6619.04
528.44	8210.60
528.78	6822.66
529.12	8922.12
529.47	6768.83
529.81	9584.49
530.15	9490.87
530.49	8341.67
530.83	5174.92
531.18	5596.22
531.52	6712.66
531.86	5327.06
532.20	7211.19
532.54	10068.98
532.88	5078.96
533.22	6747.76
533.57	6289.02
533.91	9617.26
534.25	5584.52
534.59	11187.76
534.93	8781.69
535.27	5954.32
535.61	6743.08
535.95	11332.87
536.30	5497.92
536.64	7126.93
536.98	4692.77
537.32	6396.68
537.66	5078.96
538.00	8306.56
538.34	8540.61
538.68	8203.58
539.02	11779.92
539.36	6267.95
539.70	5643.03
540.04	6981.82
540.39	20482.03
540.73	5792.83
541.07	7077.78
541.41	7747.17
541.75	7957.82
542.09	10209.42
542.43	7948.46
542.77	7122.25
543.11	7667.60
543.45	7243.96
543.79	9727.27
544.13	6602.65
544.47	6670.53
544.81	5834.96
545.15	8430.61
545.49	6855.43
545.83	5844.32
546.17	6707.98
546.51	4954.91
546.85	6108.80
547.19	11316.49
547.53	5408.98
547.87	8819.14
548.21	12435.27
548.54	7297.79
548.88	6150.93
549.22	5940.28
549.56	5268.55
549.90	6307.74
550.24	7091.82
550.58	5895.81
550.92	9844.29
551.26	6399.02
551.60	11122.23
551.94	6497.33
552.28	6562.86
552.61	8449.33
552.95	6754.79
553.29	6228.17
553.63	7173.74
553.97	11592.67
554.31	9638.33
554.65	10513.69
554.99	10604.97
555.32	6373.28
555.66	8283.16
556.00	4858.95
556.34	6855.43
556.68	7503.76
557.02	9418.32
557.36	7756.54
557.69	7117.57
558.03	6274.98
558.37	12882.31
558.71	15178.37
559.05	10771.15
559.38	11728.42
559.72	6036.24
560.06	8891.70
560.40	8648.28
560.74	9933.23
561.07	8112.30
561.41	9254.48
561.75	8149.75
562.09	6244.55
562.42	9350.44
562.76	8500.83
563.10	7325.88
563.44	25188.85
563.77	7889.95
564.11	8397.84
564.45	9832.59
564.79	8355.71
565.12	7316.51
565.46	7742.49
565.80	7777.60
566.14	7810.37
566.47	9666.41
566.81	5846.66
567.15	7581.00
567.48	8145.06
567.82	8690.41
568.16	7943.78
568.49	5991.77
568.83	5645.37
569.17	7234.60
569.50	8124.00
569.84	11047.33
570.18	8039.74
570.51	11503.73
570.85	6946.71
571.19	6698.61
571.52	5989.43
571.86	7606.74
572.20	6572.22
572.53	11054.35
572.87	6001.13
573.21	5804.53
573.54	5547.07
573.88	7889.95
574.21	7386.73
574.55	7000.54
574.89	6504.35
575.22	9188.94
575.56	6244.55
575.89	6228.17
576.23	6768.83
576.57	8032.72
576.90	6033.90
577.24	7566.95
577.57	5685.16
577.91	7950.80
578.24	5376.21
578.58	7068.42
578.91	8428.27
579.25	6101.78
579.59	7449.93
579.92	6958.41
580.26	5558.77
580.59	8138.04
580.93	7770.58
581.26	6604.99
581.60	8184.85
581.93	8472.74
582.27	11367.98
582.60	5792.83
582.94	7625.47
583.27	5699.20
583.61	6803.94
583.94	7632.49
584.28	5331.74
584.61	6731.38
584.94	8472.74
585.28	8224.64
585.61	9046.17
585.95	8557.00
586.28	12042.06
586.62	13385.52
586.95	7091.82
587.29	12566.34
587.62	16011.60
587.95	5624.31
588.29	7714.41
588.62	8500.83
588.96	9626.62
589.29	6434.13
589.62	6249.23
589.96	6803.94
590.29	6420.09
590.63	5390.25
590.96	9018.08
591.29	9132.77
591.63	9951.96
591.96	5734.31
592.29	6647.12
592.63	6443.49
592.96	7854.84
593.30	12051.42
593.63	7934.42
593.96	5858.36
594.30	6560.52
594.63	7903.99
594.96	11999.93
595.30	7124.59
595.63	6469.24
595.96	6169.65
596.29	8021.02
596.63	6562.86
596.96	8975.95
597.29	8414.23
597.63	5287.27
597.96	10307.72
598.29	9837.27
598.63	9661.73
598.96	5865.38
599.29	6445.84
599.62	6167.31
599.96	6253.91
600.29	6972.46
600.62	5823.25
600.95	6492.65
601.29	6857.77
601.62	7833.77
601.95	7054.37
602.28	6200.08
602.61	21715.49
602.95	7311.83
603.28	12409.52
603.61	6127.52
603.94	9767.06
604.27	5912.19
604.61	8737.22
604.94	8046.76
605.27	7653.55
605.60	5816.23
605.93	6090.07
606.27	9462.79
606.60	5851.34
606.93	5603.24
607.26	11616.08
607.59	7293.11
607.92	10462.19
608.26	6186.04
608.59	6132.20
608.92	6885.86
609.25	5666.44
609.58	8009.31
609.91	8407.20
610.24	13750.65
610.57	8318.26
610.90	9692.16
611.24	5317.70
611.57	5497.92
611.90	9338.74
612.23	7035.65
612.56	9233.41
612.89	8943.19
613.22	8943.19
613.55	5233.44
613.88	9624.28
614.21	5891.13
614.54	8109.96
614.87	5919.21
615.20	5029.81
615.53	10272.61
615.87	6293.70
616.20	7342.26
616.53	10352.19
616.86	7178.42
617.19	8217.62
617.52	6392.00
617.85	6480.94
618.18	6038.58
618.51	6698.61
618.84	8524.23
619.17	6829.68
619.50	11016.90
619.83	10675.18
620.16	8636.58
620.49	6380.30
620.82	14633.03
621.14	10850.72
621.47	6780.53
621.80	9923.87
622.13	7648.87
622.46	15225.18
622.79	8596.79
623.12	5788.14
623.45	9430.02
623.78	8807.44
624.11	5895.81
624.44	7946.12
624.77	5619.63
625.10	6083.05
625.43	5827.93
625.75	7499.08
626.08	6202.42
626.41	5886.45
626.74	7143.32
627.07	6745.42
627.40	12594.42
627.73	6487.96
628.06	5982.41
628.38	4950.23
628.71	9001.70
629.04	10085.37
629.37	8980.64
629.70	7698.02
630.03	6057.31
630.36	10148.56
630.68	9130.43
631.01	6363.92
631.34	11279.04
631.67	6335.83
632.00	5025.13
632.32	9177.24
632.65	10251.55
632.98	7658.23
633.31	7143.32
633.64	9277.88
633.96	5994.11
634.29	11199.46
634.62	7665.25
634.95	7698.02
635.27	7609.08
635.60	8695.09
635.93	7918.03
636.26	7882.92
636.58	6429.45
636.91	6314.77
637.24	6113.48
637.57	7517.80
637.89	8624.87
638.22	6473.92
638.55	7550.57
638.87	7749.51
639.20	8999.36
639.53	8208.26
639.86	6277.32
640.18	5837.30
640.51	7602.06
640.84	8044.42
641.16	5767.08
641.49	7714.41
641.82	5771.76
642.14	5947.30
642.47	14452.81
642.80	7014.59
643.12	9612.58
643.45	7016.93
643.78	7454.61
644.10	6235.19
644.43	7332.90
644.75	10509.01
645.08	5266.21
645.41	8189.53
645.73	5998.79
646.06	15585.63
646.39	9217.03
646.71	6403.71
647.04	6225.82
647.36	5266.21
647.69	8805.10
648.01	7709.72
648.34	6186.04
648.67	10132.18
648.99	10649.44
649.32	6253.91
649.64	5434.72
649.97	4779.37
650.29	5568.13
650.62	15035.60
650.94	7417.16
651.27	11501.39
651.59	7213.53
651.92	6174.33
652.25	8030.38
652.57	5736.65
652.90	6047.94
653.22	7976.55
653.55	7882.92
653.87	5181.95
654.20	7419.50
654.52	11517.78
654.84	6850.75
655.17	8264.43
655.49	11646.51
655.82	6614.35
656.14	7791.64
656.47	8786.37
656.79	11913.33
657.12	6789.89
657.44	6614.35
657.77	9153.84
658.09	7541.21
658.41	7143.32
658.74	8667.00
659.06	5565.79
659.39	7012.24
659.71	6328.81
660.03	7103.53
660.36	6726.70
660.68	10237.50
661.01	13928.53
661.33	10876.47
661.65	6291.36
661.98	14501.96
662.30	10700.93
662.63	7293.11
662.95	6675.21
663.27	6223.48
663.60	5708.57
663.92	7014.59
664.24	6986.50
664.57	5825.59
664.89	6356.90
665.21	6399.02
665.54	9631.30
665.86	7604.40
666.18	7829.09
666.51	10703.27
666.83	6492.65
667.15	15587.97
667.47	9949.62
667.80	8507.85
668.12	6078.37
668.44	7564.61
668.77	8882.33
669.09	10602.63
669.41	9301.29
669.73	5507.28
670.06	7276.73
670.38	6867.13
670.70	5331.74
671.02	8435.29
671.35	6466.90
671.67	10801.57
671.99	6918.62
672.31	10387.30
672.63	7918.03
672.96	11515.44
673.28	6530.09
673.60	7599.72
673.92	7513.12
674.24	5991.77
674.57	6101.78
674.89	10083.03
675.21	6825.00
675.53	9338.74
675.85	10281.97
676.17	10490.28
676.50	5989.43
676.82	10127.50
677.14	7700.36
677.46	15028.58
677.78	5612.60
678.10	9745.99
678.42	7190.13
678.75	6619.04
679.07	5760.06
679.39	7339.92
679.71	6696.27
680.03	6396.68
680.35	6555.84
680.67	6743.08
680.99	6176.67
681.31	5483.88
681.63	8456.36
681.96	10539.43
682.28	6715.00
682.60	5991.77
682.92	8725.52
683.24	5418.34
683.56	8865.95
683.88	6242.21
684.20	6958.41
684.52	6616.69
684.84	6516.05
685.16	6654.14
685.48	9221.71
685.80	8086.55
686.12	8968.93
686.44	12229.30
686.76	7171.40
687.08	5497.92
687.40	5879.43
687.72	9467.47
688.04	6850.75
688.36	15117.52
688.68	11499.05
689.00	8297.20
689.32	6878.83
689.64	6665.85
689.96	7176.08
690.28	10155.58
690.60	10600.29
690.92	6324.13
691.24	8741.90
691.56	6867.13
691.88	7129.27
692.19	5923.90
692.51	9338.74
692.83	8299.54
693.15	9497.89
693.47	8416.57
693.79	7578.65
694.11	9802.16
694.43	8229.32
694.75	7199.49
695.06	7543.55
695.38	10583.90
695.70	7454.61
696.02	7618.44
696.34	6771.17
696.66	6665.85
696.98	5303.65
697.29	7585.68
697.61	11590.33
697.93	10291.34
698.25	14494.94
698.57	8262.09
698.89	5451.11
699.20	6920.96
699.52	11499.05
699.84	5170.24
700.16	7162.04
700.48	11222.87
700.79	6097.10
701.11	12411.86
701.43	9533.00
701.75	6326.47
702.07	6979.48
702.38	12318.24
702.70	6132.20
703.02	6265.61
703.34	9263.84
703.65	7789.30
703.97	7087.14
704.29	5057.90
704.61	5947.30
704.92	9282.56
705.24	6817.98
705.56	9753.01
705.87	10141.54
706.19	7426.52
706.51	5406.64
706.82	10534.75
707.14	6150.93
707.46	5427.70
707.78	6040.92
708.09	8580.40
708.41	10090.05
708.73	7871.22
709.04	10401.34
709.36	6813.30
709.68	7353.96
709.99	13795.12
710.31	10560.50
710.62	7585.68
710.94	6628.40
711.26	8308.90
711.57	6974.80
711.89	5699.20
712.21	15861.81
712.52	7506.10
712.84	10967.75
713.15	8035.06
713.47	9437.04
713.79	5638.35
714.10	6469.24
714.42	6956.07
714.73	11162.01
715.05	5605.58
715.36	5909.85
715.68	6232.85
715.99	6841.39
716.31	10001.11
716.63	8669.34
716.94	9818.55
717.26	20798.00
717.57	9525.98
717.89	11971.84
718.20	6420.09
718.52	8847.22
718.83	7119.91
719.15	15573.92
719.46	14553.45
719.78	8032.72
720.09	7258.00
720.41	6033.90
720.72	5790.49
721.04	5973.05
721.35	7117.57
721.67	7098.84
721.98	6820.32
722.29	6665.85
722.61	6410.73
722.92	5123.43
723.24	7061.40
723.55	7700.36
723.87	8053.78
724.18	9076.60
724.50	5774.10
724.81	7258.00
725.12	7545.89
725.44	8582.74
725.75	7789.30
726.07	10757.10
726.38	8592.11
726.69	6785.21
727.01	9076.60
727.32	8980.64
727.63	6663.51
727.95	11028.60
728.26	6436.47
728.58	9188.94
728.89	6719.68
729.20	7414.82
729.52	5980.07
729.83	14160.24
730.14	8716.16
730.46	7321.20
730.77	10403.68
731.08	9011.06
731.39	6974.80
731.71	7323.54
732.02	9556.41
732.33	7417.16
732.65	6853.09
732.96	11414.79
733.27	9579.81
733.59	15012.20
733.90	10024.51
734.21	6026.88
734.52	7108.21
734.84	17841.90
735.15	6623.72
735.46	7059.06
735.77	7634.83
736.09	7384.39
736.40	11403.09
736.71	9249.80
737.02	5741.33
737.33	6932.67
737.65	7035.65
737.96	7571.63
738.27	8072.51
738.58	14026.83
738.89	8931.48
739.21	6637.76
739.52	5317.70
739.83	8919.78
740.14	6340.51
740.45	7665.25
740.76	6869.47
741.08	5923.90
741.39	7176.08
741.70	6621.38
742.01	7957.82
742.32	10270.27
742.63	8088.89
742.94	6263.27
743.26	8746.58
743.57	8358.05
743.88	9547.05
744.19	8236.35
744.50	7009.90
744.81	12926.78
745.12	7250.98
745.43	7241.62
745.74	16051.39
746.05	11627.78
746.36	5355.15
746.67	12727.83
746.99	7040.33
747.30	8777.01
747.61	6761.81
747.92	7946.12
748.23	10410.70
748.54	7056.72
748.85	7269.70
749.16	7730.79
749.47	6197.74
749.78	6771.17
750.09	6506.69
750.40	8149.75
750.71	7793.98
751.02	8751.26
751.33	7454.61
751.64	8549.98
751.95	7311.83
752.26	8837.86
752.57	9146.81
752.88	6794.58
753.19	7449.93
753.50	10918.60
753.81	7136.29
754.11	7496.74
754.42	17624.23
754.73	7597.38
755.04	8311.24
755.35	8021.02
755.66	14164.92
755.97	6033.90
756.28	6024.54
756.59	8917.44
756.90	17811.48
757.21	8442.31
757.52	11782.26
757.82	8449.33
758.13	6820.32
758.44	10171.97
758.75	8870.63
759.06	6806.28
759.37	6113.48
759.68	8383.80
759.98	6539.46
760.29	8912.76
760.60	8095.91
760.91	5619.63
761.22	7307.15
761.53	7934.42
761.83	6424.77
762.14	7620.78
762.45	6644.78
762.76	5916.87
763.07	8519.55
763.37	16774.62
763.68	11602.04
763.99	13706.18
764.30	12210.57
764.60	6715.00
764.91	10438.79
765.22	8081.87
765.53	13886.40
765.84	8414.23
766.14	7169.06
766.45	5647.71
766.76	11569.27
767.06	12266.75
767.37	7030.97
767.68	7672.28
767.99	7047.35
768.29	6581.59
768.60	7435.88
768.91	10539.43
769.21	13462.76
769.52	11234.57
769.83	7548.23
770.13	7613.76
770.44	7171.40
770.75	9411.29
771.05	7524.82
771.36	9261.50
771.67	7782.28
771.97	7108.21
772.28	7258.00
772.59	7915.69
772.89	9724.93
773.20	6612.01
773.51	6565.20
773.81	12224.62
774.12	6160.29
774.42	7564.61
774.73	6307.74
775.04	6368.60
775.34	22230.41
775.65	8896.38
775.95	13231.05
776.26	8575.72
776.56	6832.02
776.87	8809.78
777.18	65535.00
777.48	18735.99
777.79	8030.38
778.09	11496.71
778.40	7042.67
778.70	7009.90
779.01	11283.72
779.31	7793.98
779.62	6916.28
779.92	9298.95
780.23	8870.63
780.53	5956.66
780.84	7358.64
781.14	6796.92
781.45	6808.62
781.75	9877.06
782.06	6485.62
782.36	8395.50
782.67	6115.82
782.97	6635.42
783.28	13619.58
783.58	7021.61
783.89	6862.45
784.19	8901.06
784.49	13214.66
784.80	7405.46
785.10	13558.72
785.41	6293.70
785.71	8828.50
786.02	8542.96
786.32	14523.02
786.62	9748.33
786.93	12191.85
787.23	6832.02
787.54	7321.20
787.84	13132.75
788.14	8793.39
788.45	5544.73
788.75	9423.00
789.05	6054.97
789.36	7124.59
789.66	14569.83
789.96	9551.73
790.27	7836.11
790.57	7700.36
790.87	6349.87
791.18	6551.16
791.48	6265.61
791.78	8741.90
792.09	9076.60
792.39	6836.70
792.69	9891.10
793.00	8830.84
793.30	9277.88
793.60	5987.09
793.90	5586.86
794.21	8678.71
794.51	17626.57
794.81	11176.06
795.11	7545.89
795.42	6562.86
795.72	11587.99
796.02	9661.73
796.32	8711.47
796.63	9013.40
796.93	10600.29
797.23	9376.19
797.53	8297.20
797.84	10733.70
798.14	6436.47
798.44	8526.57
798.74	8940.85
799.04	8456.36
799.34	6047.94
799.65	16463.33
799.95	8013.99
800.25	7314.17
800.55	7019.27
800.85	8344.01
801.15	6534.78
801.46	7445.24
801.76	18305.33
802.06	6960.75
802.36	9654.71
802.66	7005.22
802.96	9659.39
803.26	11077.76
803.56	13640.64
803.87	17144.42
804.17	7618.44
804.47	9947.28
804.77	10956.05
805.07	11054.35
805.37	10136.86
805.67	9525.98
805.97	7101.19
806.27	7646.53
806.57	7124.59
806.87	12339.30
807.17	8379.12
807.47	11506.07
807.77	11515.44
808.07	6991.18
808.37	12032.69
808.67	8105.28
808.98	16011.60
809.28	7136.29
809.58	16439.92
809.88	10750.08
810.18	15194.76
810.47	7459.29
810.77	7468.65
811.07	9771.74
811.37	8737.22
811.67	6312.42
811.97	5514.30
812.27	6333.49
812.57	5533.03
812.87	6855.43
813.17	6382.64
813.47	6363.92
813.77	7119.91
814.07	6771.17
814.37	10038.56
814.67	6604.99
814.97	7536.52
815.27	6511.37
815.56	9135.11
815.86	11583.31
816.16	8196.56
816.46	6003.47
816.76	6562.86
817.06	10817.96
817.36	12776.98
817.66	7850.16
817.95	6335.83
818.25	8723.18
818.55	10246.87
818.85	9535.34
819.15	6834.36
819.45	13678.09
819.75	7714.41
820.04	7616.10
820.34	16369.71
820.64	10314.74
820.94	12870.61
821.24	7164.38
821.53	7133.95
821.83	6736.06
822.13	6094.76
822.43	7227.57
822.72	5956.66
823.02	6738.40
823.32	6403.71
823.62	8315.92
823.91	15314.13
824.21	5914.53
824.51	8631.90
824.81	7258.00
825.10	5919.21
825.40	9549.39
825.70	8074.85
826.00	12795.71
826.29	7047.35
826.59	8517.21
826.89	7346.94
827.18	6567.54
827.48	6759.47
827.78	6286.68
828.07	7831.43
828.37	9558.75
828.67	8491.46
828.96	7913.35
829.26	6455.20
829.56	11089.46
829.85	6799.26
830.15	8652.96
830.45	5825.59
830.74	12578.04
831.04	9624.28
831.34	10408.36
831.63	14012.79
831.93	10113.45
832.22	9516.62
832.52	7899.31
832.82	6127.52
833.11	6216.46
833.41	6471.58
833.70	6899.90
834.00	10668.16
834.29	8145.06
834.59	5760.06
834.89	8774.67
835.18	7234.60
835.48	13551.70
835.77	9453.42
836.07	9453.42
836.36	9308.31
836.66	10602.63
836.95	7522.48
837.25	6567.54
837.54	7499.08
837.84	6935.01
838.13	8042.08
838.43	6619.04
838.72	13996.40
839.02	10843.70
839.31	6370.94
839.61	11194.78
839.90	5905.17
840.20	7908.67
840.49	6195.40
840.78	8463.38
841.08	9390.23
841.37	7054.37
841.67	5930.92
841.96	8917.44
842.26	8442.31
842.55	5937.94
842.84	6230.51
843.14	10195.37
843.43	5813.89
843.73	7728.45
844.02	6026.88
844.31	7330.56
844.61	6944.37
844.90	8606.15
845.20	7822.07
845.49	5411.32
845.78	7019.27
846.08	6146.25
846.37	5090.67
846.66	8744.24
846.96	9261.50
847.25	8692.75
847.54	5865.38
847.84	9268.52
848.13	7300.13
848.42	9958.98
848.72	6572.22
849.01	9132.77
849.30	6761.81
849.59	6342.85
849.89	6628.40
850.18	12865.92
850.47	6277.32
850.76	16816.75
851.06	14895.17
851.35	8844.88
851.64	9874.72
851.93	7925.05
852.23	11044.99
852.52	7023.95
852.81	6988.84
853.10	6464.56
853.40	5500.26
853.69	5626.65
853.98	7431.20
854.27	10101.75
854.56	6834.36
854.86	9015.74
855.15	7754.19
855.44	8360.39
855.73	5633.67
856.02	6785.21
856.31	9846.63
856.61	8549.98
856.90	7052.03
857.19	6085.39
857.48	5832.62
857.77	6076.03
858.06	5268.55
858.35	5802.19
858.65	11545.86
858.94	9500.23
859.23	7360.98
859.52	9437.04
859.81	12325.26
860.10	6663.51
860.39	9305.97
860.68	7805.69
860.97	6134.54
861.26	6464.56
861.55	12535.91
861.85	7735.47
862.14	9394.91
862.43	9893.44
862.72	8018.68
863.01	5914.53
863.30	7000.54
863.59	7550.57
863.88	7115.23
864.17	7470.99
864.46	6370.94
864.75	15021.56
865.04	7854.84
865.33	5984.75
865.62	11157.33
865.91	6712.66
866.20	8968.93
866.49	6925.65
866.78	7239.28
867.07	6909.26
867.36	10333.47
867.65	10258.57
867.93	9170.22
868.22	7604.40
868.51	7304.81
868.80	7812.71
869.09	7166.72
869.38	6291.36
869.67	12847.20
869.96	12847.20
870.25	12847.20
