178.76	1739.02
179.14	1739.02
179.52	1739.02
179.90	1575.18
180.28	11094.14
180.66	6403.71
181.04	8491.46
181.42	7623.12
181.80	6377.96
182.18	11433.52
182.55	5984.75
182.93	7524.82
183.31	7145.66
183.69	8053.78
184.07	8531.25
184.45	7150.34
184.83	7480.35
185.21	6757.13
185.59	6911.60
185.97	16802.71
186.35	12264.41
186.72	7272.04
187.10	7470.99
187.48	12028.01
187.86	9310.65
188.24	6775.85
188.62	6399.02
189.00	11452.24
189.38	8042.08
189.75	7705.04
190.13	8042.08
190.51	6572.22
190.89	15431.15
191.27	21680.38
191.65	7201.83
192.03	8072.51
192.40	10576.88
192.78	7899.31
193.16	8959.57
193.54	12355.69
193.92	11185.42
194.30	6904.58
194.67	9638.33
195.05	8620.19
195.43	7400.77
195.81	7344.60
196.19	10841.36
196.56	7906.33
196.94	7508.44
197.32	11941.41
197.70	6679.89
198.08	8620.19
198.45	6815.64
198.83	7585.68
199.21	7002.88
199.59	12765.28
199.97	8219.96
200.34	6050.28
200.72	7042.67
201.10	14368.55
201.48	10279.63
201.85	6443.49
202.23	7005.22
202.61	6747.76
202.99	16833.13
203.36	6686.91
203.74	9242.78
204.12	7314.17
204.49	6586.27
204.87	8924.46
205.25	7290.77
205.63	5867.72
206.00	6546.48
206.38	8262.09
206.76	9659.39
207.14	6782.87
207.51	6005.81
207.89	11232.23
208.27	6590.95
208.64	5476.85
209.02	6773.51
209.40	7260.34
209.77	5617.29
210.15	14373.23
210.53	6054.97
210.90	11613.74
211.28	6403.71
211.66	12369.73
212.03	6672.87
212.41	6019.86
212.79	7241.62
213.16	6087.73
213.54	7740.15
213.92	7995.27
214.29	5750.70
214.67	6731.38
215.05	7014.59
215.42	9582.15
215.80	6817.98
216.17	6846.07
216.55	8095.91
216.93	5933.26
217.30	9174.90
217.68	6448.18
218.05	6752.45
218.43	6567.54
218.81	6974.80
219.18	11522.46
219.56	6946.71
219.93	6729.04
220.31	6544.14
220.69	5853.68
221.06	6249.23
221.44	7833.77
221.81	6370.94
222.19	5680.48
222.56	6106.46
222.94	7148.00
223.32	7798.66
223.69	6399.02
224.07	9128.09
224.44	12884.65
224.82	7901.65
225.19	8751.26
225.57	7770.58
225.94	6902.24
226.32	7337.58
226.69	12580.38
227.07	8879.99
227.44	6803.94
227.82	8152.09
228.19	7148.00
228.57	8842.54
228.94	12002.27
229.32	9605.56
229.69	9142.13
230.07	6932.67
230.44	6375.62
230.82	11269.68
231.19	9776.42
231.57	5612.60
231.94	5799.85
232.32	9322.35
232.69	6853.09
233.07	7581.00
233.44	8327.63
233.82	7059.06
234.19	7630.15
234.57	10235.16
234.94	6530.09
235.31	6857.77
235.69	7276.73
236.06	7669.94
236.44	8812.12
236.81	6001.13
237.19	8140.38
237.56	11906.31
237.93	6612.01
238.31	7908.67
238.68	7070.76
239.06	7939.10
239.43	8889.35
239.81	8358.05
240.18	6085.39
240.55	6466.90
240.93	13348.08
241.30	7836.11
241.67	7180.76
242.05	8634.24
242.42	9760.03
242.80	6015.18
243.17	7983.57
243.54	7861.86
243.92	9373.85
244.29	7260.34
244.66	7765.90
245.04	10485.60
245.41	16659.93
245.78	6073.69
246.16	7049.69
246.53	8997.02
246.90	7140.97
247.28	13107.00
247.65	7012.24
248.02	7225.23
248.40	10160.27
248.77	7658.23
249.14	8568.70
249.52	7042.67
249.89	8608.49
250.26	6251.57
250.64	7712.07
251.01	15894.58
251.38	5877.09
251.75	7545.89
252.13	6810.96
252.50	9268.52
252.87	13781.07
253.25	6029.22
253.62	8100.59
253.99	5851.34
254.36	9383.21
254.74	6663.51
255.11	6228.17
255.48	5610.26
255.85	14635.37
256.23	5863.04
256.60	5495.58
256.97	7023.95
257.34	8414.23
257.71	7763.56
258.09	6710.32
258.46	7899.31
258.83	11531.82
259.20	9980.04
259.58	7192.47
259.95	7288.43
260.32	9643.01
260.69	5977.73
261.06	11049.67
261.44	6401.37
261.81	13322.33
262.18	7913.35
262.55	6394.34
262.92	7421.84
263.29	6609.67
263.67	5834.96
264.04	6729.04
264.41	6977.14
264.78	6590.95
265.15	10581.56
265.52	12683.36
265.90	7630.15
266.27	6504.35
266.64	5806.87
267.01	5680.48
267.38	8159.11
267.75	6101.78
268.12	5373.87
268.50	7061.40
268.87	6324.13
269.24	6427.11
269.61	7803.35
269.98	8311.24
270.35	8269.11
270.72	6221.14
271.09	7129.27
271.46	6806.28
271.83	8219.96
272.21	9542.36
272.58	6104.12
272.95	6225.82
273.32	7543.55
273.69	7328.22
274.06	5778.78
274.43	6326.47
274.80	7159.70
275.17	7925.05
275.54	11571.61
275.91	7468.65
276.28	7410.14
276.65	7719.09
277.02	11412.45
277.39	6326.47
277.76	6277.32
278.13	8538.27
278.50	8945.53
278.87	10506.66
279.24	9165.54
279.61	8463.38
279.98	10127.50
280.35	6558.18
280.72	7763.56
281.09	7126.93
281.46	7421.84
281.83	6174.33
282.20	7911.01
282.57	6705.63
282.94	8100.59
283.31	6455.20
283.68	7981.23
284.05	5731.97
284.42	5413.66
284.79	7693.34
285.16	8645.94
285.53	7246.30
285.90	7332.90
286.27	15037.94
286.64	5626.65
287.01	6333.49
287.38	8615.51
287.75	59784.30
288.12	8667.00
288.49	17018.04
288.86	5954.32
289.23	6214.12
289.59	6291.36
289.96	6108.80
290.33	6356.90
290.70	6822.66
291.07	8571.04
291.44	7693.34
291.81	5921.56
292.18	7510.78
292.55	6792.23
292.91	13097.64
293.28	8477.42
293.65	11215.85
294.02	8049.10
294.39	5696.86
294.76	7164.38
295.13	7419.50
295.50	7164.38
295.86	6998.20
296.23	6441.15
296.60	5877.09
296.97	6530.09
297.34	7136.29
297.71	9160.86
298.07	7309.49
298.44	5341.10
298.81	8074.85
299.18	7623.12
299.55	10930.30
299.91	7040.33
300.28	7475.67
300.65	5495.58
301.02	7805.69
301.39	8159.11
301.75	13788.10
302.12	8262.09
302.49	6911.60
302.86	10457.51
303.23	7377.37
303.59	5865.38
303.96	17502.53
304.33	9921.53
304.70	15201.78
305.06	6743.08
305.43	10457.51
305.80	8294.86
306.17	9296.61
306.53	6389.66
306.90	9673.43
307.27	7384.39
307.64	10956.05
308.00	6513.71
308.37	6576.91
308.74	12196.53
309.11	9020.42
309.47	6452.86
309.84	5509.62
310.21	7227.57
310.57	7653.55
310.94	6726.70
311.31	7318.86
311.67	8037.40
312.04	5605.58
312.41	9994.09
312.77	8322.94
313.14	6483.28
313.51	7110.55
313.87	6586.27
314.24	6534.78
314.61	6448.18
314.97	6703.29
315.34	7447.58
315.71	5659.42
316.07	9275.54
316.44	5982.41
316.81	8919.78
317.17	6300.72
317.54	15704.99
317.91	6450.52
318.27	5437.06
318.64	6960.75
319.00	9008.72
319.37	5640.69
319.74	9710.88
320.10	9717.90
320.47	6796.92
320.83	11232.23
321.20	7105.87
321.57	5994.11
321.93	6523.07
322.30	7712.07
322.66	6366.26
323.03	8826.16
323.40	8152.09
323.76	6647.12
324.13	6483.28
324.49	5521.32
324.86	19108.13
325.22	7503.76
325.59	7253.32
325.95	7971.86
326.32	9778.76
326.68	9364.48
327.05	7012.24
327.42	6001.13
327.78	6698.61
328.15	9521.30
328.51	6476.26
328.88	8685.73
329.24	11405.43
329.61	7302.47
329.97	8905.74
330.34	6445.84
330.70	7452.27
331.07	10899.87
331.43	8896.38
331.80	13661.71
332.16	10523.05
332.52	6218.80
332.89	8306.56
333.25	5563.45
333.62	12753.58
333.98	6991.18
334.35	7192.47
334.71	7524.82
335.08	5886.45
335.44	12524.21
335.81	12297.17
336.17	10375.59
336.53	7344.60
336.90	5991.77
337.26	8575.72
337.63	9469.81
337.99	7637.17
338.36	5949.64
338.72	9252.14
339.08	7426.52
339.45	5977.73
339.81	9614.92
340.18	6787.55
340.54	10693.91
340.90	6462.22
341.27	7040.33
341.63	8493.80
341.99	5483.88
342.36	10806.25
342.72	5811.55
343.09	10815.62
343.45	6382.64
343.81	10944.34
344.18	5736.65
344.54	7171.40
344.90	7880.58
345.27	7442.90
345.63	7042.67
345.99	8870.63
346.36	7337.58
346.72	5959.00
347.08	6092.41
347.45	5647.71
347.81	10026.86
348.17	7705.04
348.54	5762.40
348.90	9109.36
349.26	9888.76
349.62	11040.31
349.99	5530.69
350.35	5355.15
350.71	8030.38
351.08	7084.80
351.44	5193.65
351.80	13729.58
352.16	11953.12
352.53	6136.88
352.89	8571.04
353.25	11538.84
353.61	6768.83
353.98	8744.24
354.34	10340.49
354.70	6604.99
355.06	5392.59
355.43	7328.22
355.79	6981.82
356.15	6810.96
356.51	6090.07
356.88	6284.34
357.24	7021.61
357.60	5753.04
357.96	5387.91
358.32	15850.11
358.69	5455.79
359.05	8081.87
359.41	7681.64
359.77	6029.22
360.13	6359.24
360.49	6122.84
360.86	9102.34
361.22	11674.59
361.58	7674.62
361.94	11391.39
362.30	5937.94
362.66	8545.30
363.03	5357.49
363.39	5514.30
363.75	6263.27
364.11	10417.72
364.47	6291.36
364.83	10820.30
365.19	7712.07
365.56	9298.95
365.92	5434.72
366.28	8615.51
366.64	10148.56
367.00	5472.17
367.36	5568.13
367.72	9984.73
368.08	9654.71
368.44	6616.69
368.80	8463.38
369.17	6619.04
369.53	6951.39
369.89	6101.78
370.25	6010.50
370.61	6321.79
370.97	11241.59
371.33	6469.24
371.69	13121.04
372.05	8535.93
372.41	5966.03
372.77	6661.16
373.13	7660.57
373.49	5233.44
373.85	7995.27
374.21	7618.44
374.57	5944.96
374.93	8980.64
375.29	9369.16
375.65	7627.81
376.01	7513.12
376.37	10562.84
376.73	8582.74
377.09	5973.05
377.45	10204.74
377.81	6876.49
378.17	6153.27
378.53	5266.21
378.89	8718.50
379.25	11171.38
379.61	14609.62
379.97	9561.09
380.33	6581.59
380.69	6125.18
381.05	5867.72
381.41	9343.42
381.77	7309.49
382.13	7936.76
382.49	15374.98
382.85	7602.06
383.21	9308.31
383.57	5509.62
383.93	10836.68
384.28	5324.72
384.64	6761.81
385.00	7852.50
385.36	7508.44
385.72	9305.97
386.08	6029.22
386.44	8957.23
386.80	9039.15
387.16	11096.48
387.52	9879.40
387.87	14008.11
388.23	8229.32
388.59	6314.77
388.95	5605.58
389.31	6649.46
389.67	6963.09
390.03	6377.96
390.38	6722.02
390.74	5172.58
391.10	9640.67
391.46	7859.52
391.82	6092.41
392.18	8489.12
392.54	4985.34
392.89	5804.53
393.25	8477.42
393.61	5898.15
393.97	5603.24
394.33	8093.57
394.68	6925.65
395.04	5551.75
395.40	7478.01
395.76	9413.63
396.12	7527.16
396.47	5940.28
396.83	7103.53
397.19	5767.08
397.55	5954.32
397.90	7487.37
398.26	7442.90
398.62	5654.73
398.98	5118.75
399.33	6813.30
399.69	25333.96
400.05	8465.72
400.41	5853.68
400.76	8945.53
401.12	10391.98
401.48	8011.65
401.84	6054.97
402.19	6649.46
402.55	8009.31
402.91	7337.58
403.26	5458.13
403.62	8762.97
403.98	7229.91
404.34	4877.68
404.69	7330.56
405.05	9242.78
405.41	14443.45
405.76	5975.39
406.12	6237.53
406.48	6939.69
406.83	6293.70
407.19	8355.71
407.55	7997.61
407.90	14471.53
408.26	8648.28
408.62	9453.42
408.97	7236.94
409.33	5521.32
409.68	5916.87
410.04	7808.03
410.40	6076.03
410.75	8446.99
411.11	6010.50
411.47	7599.72
411.82	6710.32
412.18	7304.81
412.53	6902.24
412.89	6153.27
413.25	6885.86
413.60	7377.37
413.96	5329.40
414.31	6532.44
414.67	7557.59
415.03	5434.72
415.38	5825.59
415.74	6597.97
416.09	6843.73
416.45	8610.83
416.80	6146.25
417.16	8624.87
417.51	6923.30
417.87	6452.86
418.23	8196.56
418.58	8229.32
418.94	5039.17
419.29	6277.32
419.65	7833.77
420.00	8912.76
420.36	8442.31
420.71	8320.60
421.07	5659.42
421.42	7152.68
421.78	9542.36
422.13	6843.73
422.49	5607.92
422.84	7522.48
423.20	5324.72
423.55	5605.58
423.91	5418.34
424.26	14368.55
424.61	8519.55
424.97	11833.75
425.32	6057.31
425.68	6754.79
426.03	7850.16
426.39	10286.65
426.74	10029.20
427.10	9785.78
427.45	6193.06
427.80	7714.41
428.16	7068.42
428.51	7164.38
428.87	7674.62
429.22	9731.95
429.58	10567.52
429.93	10267.93
430.28	6125.18
430.64	6305.40
430.99	5294.29
431.35	7616.10
431.70	6759.47
432.05	7033.31
432.41	8496.14
432.76	7831.43
433.11	8131.02
433.47	7955.48
433.82	11325.85
434.17	8243.37
434.53	8009.31
434.88	14628.35
435.24	7901.65
435.59	7508.44
435.94	5738.99
436.30	8617.85
436.65	6586.27
437.00	9809.19
437.35	16624.83
437.71	6705.63
438.06	6333.49
438.41	6310.08
438.77	8070.17
439.12	5247.48
439.47	4903.42
439.83	7812.71
440.18	5310.68
440.53	6654.14
440.88	12465.69
441.24	8725.52
441.59	5692.18
441.94	6537.12
442.30	8491.46
442.65	12985.29
443.00	7262.68
443.35	10717.31
443.71	6700.95
444.06	9781.10
444.41	8283.16
444.76	11800.98
445.11	7293.11
445.47	10274.95
445.82	9277.88
446.17	6164.97
446.52	10597.95
446.88	7407.80
447.23	5135.14
447.58	8002.29
447.93	6193.06
448.28	30036.09
448.63	11021.58
448.99	7040.33
449.34	8692.75
449.69	9048.51
450.04	6331.15
450.39	6274.98
450.74	7225.23
451.10	7138.63
451.45	7335.24
451.80	7913.35
452.15	10394.32
452.50	8266.77
452.85	10143.88
453.21	9193.62
453.56	8067.83
453.91	6691.59
454.26	7515.46
454.61	5926.24
454.96	8428.27
455.31	6951.39
455.66	6539.46
456.01	8159.11
456.36	6466.90
456.72	6064.33
457.07	8009.31
457.42	10621.35
457.77	9352.78
458.12	6015.18
458.47	7414.82
458.82	9788.12
459.17	7119.91
459.52	7421.84
459.87	12231.64
460.22	5811.55
460.57	7297.79
460.92	6169.65
461.27	8524.23
461.62	6871.81
461.97	5865.38
462.32	12390.80
462.67	11082.44
463.02	13930.87
463.38	14059.60
463.73	9217.03
464.08	12592.08
464.43	7705.04
464.78	5722.61
465.12	8229.32
465.47	8842.54
465.82	29446.28
466.17	6485.62
466.52	8844.88
466.87	6499.67
467.22	5959.00
467.57	5329.40
467.92	7864.20
468.27	11281.38
468.62	15389.02
468.97	6956.07
469.32	5015.77
469.67	15435.83
470.02	14672.82
470.37	6108.80
470.72	7777.60
471.07	5533.03
471.42	6825.00
471.76	7089.48
472.11	6848.41
472.46	8674.03
472.81	15683.93
473.16	6036.24
473.51	6134.54
473.86	5331.74
474.21	6731.38
474.56	6415.41
474.90	6384.98
475.25	10108.77
475.60	8950.21
475.95	6242.21
476.30	11578.63
476.65	10422.41
477.00	15686.27
477.34	11602.04
477.69	5870.06
478.04	9671.09
478.39	7557.59
478.74	5841.98
479.09	5390.25
479.43	7187.79
479.78	5053.22
480.13	12720.81
480.48	10431.77
480.83	7499.08
481.17	5556.43
481.52	7363.33
481.87	6604.99
482.22	12210.57
482.57	6794.58
482.91	9423.00
483.26	8135.70
483.61	6604.99
483.96	7679.30
484.30	65535.00
484.65	7517.80
485.00	5951.98
485.35	6815.64
485.69	6083.05
486.04	6696.27
486.39	8035.06
486.74	7756.54
487.08	5399.62
487.43	8121.66
487.78	5085.98
488.12	8479.76
488.47	6267.95
488.82	10738.38
489.17	6005.81
489.51	5352.81
489.86	8168.47
490.21	5205.35
490.55	7857.18
490.90	5476.85
491.25	6684.57
491.59	5640.69
491.94	13362.12
492.29	6466.90
492.63	7169.06
492.98	4833.21
493.33	7419.50
493.67	6438.81
494.02	5626.65
494.37	5692.18
494.71	8461.04
495.06	6267.95
495.40	10958.39
495.75	6265.61
496.10	10881.15
496.44	6956.07
496.79	8472.74
497.13	5926.24
497.48	14808.57
497.83	10436.45
498.17	8432.95
498.52	5568.13
498.86	8915.10
499.21	6885.86
499.56	6038.58
499.90	6792.23
500.25	5420.68
500.59	7052.03
500.94	7929.74
501.28	9018.08
501.63	9980.04
501.97	6532.44
502.32	5816.23
502.67	8030.38
503.01	5334.08
503.36	6382.64
503.70	6436.47
504.05	8638.92
504.39	9455.76
504.74	6853.09
505.08	11192.44
505.43	4844.91
505.77	5706.23
506.12	7679.30
506.46	6682.23
506.81	5954.32
507.15	5809.21
507.49	6464.56
507.84	5923.90
508.18	7882.92
508.53	7515.46
508.87	7218.21
509.22	6553.50
509.56	65535.00
509.91	19381.98
510.25	7316.51
510.60	5114.07
510.94	9153.84
511.28	4999.38
511.63	9654.71
511.97	8074.85
512.32	9163.20
512.66	5888.79
513.00	7281.41
513.35	9640.67
513.69	5930.92
514.04	8659.98
514.38	9163.20
514.72	7812.71
515.07	5804.53
515.41	5977.73
515.76	6101.78
516.10	7424.18
516.44	9170.22
516.79	6190.72
517.13	5467.49
517.47	9502.58
517.82	7431.20
518.16	6942.03
518.50	7403.11
518.85	7646.53
519.19	10413.04
519.53	14164.92
519.88	9076.60
520.22	6712.66
520.56	7218.21
520.91	5394.93
521.25	5764.74
521.59	7026.29
521.93	8203.58
522.28	6715.00
522.62	7810.37
522.96	9399.59
523.31	6619.04
523.65	8100.59
523.99	8887.01
524.33	11793.96
524.68	8400.18
525.02	5586.86
525.36	7805.69
525.70	5315.36
526.05	6164.97
526.39	5834.96
526.73	8542.96
527.07	7428.86
527.41	10916.26
527.76	5916.87
528.10	6630.74
528.44	8252.73
528.78	6932.67
529.12	8966.59
529.47	6892.88
529.81	9387.89
530.15	9432.36
530.49	8416.57
530.83	5018.11
531.18	5647.71
531.52	6918.62
531.86	5593.88
532.20	7220.55
532.54	9930.89
532.88	4983.00
533.22	6775.85
533.57	6263.27
533.91	9453.42
534.25	5617.29
534.59	11096.48
534.93	8875.31
535.27	5998.79
535.61	6829.68
535.95	11372.66
536.30	5521.32
536.64	7075.44
536.98	4816.82
537.32	6787.55
537.66	5149.18
538.00	8407.20
538.34	8458.70
538.68	8374.44
539.02	11995.25
539.36	6307.74
539.70	5423.02
540.04	7194.81
540.39	20704.38
540.73	5886.45
541.07	7250.98
541.41	7843.14
541.75	7906.33
542.09	10513.69
542.43	8056.12
542.77	7091.82
543.11	7756.54
543.45	7166.72
543.79	9504.92
544.13	6796.92
544.47	6656.48
544.81	5921.56
545.15	8430.61
545.49	6925.65
545.83	5830.27
546.17	6597.97
546.51	4887.04
546.85	6328.81
547.19	11351.60
547.53	5425.36
547.87	8819.14
548.21	12290.15
548.54	7276.73
548.88	6207.10
549.22	5860.70
549.56	5418.34
549.90	6197.74
550.24	7192.47
550.58	5923.90
550.92	10150.90
551.26	6576.91
551.60	11166.70
551.94	6326.47
552.28	6530.09
552.61	8526.57
552.95	6670.53
553.29	6188.38
553.63	7330.56
553.97	11576.29
554.31	9572.79
554.65	10616.67
554.99	10689.23
555.32	6462.22
555.66	8107.62
556.00	4807.46
556.34	6789.89
556.68	7456.95
557.02	9462.79
557.36	7510.78
557.69	6956.07
558.03	6303.06
558.37	13004.02
558.71	15180.71
559.05	10600.29
559.38	11868.86
559.72	5909.85
560.06	8961.91
560.40	8613.17
560.74	10193.03
561.07	8205.92
561.41	9364.48
561.75	8114.64
562.09	6256.25
562.42	9128.09
562.76	8477.42
563.10	7407.80
563.44	25174.80
563.77	7969.52
564.11	8423.59
564.45	10204.74
564.79	8381.46
565.12	7403.11
565.46	7712.07
565.80	8023.36
566.14	7833.77
566.47	9504.92
566.81	5912.19
567.15	7606.74
567.48	8063.15
567.82	8496.14
568.16	7936.76
568.49	5837.30
568.83	5533.03
569.17	7248.64
569.50	8065.49
569.84	11290.74
570.18	8060.80
570.51	11630.12
570.85	7061.40
571.19	6754.79
571.52	5914.53
571.86	9654.71
572.20	6649.46
572.53	11424.15
572.87	6108.80
573.21	5738.99
573.54	5479.19
573.88	7983.57
574.21	7478.01
574.55	7030.97
574.89	6593.29
575.22	9270.86
575.56	6431.79
575.89	6174.33
576.23	6841.39
576.57	8114.64
576.90	6209.44
577.24	7501.42
577.57	5682.82
577.91	7878.24
578.24	5355.15
578.58	6991.18
578.91	8432.95
579.25	6153.27
579.59	7391.41
579.92	6953.73
580.26	5481.53
580.59	8238.69
580.93	7997.61
581.26	6572.22
581.60	8299.54
581.93	8603.81
582.27	11569.27
582.60	5923.90
582.94	7726.11
583.27	5781.12
583.61	6803.94
583.94	7597.38
584.28	5369.19
584.61	6626.06
584.94	8458.70
585.28	8336.99
585.61	9034.47
585.95	8739.56
586.28	11880.56
586.62	13678.09
586.95	7190.13
587.29	12463.35
587.62	15845.43
587.95	5764.74
588.29	7627.81
588.62	8535.93
588.96	9631.30
589.29	6572.22
589.62	6399.02
589.96	6684.57
590.29	6366.26
590.63	5448.77
590.96	8802.75
591.29	9254.48
591.63	9860.68
591.96	5703.89
592.29	6668.19
592.63	6415.41
592.96	7943.78
593.30	12032.69
593.63	7899.31
593.96	6012.84
594.30	6654.14
594.63	8107.62
594.96	12168.45
595.30	7260.34
595.63	6588.61
595.96	6150.93
596.29	8053.78
596.63	6661.16
596.96	9043.83
597.29	8402.52
597.63	5348.12
597.96	10305.38
598.29	9802.16
598.63	9621.94
598.96	5991.77
599.29	6284.34
599.62	6286.68
599.96	6349.87
600.29	6904.58
600.62	5825.59
600.95	6354.55
601.29	7082.46
601.62	7992.93
601.95	7288.43
602.28	6101.78
602.61	20671.61
602.95	7382.05
603.28	12175.47
603.61	6174.33
603.94	9699.18
604.27	6050.28
604.61	8702.11
604.94	8177.83
605.27	7756.54
605.60	5699.20
605.93	6363.92
606.27	9413.63
606.60	5963.68
606.93	5420.68
607.26	11693.32
607.59	7316.51
607.92	10321.76
608.26	6307.74
608.59	6209.44
608.92	6916.28
609.25	5692.18
609.58	7761.22
609.91	8496.14
610.24	13923.85
610.57	8322.94
610.90	9809.19
611.24	5287.27
611.57	5378.55
611.90	9298.95
612.23	7056.72
612.56	9291.93
612.89	8959.57
613.22	8931.48
613.55	5338.76
613.88	9834.93
614.21	5809.21
614.54	8152.09
614.87	6026.88
615.20	4884.70
615.53	10368.57
615.87	6286.68
616.20	7368.01
616.53	10377.94
616.86	7115.23
617.19	8388.48
617.52	6347.53
617.85	6593.29
618.18	6197.74
618.51	6794.58
618.84	8667.00
619.17	6935.01
619.50	11152.65
619.83	10656.46
620.16	8585.08
620.49	6342.85
620.82	14656.43
621.14	10970.09
621.47	7815.05
621.80	10090.05
622.13	7611.42
622.46	15250.93
622.79	8734.88
623.12	5607.92
623.45	9488.53
623.78	8755.94
624.11	5783.46
624.44	7894.63
624.77	5661.76
625.10	6179.01
625.43	5816.23
625.75	7597.38
626.08	6195.40
626.41	5818.57
626.74	7243.96
627.07	6560.52
627.40	12521.87
627.73	6548.82
628.06	6005.81
628.38	4807.46
628.71	9053.19
629.04	10251.55
629.37	8982.98
629.70	7541.21
630.03	6024.54
630.36	9991.75
630.68	9275.54
631.01	6328.81
631.34	11154.99
631.67	6483.28
632.00	4968.96
632.32	9282.56
632.65	10338.15
632.98	7714.41
633.31	7166.72
633.64	9479.17
633.96	5926.24
634.29	11265.00
634.62	7445.24
634.95	7995.27
635.27	7695.68
635.60	8765.31
635.93	8105.28
636.26	7992.93
636.58	6696.27
636.91	6410.73
637.24	6083.05
637.57	7382.05
637.89	8341.67
638.22	6429.45
638.55	7559.93
638.87	7770.58
639.20	9029.79
639.53	8250.39
639.86	6305.40
640.18	5865.38
640.51	7510.78
640.84	8131.02
641.16	5722.61
641.49	7775.26
641.82	5856.02
642.14	6012.84
642.47	14492.60
642.80	7117.57
643.12	9600.88
643.45	7073.10
643.78	7473.33
644.10	6181.35
644.43	7342.26
644.75	10396.66
645.08	5210.03
645.41	8203.58
645.73	5844.32
646.06	16011.60
646.39	9259.16
646.71	6408.39
647.04	6083.05
647.36	5254.50
647.69	8699.77
648.01	7520.14
648.34	6202.42
648.67	9900.47
648.99	10806.25
649.32	6050.28
649.64	5586.86
649.97	4741.93
650.29	5575.16
650.62	14958.36
650.94	7351.62
651.27	11229.89
651.59	7148.00
651.92	4788.74
652.25	8102.93
652.57	5900.49
652.90	5856.02
653.22	7962.50
653.55	7845.48
653.87	5069.60
654.20	7487.37
654.52	11506.07
654.84	7073.10
655.17	8489.12
655.49	11857.15
655.82	6736.06
656.14	8044.42
656.47	8786.37
656.79	12311.22
657.12	6876.49
657.44	6586.27
657.77	9121.07
658.09	7616.10
658.41	7136.29
658.74	8725.52
659.06	5584.52
659.39	7155.02
659.71	6380.30
660.03	7314.17
660.36	6836.70
660.68	10120.48
661.01	13708.52
661.33	11112.86
661.65	6377.96
661.98	14476.21
662.30	10946.69
662.63	7403.11
662.95	6967.77
663.27	6260.93
663.60	5694.52
663.92	7028.63
664.24	6951.39
664.57	5872.40
664.89	6291.36
665.21	6406.05
665.54	9760.03
665.86	7639.51
666.18	7707.38
666.51	10740.72
666.83	6635.42
667.15	15602.01
667.47	10225.80
667.80	8414.23
668.12	6237.53
668.44	7517.80
668.77	8894.04
669.09	10647.10
669.41	9287.25
669.73	5596.22
670.06	7342.26
670.38	6944.37
670.70	5568.13
671.02	8535.93
671.35	6647.12
671.67	10768.80
671.99	7054.37
672.31	10677.52
672.63	8140.38
672.96	11480.33
673.28	6574.56
673.60	7550.57
673.92	7447.58
674.24	6136.88
674.57	6218.80
674.89	10057.28
675.21	6951.39
675.53	9511.94
675.85	10349.85
676.17	10356.87
676.50	5975.39
676.82	10171.97
677.14	7698.02
677.46	15077.73
677.78	5497.92
678.10	9706.20
678.42	7447.58
678.75	6569.88
679.07	5944.96
679.39	7328.22
679.71	6679.89
680.03	6530.09
680.35	6473.92
680.67	6696.27
680.99	6267.95
681.31	5537.71
681.63	8439.97
681.96	10640.08
682.28	6490.31
682.60	5982.41
682.92	8833.18
683.24	5416.00
683.56	8922.12
683.88	6415.41
684.20	7042.67
684.52	6651.80
684.84	6464.56
685.16	6757.13
685.48	9373.85
685.80	7955.48
686.12	9039.15
686.44	12236.32
686.76	7152.68
687.08	5465.15
687.40	5954.32
687.72	9657.05
688.04	6902.24
688.36	15206.46
688.68	11332.87
689.00	8278.47
689.32	6885.86
689.64	6532.44
689.96	7108.21
690.28	10143.88
690.60	10684.55
690.92	6296.04
691.24	8879.99
691.56	6916.28
691.88	7157.36
692.19	5914.53
692.51	9619.60
692.83	8360.39
693.15	9315.33
693.47	8379.12
693.79	7559.93
694.11	9923.87
694.43	8222.30
694.75	7056.72
695.06	7543.55
695.38	10569.86
695.70	7623.12
696.02	7529.50
696.34	6810.96
696.66	6628.40
696.98	5301.31
697.29	7501.42
697.61	11709.70
697.93	10312.40
698.25	14541.75
698.57	8236.35
698.89	5544.73
699.20	6937.35
699.52	11552.88
699.84	5100.03
700.16	7166.72
700.48	11007.54
700.79	6083.05
701.11	12276.11
701.43	9577.47
701.75	6450.52
702.07	6913.94
702.38	12198.87
702.70	6382.64
703.02	6214.12
703.34	9060.21
703.65	7564.61
703.97	6799.26
704.29	5097.69
704.61	6005.81
704.92	9217.03
705.24	6920.96
705.56	9738.97
705.87	10396.66
706.19	7517.80
706.51	5369.19
706.82	10361.55
707.14	6289.02
707.46	5416.00
707.78	6171.99
708.09	8571.04
708.41	10153.24
708.73	7943.78
709.04	10724.33
709.36	6864.79
709.68	7438.22
709.99	13827.88
710.31	10817.96
710.62	7662.91
710.94	6794.58
711.26	8360.39
711.57	6803.94
711.89	5902.83
712.21	15817.34
712.52	7522.48
712.84	11077.76
713.15	7957.82
713.47	9394.91
713.79	5748.36
714.10	6380.30
714.42	6892.88
714.73	11204.14
715.05	5570.48
715.36	5956.66
715.68	6305.40
715.99	6930.33
716.31	9947.28
716.63	8915.10
716.94	9846.63
717.26	20329.89
717.57	9654.71
717.89	11988.22
718.20	6289.02
718.52	9025.11
718.83	7208.85
719.15	15342.21
719.46	14885.81
719.78	8121.66
720.09	7290.77
720.41	6331.15
720.72	5916.87
721.04	5951.98
721.35	7157.36
721.67	7157.36
721.98	6850.75
722.29	6696.27
722.61	6534.78
722.92	5139.82
723.24	7063.74
723.55	7822.07
723.87	7964.84
724.18	9195.96
724.50	5900.49
724.81	7386.73
725.12	7489.71
725.44	8603.81
725.75	7599.72
726.07	11012.22
726.38	8690.41
726.69	6963.09
727.01	9186.60
727.32	8968.93
727.63	6794.58
727.95	11293.08
728.26	6539.46
728.58	9116.39
728.89	6799.26
729.20	7419.50
729.52	6111.14
729.83	14178.97
730.14	8926.80
730.46	7506.10
730.77	10284.31
731.08	8992.34
731.39	6988.84
731.71	7569.29
732.02	9483.85
732.33	7480.35
732.65	6801.60
732.96	11243.93
733.27	9577.47
733.59	14794.53
733.90	10291.34
734.21	5991.77
734.52	7033.31
734.84	17734.24
735.15	6766.49
735.46	7211.19
735.77	7726.11
736.09	7538.87
736.40	11508.41
736.71	9357.46
737.02	5694.52
737.33	6827.34
737.65	6977.14
737.96	7707.38
738.27	8004.63
738.58	13858.31
738.89	9004.04
739.21	6635.42
739.52	5413.66
739.83	8849.57
740.14	6303.06
740.45	7606.74
740.76	6787.55
741.08	5900.49
741.39	7155.02
741.70	6696.27
742.01	8159.11
742.32	10487.94
742.63	8006.97
742.94	6354.55
743.26	8887.01
743.57	8393.16
743.88	9626.62
744.19	8297.20
744.50	7129.27
744.81	13165.51
745.12	7311.83
745.43	7426.52
745.74	15903.94
746.05	12915.08
746.36	5329.40
746.67	12720.81
746.99	7122.25
747.30	8908.08
747.61	6843.73
747.92	8025.70
748.23	10434.11
748.54	7124.59
748.85	7045.01
749.16	7763.56
749.47	6181.35
749.78	6796.92
750.09	6677.55
750.40	8271.45
750.71	7843.14
751.02	8774.67
751.33	7323.54
751.64	8559.34
751.95	7592.70
752.26	8973.61
752.57	9266.18
752.88	7000.54
753.19	7529.50
753.50	10918.60
753.81	7227.57
754.11	7559.93
754.42	17680.41
754.73	7777.60
755.04	8334.65
755.35	8156.77
755.66	14431.74
755.97	6146.25
756.28	6076.03
756.59	8938.51
756.90	18005.74
757.21	8505.51
757.52	11829.07
757.82	8559.34
758.13	6726.70
758.44	10305.38
758.75	9109.36
759.06	6595.63
759.37	6129.86
759.68	8505.51
759.98	6736.06
760.29	9022.77
760.60	7953.14
760.91	5650.05
761.22	7241.62
761.53	7868.88
761.83	6483.28
762.14	7775.26
762.45	6712.66
762.76	5790.49
763.07	8631.90
763.37	16889.31
763.68	11810.34
763.99	13685.11
764.30	12170.79
764.60	6724.36
764.91	10422.41
765.22	7779.94
765.53	13790.44
765.84	8278.47
766.14	7323.54
766.45	5558.77
766.76	11658.21
767.06	12472.71
767.37	7023.95
767.68	7520.14
767.99	7087.14
768.29	6780.53
768.60	7679.30
768.91	10487.94
769.21	13909.80
769.52	11489.69
769.83	7674.62
770.13	7660.57
770.44	7183.10
770.75	9451.08
771.05	7679.30
771.36	9114.05
771.67	7815.05
771.97	7080.12
772.28	7358.64
772.59	8035.06
772.89	9811.53
773.20	6689.25
773.51	6686.91
773.81	12210.57
774.12	6120.50
774.42	7473.33
774.73	6375.62
775.04	6527.75
775.34	22771.07
775.65	8856.59
775.95	13357.44
776.26	8643.60
776.56	6897.56
776.87	8760.63
777.18	65535.00
777.48	18518.32
777.79	7988.25
778.09	11632.46
778.40	7199.49
778.70	7033.31
779.01	11513.10
779.31	7805.69
779.62	7087.14
779.92	9528.32
780.23	9121.07
780.53	5841.98
780.84	7489.71
781.14	7005.22
781.45	6750.10
781.75	9799.82
782.06	6509.03
782.36	8465.72
782.67	6298.38
782.97	6546.48
783.28	13841.93
783.58	6892.88
783.89	6846.07
784.19	8870.63
784.49	13544.68
784.80	7400.77
785.10	13493.19
785.41	6284.34
785.71	9015.74
786.02	8730.20
786.32	14661.12
786.62	9692.16
786.93	11559.91
787.23	6902.24
787.54	7382.05
787.84	13006.36
788.14	8858.93
788.45	5593.88
788.75	6677.55
789.05	5973.05
789.36	7435.88
789.66	14644.73
789.96	9638.33
790.27	7581.00
790.57	7660.57
790.87	6443.49
791.18	6682.23
791.48	6473.92
791.78	8617.85
792.09	9210.01
792.39	6626.06
792.69	10087.71
793.00	9811.53
793.30	9418.32
793.60	5982.41
793.90	5626.65
794.21	8711.47
794.51	17682.75
794.81	11265.00
795.11	7744.83
795.42	6967.77
795.72	11955.46
796.02	9610.24
796.32	8727.86
796.63	8975.95
796.93	10792.21
797.23	9336.40
797.53	8308.90
797.84	10815.62
798.14	6614.35
798.44	8533.59
798.74	9195.96
799.04	8641.26
799.34	6106.46
799.65	16706.74
799.95	8093.57
800.25	7356.30
800.55	7070.76
800.85	8386.14
801.15	6511.37
801.46	7564.61
801.76	18616.62
802.06	7047.35
802.36	9633.64
802.66	6951.39
802.96	9589.17
803.26	11248.61
803.56	13593.83
803.87	16957.18
804.17	7508.44
804.47	10146.22
804.77	10920.94
805.07	10918.60
805.37	9973.02
805.67	9397.25
805.97	6979.48
806.27	7728.45
806.57	7122.25
806.87	12224.62
807.17	8430.61
807.47	11805.66
807.77	11421.81
808.07	7283.75
808.37	12189.51
808.67	8145.06
808.98	16123.95
809.28	7267.36
809.58	16718.45
809.88	10988.82
810.18	15164.33
810.47	7407.80
810.77	7571.63
811.07	9722.59
811.37	8767.65
811.67	6478.60
811.97	5586.86
812.27	6403.71
812.57	5715.59
812.87	6904.58
813.17	6518.39
813.47	6459.88
813.77	7014.59
814.07	6745.42
814.37	10190.69
814.67	6513.71
814.97	7492.05
815.27	6471.58
815.56	9109.36
815.86	11712.04
816.16	8308.90
816.46	6101.78
816.76	6560.52
817.06	10801.57
817.36	12631.87
817.66	7967.18
817.95	6267.95
818.25	8617.85
818.55	10401.34
818.85	9659.39
819.15	6888.20
819.45	13706.18
819.75	7545.89
820.04	7562.27
820.34	16575.67
820.64	10265.59
820.94	13226.37
821.24	7225.23
821.53	7222.89
821.83	6764.15
822.13	6127.52
822.43	7265.02
822.72	5968.37
823.02	6661.16
823.32	6296.04
823.62	8248.05
823.91	15510.73
824.21	5930.92
824.51	8791.05
824.81	7213.53
825.10	5853.68
825.40	9558.75
825.70	7882.92
826.00	13156.15
826.29	6782.87
826.59	8540.61
826.89	7066.08
827.18	6597.97
827.48	6621.38
827.78	6179.01
828.07	7903.99
828.37	9586.83
828.67	8416.57
828.96	8011.65
829.26	6612.01
829.56	11199.46
829.85	6775.85
830.15	8470.40
830.45	5907.51
830.74	12688.04
831.04	9635.99
831.34	10560.50
831.63	14094.71
831.93	10104.09
832.22	9687.48
832.52	7885.26
832.82	6017.52
833.11	6263.27
833.41	6326.47
833.70	6825.00
834.00	10675.18
834.29	8018.68
834.59	5849.00
834.89	8912.76
835.18	7267.36
835.48	13563.40
835.77	9399.59
836.07	9465.13
836.36	9242.78
836.66	10623.69
836.95	7470.99
837.25	6523.07
837.54	7524.82
837.84	6874.15
838.13	8121.66
838.43	6630.74
838.72	14066.62
839.02	11145.63
839.31	6457.54
839.61	10920.94
839.90	5802.19
840.20	7934.42
840.49	6113.48
840.78	8603.81
841.08	9413.63
841.37	7105.87
841.67	6052.63
841.96	9308.31
842.26	8269.11
842.55	5963.68
842.84	6270.30
843.14	10349.85
843.43	5966.03
843.73	7637.17
844.02	5984.75
844.31	7377.37
844.61	6984.16
844.90	8517.21
845.20	7981.23
845.49	5366.85
845.78	7159.70
846.08	6069.01
846.37	5195.99
846.66	8762.97
846.96	9322.35
847.25	8795.73
847.54	5881.77
847.84	9195.96
848.13	7375.03
848.42	10087.71
848.72	6600.31
849.01	9219.37
849.30	6738.40
849.59	6352.21
849.89	6609.67
850.18	12903.37
850.47	6267.95
850.76	16730.15
851.06	15002.83
851.35	8769.99
851.64	9902.81
851.93	8126.34
852.23	11002.86
852.52	7148.00
852.81	6871.81
853.10	6586.27
853.40	5605.58
853.69	5680.48
853.98	7489.71
854.27	10155.58
854.56	6956.07
854.86	8954.89
855.15	7939.10
855.44	8334.65
855.73	5533.03
856.02	6757.13
856.31	9919.19
856.61	8386.14
856.90	6977.14
857.19	6040.92
857.48	5781.12
857.77	6029.22
858.06	4985.34
858.35	5839.64
858.65	11634.80
858.94	9568.11
859.23	7286.09
859.52	9469.81
859.81	12451.65
860.10	6595.63
860.39	9406.61
860.68	7903.99
860.97	6221.14
861.26	6438.81
861.55	12484.42
861.85	7826.75
862.14	9284.91
862.43	9994.09
862.72	8056.12
863.01	5762.40
863.30	6803.94
863.59	7513.12
863.88	7293.11
864.17	7452.27
864.46	6352.21
864.75	15119.86
865.04	7962.50
865.33	5951.98
865.62	11316.49
865.91	6684.57
866.20	8999.36
866.49	6960.75
866.78	7227.57
867.07	6899.90
867.36	10366.23
867.65	10160.27
867.93	9245.12
868.22	7758.88
868.51	7201.83
868.80	7903.99
869.09	7262.68
869.38	6422.43
869.67	12835.50
869.96	12835.50
870.25	12835.50
