178.76	1696.89
179.14	1696.89
179.52	1696.89
179.90	1778.81
180.28	11030.94
180.66	6054.97
181.04	8236.35
181.42	7494.40
181.80	6434.13
182.18	10998.18
182.55	5870.06
182.93	7311.83
183.31	7133.95
183.69	7936.76
184.07	8238.69
184.45	7197.15
184.83	7215.87
185.21	6574.56
185.59	6717.34
185.97	16343.96
186.35	11988.22
186.72	6970.12
187.10	7459.29
187.48	11744.81
187.86	9048.51
188.24	6581.59
188.62	6235.19
189.00	10916.26
189.38	7840.79
189.75	7644.19
190.13	7833.77
190.51	6406.05
190.89	15192.42
191.27	21177.17
191.65	7035.65
192.03	7868.88
192.40	10066.64
192.78	7653.55
193.16	8737.22
193.54	12301.86
193.92	10897.53
194.30	6733.72
194.67	9666.41
195.05	8465.72
195.43	7407.80
195.81	7033.31
196.19	10525.39
196.56	7719.09
196.94	7318.86
197.32	11672.25
197.70	6616.69
198.08	8592.11
198.45	6558.18
198.83	7531.84
199.21	6759.47
199.59	12362.71
199.97	8131.02
200.34	6029.22
200.72	6871.81
201.10	14036.19
201.48	10171.97
201.85	6487.96
202.23	7028.63
202.61	6546.48
202.99	16212.89
203.36	6384.98
203.74	9167.88
204.12	7054.37
204.49	6499.67
204.87	8748.92
205.25	7112.89
205.63	5755.38
206.00	6450.52
206.38	7772.92
206.76	9586.83
207.14	6534.78
207.51	5846.66
207.89	10834.34
208.27	6377.96
208.64	5413.66
209.02	6616.69
209.40	6932.67
209.77	5727.29
210.15	15964.79
210.53	5886.45
210.90	11098.82
211.28	6258.59
211.66	11941.41
212.03	6705.63
212.41	5748.36
212.79	7115.23
213.16	5930.92
213.54	7611.42
213.92	7861.86
214.29	5661.76
214.67	6710.32
215.05	6792.23
215.42	9504.92
215.80	6782.87
216.17	6768.83
216.55	7742.49
216.93	5771.76
217.30	9163.20
217.68	6408.39
218.05	6785.21
218.43	6551.16
218.81	6881.18
219.18	11084.78
219.56	6698.61
219.93	6609.67
220.31	6539.46
220.69	5839.64
221.06	6270.30
221.44	7606.74
221.81	6443.49
222.19	5565.79
222.56	6216.46
222.94	6820.32
223.32	7620.78
223.69	6317.11
224.07	8922.12
224.44	12636.55
224.82	7742.49
225.19	8615.51
225.57	7382.05
225.94	6682.23
226.32	7293.11
226.69	12219.94
227.07	8620.19
227.44	6829.68
227.82	7892.29
228.19	6949.05
228.57	8891.70
228.94	11543.52
229.32	9497.89
229.69	8952.55
230.07	6766.49
230.44	6216.46
230.82	10848.38
231.19	9469.81
231.57	5652.39
231.94	5696.86
232.32	9191.28
232.69	6820.32
233.07	7513.12
233.44	8294.86
233.82	6965.43
234.19	7456.95
234.57	9951.96
234.94	6361.58
235.31	6640.10
235.69	7187.79
236.06	7499.08
236.44	8685.73
236.81	5860.70
237.19	7941.44
237.56	11698.00
237.93	6466.90
238.31	7709.72
238.68	7075.44
239.06	7571.63
239.43	8819.14
239.81	8205.92
240.18	6001.13
240.55	6356.90
240.93	12966.57
241.30	7651.21
241.67	7260.34
242.05	8676.37
242.42	9673.43
242.80	5928.58
243.17	7786.96
243.54	7747.17
243.92	9263.84
244.29	7150.34
244.66	7609.08
245.04	9975.36
245.41	16262.04
245.78	5991.77
246.16	6801.60
246.53	8870.63
246.90	7162.04
247.28	12800.39
247.65	6935.01
248.02	7021.61
248.40	9806.84
248.77	7548.23
249.14	8367.42
249.52	6993.52
249.89	8423.59
250.26	6277.32
250.64	7379.71
251.01	15405.41
251.38	5881.77
251.75	7456.95
252.13	6745.42
252.50	9027.45
252.87	13256.79
253.25	5947.30
253.62	7887.61
253.99	5827.93
254.36	9186.60
254.74	6597.97
255.11	6209.44
255.48	5640.69
255.85	13987.04
256.23	5666.44
256.60	5369.19
256.97	6850.75
257.34	8131.02
257.71	7609.08
258.09	6485.62
258.46	7817.39
258.83	11103.50
259.20	9755.35
259.58	7297.79
259.95	7148.00
260.32	9430.02
260.69	6050.28
261.06	10745.40
261.44	6183.70
261.81	13055.51
262.18	7749.51
262.55	6368.60
262.92	7330.56
263.29	6352.21
263.67	5734.31
264.04	6642.44
264.41	6817.98
264.78	6462.22
265.15	10331.12
265.52	12465.69
265.90	7452.27
266.27	6303.06
266.64	5811.55
267.01	5434.72
267.38	8009.31
267.75	6242.21
268.12	5231.10
268.50	7040.33
268.87	6202.42
269.24	6328.81
269.61	7541.21
269.98	8252.73
270.35	7847.82
270.72	6202.42
271.09	7028.63
271.46	6619.04
271.83	7793.98
272.21	9275.54
272.58	6118.16
272.95	6324.13
273.32	7239.28
273.69	7391.41
274.06	5561.11
274.43	6249.23
274.80	7105.87
275.17	7824.41
275.54	17436.99
275.91	7323.54
276.28	7321.20
276.65	7599.72
277.02	11159.67
277.39	6099.44
277.76	6157.95
278.13	8409.54
278.50	8894.04
278.87	10291.34
279.24	9053.19
279.61	8285.50
279.98	9682.80
280.35	6527.75
280.72	7552.91
281.09	6958.41
281.46	7393.75
281.83	6078.37
282.20	7974.21
282.57	6558.18
282.94	8077.19
283.31	6586.27
283.68	7922.71
284.05	5701.54
284.42	5210.03
284.79	7630.15
285.16	8510.19
285.53	7084.80
285.90	7267.36
286.27	14670.48
286.64	5549.41
287.01	6214.12
287.38	8397.84
287.75	59030.65
288.12	8531.25
288.49	16496.10
288.86	5987.09
289.23	5994.11
289.59	6083.05
289.96	5867.72
290.33	6298.38
290.70	6544.14
291.07	8273.79
291.44	7770.58
291.81	5940.28
292.18	7279.07
292.55	6602.65
292.91	12461.01
293.28	8287.84
293.65	10925.62
294.02	7723.77
294.39	5516.64
294.76	6827.34
295.13	7243.96
295.50	6995.86
295.86	7009.90
296.23	6317.11
296.60	5666.44
296.97	6352.21
297.34	6920.96
297.71	8973.61
298.07	7218.21
298.44	5315.36
298.81	7793.98
299.18	7379.71
299.55	10527.73
299.91	6775.85
300.28	7321.20
300.65	5486.22
301.02	7562.27
301.39	8074.85
301.75	13004.02
302.12	8035.06
302.49	7005.22
302.86	10476.24
303.23	7232.26
303.59	5703.89
303.96	17308.26
304.33	9589.17
304.70	14803.89
305.06	6534.78
305.43	10118.14
305.80	8308.90
306.17	8938.51
306.53	6335.83
306.90	9430.02
307.27	7180.76
307.64	10466.88
308.00	6450.52
308.37	6366.26
308.74	11793.96
309.11	8737.22
309.47	6223.48
309.84	5460.47
310.21	6972.46
310.57	7438.22
310.94	6612.01
311.31	7110.55
311.67	7782.28
312.04	5453.45
312.41	9816.21
312.77	8184.85
313.14	6155.61
313.51	6935.01
313.87	6530.09
314.24	6267.95
314.61	6115.82
314.97	6595.63
315.34	7185.44
315.71	5387.91
316.07	8978.30
316.44	5769.42
316.81	8561.68
317.17	6169.65
317.54	15367.96
317.91	6448.18
318.27	5408.98
318.64	6862.45
319.00	8671.68
319.37	5467.49
319.74	9207.67
320.10	9610.24
320.47	6640.10
320.83	10628.37
321.20	6902.24
321.57	5954.32
321.93	6436.47
322.30	7426.52
322.66	6260.93
323.03	8812.12
323.40	7838.45
323.76	6399.02
324.13	6420.09
324.49	5453.45
324.86	18558.11
325.22	7342.26
325.59	6951.39
325.95	7723.77
326.32	9451.08
326.68	9032.13
327.05	6953.73
327.42	6146.25
327.78	6438.81
328.15	9198.31
328.51	6263.27
328.88	8468.06
329.24	10977.11
329.61	7068.42
329.97	8627.21
330.34	6490.31
330.70	7428.86
331.07	10574.54
331.43	8484.44
331.80	13200.62
332.16	10221.12
332.52	6155.61
332.89	8177.83
333.25	5315.36
333.62	12294.83
333.98	7751.85
334.35	6848.41
334.71	7190.13
335.08	5809.21
335.44	11948.43
335.81	11836.09
336.17	10186.01
336.53	7000.54
336.90	5898.15
337.26	8334.65
337.63	9401.93
337.99	7529.50
338.36	5818.57
338.72	8854.25
339.08	7398.43
339.45	5816.23
339.81	9490.87
340.18	6815.64
340.54	10274.95
340.90	6186.04
341.27	6883.52
341.63	8365.07
341.99	5418.34
342.36	10289.00
342.72	5916.87
343.09	10361.55
343.45	6296.04
343.81	10644.76
344.18	5558.77
344.54	7000.54
344.90	7845.48
345.27	7199.49
345.63	6972.46
345.99	8772.33
346.36	7082.46
346.72	5849.00
347.08	5937.94
347.45	5509.62
347.81	9823.23
348.17	7611.42
348.54	5687.50
348.90	8933.82
349.26	9764.72
349.62	10675.18
349.99	5413.66
350.35	5177.26
350.71	7824.41
351.08	7005.22
351.44	5090.67
351.80	13390.20
352.16	11602.04
352.53	6122.84
352.89	8381.46
353.25	11023.92
353.61	6499.67
353.98	8587.43
354.34	10061.96
354.70	6480.94
355.06	5327.06
355.43	7173.74
355.79	6757.13
356.15	6656.48
356.51	5975.39
356.88	6003.47
357.24	6836.70
357.60	5621.97
357.96	5273.23
358.32	15225.18
358.69	5511.96
359.05	7950.80
359.41	7531.84
359.77	5877.09
360.13	6190.72
360.49	5977.73
360.86	8858.93
361.22	11089.46
361.58	7779.94
361.94	10956.05
362.30	5879.43
362.66	8344.01
363.03	5158.54
363.39	5277.91
363.75	6148.59
364.11	9907.49
364.47	6200.08
364.83	10501.98
365.19	7470.99
365.56	8898.72
365.92	5235.78
366.28	8634.24
366.64	9820.89
367.00	5404.30
367.36	5509.62
367.72	9832.59
368.08	9570.45
368.44	6565.20
368.80	8348.69
369.17	6539.46
369.53	6775.85
369.89	6050.28
370.25	5989.43
370.61	6169.65
370.97	10682.20
371.33	6408.39
371.69	12833.16
372.05	8294.86
372.41	5970.71
372.77	6415.41
373.13	7536.52
373.49	5097.69
373.85	8039.74
374.21	7630.15
374.57	5764.74
374.93	8512.53
375.29	9029.79
375.65	7564.61
376.01	7332.90
376.37	10246.87
376.73	8638.92
377.09	5631.33
377.45	9827.91
377.81	6869.47
378.17	5898.15
378.53	5191.31
378.89	8557.00
379.25	11056.69
379.61	14019.81
379.97	9242.78
380.33	6394.34
380.69	6223.48
381.05	5657.07
381.41	9231.07
381.77	7356.30
382.13	8428.27
382.49	14820.27
382.85	7253.32
383.21	8863.61
383.57	5369.19
383.93	10525.39
384.28	5235.78
384.64	6417.75
385.00	7475.67
385.36	7311.83
385.72	8999.36
386.08	6008.16
386.44	8875.31
386.80	8926.80
387.16	10703.27
387.52	9607.90
387.87	13724.90
388.23	7688.66
388.59	6244.55
388.95	5610.26
389.31	6780.53
389.67	6780.53
390.03	6303.06
390.38	6537.12
390.74	4983.00
391.10	9453.42
391.46	7431.20
391.82	5951.98
392.18	8283.16
392.54	5085.98
392.89	5762.40
393.25	8407.20
393.61	5799.85
393.97	5570.48
394.33	7735.47
394.68	6586.27
395.04	5474.51
395.40	7330.56
395.76	9200.65
396.12	7398.43
396.47	5710.91
396.83	7059.06
397.19	5582.18
397.55	5720.27
397.90	7164.38
398.26	7398.43
398.62	5619.63
398.98	4978.32
399.33	6682.23
399.69	24985.22
400.05	8306.56
400.41	5933.26
400.76	8753.60
401.12	10115.80
401.48	7840.79
401.84	5998.79
402.19	6282.00
402.55	7960.16
402.91	6960.75
403.26	5355.15
403.62	8388.48
403.98	7066.08
404.34	4758.31
404.69	6857.77
405.05	9092.98
405.41	14139.18
405.76	5879.43
406.12	5900.49
406.48	6843.73
406.83	6045.60
407.19	8283.16
407.55	7955.48
407.90	14125.13
408.26	8531.25
408.62	9170.22
408.97	7157.36
409.33	5504.94
409.68	5818.57
410.04	7665.25
410.40	5996.45
410.75	8042.08
411.11	5825.59
411.47	7630.15
411.82	6553.50
412.18	7255.66
412.53	6747.76
412.89	6214.12
413.25	6771.17
413.60	7187.79
413.96	5263.86
414.31	6310.08
414.67	7353.96
415.03	5371.53
415.38	5659.42
415.74	6387.32
416.09	6616.69
416.45	8631.90
416.80	5963.68
417.16	8416.57
417.51	6808.62
417.87	6291.36
418.23	7833.77
418.58	8105.28
418.94	4987.68
419.29	6111.14
419.65	7641.85
420.00	8772.33
420.36	8121.66
420.71	8149.75
421.07	5561.11
421.42	6977.14
421.78	9275.54
422.13	6675.21
422.49	5448.77
422.84	7337.58
423.20	5315.36
423.55	5687.50
423.91	5507.28
424.26	13825.54
424.61	8388.48
424.97	11360.96
425.32	5973.05
425.68	6612.01
426.03	7728.45
426.39	10108.77
426.74	9947.28
427.10	9476.83
427.45	6129.86
427.80	7522.48
428.16	6787.55
428.51	6839.05
428.87	7698.02
429.22	9404.27
429.58	10279.63
429.93	10132.18
430.28	6001.13
430.64	6106.46
430.99	5228.76
431.35	7674.62
431.70	6541.80
432.05	6883.52
432.41	8255.07
432.76	7784.62
433.11	8056.12
433.47	7751.85
433.82	10619.01
434.17	8140.38
434.53	7756.54
434.88	14057.26
435.24	7744.83
435.59	7286.09
435.94	5626.65
436.30	8182.51
436.65	6473.92
437.00	9275.54
437.35	16315.87
437.71	6490.31
438.06	6279.66
438.41	6076.03
438.77	7953.14
439.12	5322.38
439.47	4828.53
439.83	7644.19
440.18	5179.61
440.53	6525.41
440.88	12194.19
441.24	8514.87
441.59	5734.31
441.94	6424.77
442.30	8283.16
442.65	12437.61
443.00	6942.03
443.35	10303.04
443.71	6588.61
444.06	9399.59
444.41	7943.78
444.76	11492.03
445.11	7119.91
445.47	10256.23
445.82	8858.93
446.17	5837.30
446.52	10265.59
446.88	7302.47
447.23	5163.22
447.58	7941.44
447.93	6071.35
448.28	29074.13
448.63	10778.17
448.99	6820.32
449.34	8152.09
449.69	8795.73
450.04	6094.76
450.39	6115.82
450.74	7045.01
451.10	6815.64
451.45	7021.61
451.80	7618.44
452.15	10029.20
452.50	8107.62
452.85	9987.07
453.21	8961.91
453.56	7737.81
453.91	6658.82
454.26	7342.26
454.61	5795.17
454.96	8428.27
455.31	6717.34
455.66	6401.37
456.01	8053.78
456.36	6228.17
456.72	6059.65
457.07	7602.06
457.42	10303.04
457.77	8985.32
458.12	5792.83
458.47	7286.09
458.82	9841.95
459.17	6796.92
459.52	7386.73
459.87	11880.56
460.22	5722.61
460.57	7248.64
460.92	6115.82
461.27	8086.55
461.62	6747.76
461.97	5853.68
462.32	12149.72
462.67	10600.29
463.02	13645.32
463.38	13542.34
463.73	8699.77
464.08	12212.92
464.43	6382.64
464.78	5533.03
465.12	8121.66
465.47	8601.47
465.82	28474.96
466.17	6464.56
466.52	8695.09
466.87	6408.39
467.22	5870.06
467.57	5242.80
467.92	7779.94
468.27	10972.43
468.62	14773.46
468.97	6794.58
469.32	4800.44
469.67	15777.55
470.02	14026.83
470.37	6120.50
470.72	7503.76
471.07	5355.15
471.42	6658.82
471.76	6902.24
472.11	6665.85
472.46	8369.76
472.81	15075.39
473.16	5872.40
473.51	5980.07
473.86	5254.50
474.21	6602.65
474.56	6462.22
474.90	6289.02
475.25	9647.69
475.60	8779.35
475.95	6087.73
476.30	11012.22
476.65	10274.95
477.00	15143.27
477.34	11393.73
477.69	5483.88
478.04	9355.12
478.39	7279.07
478.74	5944.96
479.09	5240.46
479.43	6998.20
479.78	4851.93
480.13	12573.36
480.48	9982.38
480.83	7274.38
481.17	5500.26
481.52	7323.54
481.87	6593.29
482.22	11934.39
482.57	6607.33
482.91	9254.48
483.26	7918.03
483.61	6616.69
483.96	7419.50
484.30	65535.00
484.65	8524.23
485.00	5710.91
485.35	6693.93
485.69	5977.73
486.04	6654.14
486.39	7588.02
486.74	7599.72
487.08	5320.04
487.43	7967.18
487.78	4910.44
488.12	8290.18
488.47	6057.31
488.82	10501.98
489.17	5806.87
489.51	5224.08
489.86	8051.44
490.21	5231.10
490.55	7859.52
490.90	5320.04
491.25	6593.29
491.59	5507.28
491.94	12549.95
492.29	6366.26
492.63	6991.18
492.98	4767.67
493.33	7389.07
493.67	6352.21
494.02	5717.93
494.37	5467.49
494.71	8320.60
495.06	6167.31
495.40	10654.12
495.75	5987.09
496.10	10497.30
496.44	6965.43
496.79	8374.44
497.13	5750.70
497.48	14459.83
497.83	10043.24
498.17	8067.83
498.52	6197.74
498.86	8713.81
499.21	6558.18
499.56	5781.12
499.90	6487.96
500.25	5399.62
500.59	6913.94
500.94	7648.87
501.28	8791.05
501.63	9556.41
501.97	6487.96
502.32	5804.53
502.67	7894.63
503.01	5245.14
503.36	6188.38
503.70	6260.93
504.05	8362.73
504.39	9289.59
504.74	6789.89
505.08	10829.66
505.43	4793.42
505.77	5455.79
506.12	7459.29
506.46	6424.77
506.81	5795.17
507.15	5652.39
507.49	6455.20
507.84	5823.25
508.18	7688.66
508.53	7332.90
508.87	7260.34
509.22	6581.59
509.56	65535.00
509.91	19185.37
510.25	7075.44
510.60	5064.92
510.94	8915.10
511.28	4800.44
511.63	9383.21
511.97	7742.49
512.32	9041.49
512.66	5755.38
513.00	7077.78
513.35	9434.70
513.69	5778.78
514.04	8416.57
514.38	8748.92
514.72	7679.30
515.07	5809.21
515.41	5806.87
515.76	5942.62
516.10	7176.08
516.44	8732.54
516.79	6235.19
517.13	5394.93
517.47	9329.38
517.82	7335.24
518.16	6815.64
518.50	7426.52
518.85	7698.02
519.19	10186.01
519.53	13575.11
519.88	9018.08
520.22	6616.69
520.56	7005.22
520.91	5366.85
521.25	5577.50
521.59	6686.91
521.93	7873.56
522.28	6593.29
522.62	7712.07
522.96	9254.48
523.31	6644.78
523.65	7932.08
523.99	8629.56
524.33	11164.36
524.68	8056.12
525.02	5458.13
525.36	7721.43
525.70	5158.54
526.05	5959.00
526.39	5603.24
526.73	8418.91
527.07	7236.94
527.41	10675.18
527.76	5837.30
528.10	6637.76
528.44	7772.92
528.78	6761.81
529.12	8521.89
529.47	6544.14
529.81	9097.66
530.15	9284.91
530.49	8152.09
530.83	4978.32
531.18	5596.22
531.52	6572.22
531.86	5308.34
532.20	7035.65
532.54	9563.43
532.88	4887.04
533.22	6504.35
533.57	6036.24
533.91	9184.26
534.25	5373.87
534.59	10876.47
534.93	8617.85
535.27	5781.12
535.61	6583.93
535.95	11030.94
536.30	5210.03
536.64	6965.43
536.98	4662.35
537.32	6373.28
537.66	5090.67
538.00	8112.30
538.34	8259.75
538.68	8212.94
539.02	11660.55
539.36	6090.07
539.70	5289.61
540.04	6813.30
540.39	20215.21
540.73	5767.08
541.07	7068.42
541.41	7716.75
541.75	7878.24
542.09	9935.57
542.43	7721.43
542.77	7066.08
543.11	7637.17
543.45	7007.56
543.79	9570.45
544.13	6637.76
544.47	6544.14
544.81	5795.17
545.15	8102.93
545.49	6803.94
545.83	5671.12
546.17	6494.99
546.51	4823.84
546.85	6080.71
547.19	11103.50
547.53	5298.97
547.87	8542.96
548.21	12201.21
548.54	7204.17
548.88	6087.73
549.22	5942.62
549.56	5252.16
549.90	6064.33
550.24	6965.43
550.58	5746.02
550.92	9755.35
551.26	6214.12
551.60	10949.03
551.94	6438.81
552.28	6459.88
552.61	8301.88
552.95	6445.84
553.29	6118.16
553.63	7302.47
553.97	11288.40
554.31	9305.97
554.65	10284.31
554.99	10195.37
555.32	6321.79
555.66	8070.17
556.00	4847.25
556.34	6530.09
556.68	7309.49
557.02	9210.01
557.36	7272.04
557.69	6904.58
558.03	6033.90
558.37	12559.31
558.71	14618.99
559.05	10457.51
559.38	11641.82
559.72	5650.05
560.06	8772.33
560.40	8285.50
560.74	9659.39
561.07	8046.76
561.41	8912.76
561.75	7899.31
562.09	6120.50
562.42	9057.87
562.76	8163.79
563.10	7140.97
563.44	24776.91
563.77	7700.36
564.11	8149.75
564.45	9963.66
564.79	8201.24
565.12	7180.76
565.46	7592.70
565.80	7705.04
566.14	7613.76
566.47	9387.89
566.81	5825.59
567.15	7389.07
567.48	7913.35
567.82	8395.50
568.16	7705.04
568.49	5867.72
568.83	5572.82
569.17	6883.52
569.50	7901.65
569.84	10633.05
570.18	7775.26
570.51	11265.00
570.85	6883.52
571.19	6532.44
571.52	5944.96
571.86	7475.67
572.20	6429.45
572.53	10726.68
572.87	6029.22
573.21	5628.99
573.54	5467.49
573.88	7559.93
574.21	7349.28
574.55	6752.45
574.89	6363.92
575.22	8882.33
575.56	6122.84
575.89	6242.21
576.23	6616.69
576.57	7854.84
576.90	5996.45
577.24	7309.49
577.57	5575.16
577.91	7620.78
578.24	5184.29
578.58	6937.35
578.91	8219.96
579.25	5856.02
579.59	7089.48
579.92	6810.96
580.26	5334.08
580.59	7927.39
580.93	7634.83
581.26	6485.62
581.60	8032.72
581.93	8510.19
582.27	11094.14
582.60	5687.50
582.94	7470.99
583.27	5610.26
583.61	6846.07
583.94	7360.98
584.28	5233.44
584.61	6574.56
584.94	8255.07
585.28	8039.74
585.61	8690.41
585.95	8545.30
586.28	11499.05
586.62	13294.24
586.95	6881.18
587.29	12093.55
587.62	15606.69
587.95	5540.05
588.29	7557.59
588.62	8372.10
588.96	9217.03
589.29	6279.66
589.62	6193.06
589.96	6626.06
590.29	6171.99
590.63	5355.15
590.96	8730.20
591.29	8997.02
591.63	9764.72
591.96	5526.00
592.29	6420.09
592.63	6249.23
592.96	7632.49
593.30	11892.26
593.63	7721.43
593.96	5795.17
594.30	6445.84
594.63	7796.32
594.96	11742.47
595.30	7054.37
595.63	6335.83
595.96	6038.58
596.29	7892.29
596.63	6466.90
596.96	8786.37
597.29	8116.98
597.63	5259.18
597.96	10193.03
598.29	9699.18
598.63	9549.39
598.96	5966.03
599.29	6361.58
599.62	6015.18
599.96	6120.50
600.29	6920.96
600.62	5802.19
600.95	6347.53
601.29	6918.62
601.62	7503.76
601.95	6986.50
602.28	6019.86
602.61	20561.61
602.95	7389.07
603.28	12058.44
603.61	5998.79
603.94	9504.92
604.27	5867.72
604.61	8484.44
604.94	7950.80
605.27	7452.27
605.60	5769.42
605.93	5996.45
606.27	9238.09
606.60	5933.26
606.93	5408.98
607.26	11166.70
607.59	7016.93
607.92	9764.72
608.26	6061.99
608.59	6085.39
608.92	6647.12
609.25	5579.84
609.58	7857.18
609.91	8393.16
610.24	13877.04
610.57	8091.23
610.90	9518.96
611.24	5263.86
611.57	5275.57
611.90	9013.40
612.23	6780.53
612.56	8805.10
612.89	8662.32
613.22	8973.61
613.55	5284.93
613.88	9547.05
614.21	5860.70
614.54	7903.99
614.87	5795.17
615.20	4816.82
615.53	9895.78
615.87	6195.40
616.20	7258.00
616.53	10370.91
616.86	7087.14
617.19	8189.53
617.52	6010.50
617.85	6443.49
618.18	5776.44
618.51	6649.46
618.84	8571.04
619.17	6789.89
619.50	10796.89
619.83	10300.70
620.16	8367.42
620.49	6249.23
620.82	14317.06
621.14	10820.30
621.47	7655.89
621.80	9853.66
622.13	7503.76
622.46	14939.64
622.79	8528.91
623.12	5500.26
623.45	9263.84
623.78	8664.66
624.11	5818.57
624.44	7740.15
624.77	5659.42
625.10	5954.32
625.43	5659.42
625.75	7433.54
626.08	6005.81
626.41	5870.06
626.74	7155.02
627.07	6511.37
627.40	11999.93
627.73	6539.46
628.06	5881.77
628.38	4842.57
628.71	8791.05
629.04	10059.62
629.37	8669.34
629.70	7510.78
630.03	5961.34
630.36	9898.13
630.68	9071.92
631.01	6298.38
631.34	11040.31
631.67	6310.08
632.00	4973.64
632.32	8994.68
632.65	10092.39
632.98	7552.91
633.31	7150.34
633.64	9097.66
633.96	5851.34
634.29	10890.51
634.62	7307.15
634.95	7709.72
635.27	7485.03
635.60	8582.74
635.93	7843.14
636.26	7812.71
636.58	6534.78
636.91	6216.46
637.24	6094.76
637.57	7517.80
637.89	8238.69
638.22	6406.05
638.55	7379.71
638.87	7585.68
639.20	8648.28
639.53	7974.21
639.86	6190.72
640.18	5680.48
640.51	7398.43
640.84	7868.88
641.16	5537.71
641.49	7524.82
641.82	5626.65
642.14	5820.91
642.47	14104.07
642.80	6927.99
643.12	9418.32
643.45	6874.15
643.78	7307.15
644.10	6277.32
644.43	7178.42
644.75	10178.99
645.08	5198.33
645.41	8116.98
645.73	5888.79
646.06	15110.50
646.39	9069.58
646.71	6242.21
647.04	6031.56
647.36	5104.71
647.69	8723.18
648.01	7494.40
648.34	6066.67
648.67	9799.82
648.99	10399.00
649.32	5926.24
649.64	5317.70
649.97	4720.86
650.29	5425.36
650.62	14815.59
650.94	7290.77
651.27	11176.06
651.59	6906.92
651.92	6127.52
652.25	8018.68
652.57	5799.85
652.90	5870.06
653.22	7611.42
653.55	7700.36
653.87	5050.88
654.20	7368.01
654.52	11325.85
654.84	6696.27
655.17	8243.37
655.49	11309.47
655.82	6490.31
656.14	7686.32
656.47	8587.43
656.79	11585.65
657.12	6569.88
657.44	6476.26
657.77	8863.61
658.09	7543.55
658.41	6909.26
658.74	8678.71
659.06	5430.04
659.39	6890.54
659.71	6310.08
660.03	7140.97
660.36	6532.44
660.68	9944.94
661.01	13563.40
661.33	10712.63
661.65	6207.10
661.98	13795.12
662.30	10558.16
662.63	7119.91
662.95	6565.20
663.27	6120.50
663.60	5570.48
663.92	6923.30
664.24	6661.16
664.57	5989.43
664.89	6169.65
665.21	6321.79
665.54	9591.52
665.86	7325.88
666.18	7616.10
666.51	10347.51
666.83	6452.86
667.15	15199.44
667.47	9619.60
667.80	8397.84
668.12	6050.28
668.44	7272.04
668.77	8631.90
669.09	10513.69
669.41	9004.04
669.73	5315.36
670.06	7054.37
670.38	6761.81
670.70	5165.56
671.02	8318.26
671.35	6403.71
671.67	10537.09
671.99	6822.66
672.31	10106.43
672.63	7929.74
672.96	11213.51
673.28	6492.65
673.60	7503.76
673.92	7325.88
674.24	5994.11
674.57	6164.97
674.89	9736.63
675.21	6885.86
675.53	9259.16
675.85	10132.18
676.17	10298.36
676.50	5806.87
676.82	9975.36
677.14	7506.10
677.46	14743.03
677.78	5404.30
678.10	9514.28
678.42	7049.69
678.75	6441.15
679.07	5748.36
679.39	7140.97
679.71	6485.62
680.03	6499.67
680.35	6462.22
680.67	6523.07
680.99	6085.39
681.31	5444.09
681.63	8063.15
681.96	10221.12
682.28	6464.56
682.60	5755.38
682.92	8444.65
683.24	5324.72
683.56	8716.16
683.88	6118.16
684.20	6801.60
684.52	6345.19
684.84	6352.21
685.16	6775.85
685.48	9029.79
685.80	7948.46
686.12	8463.38
686.44	11875.88
686.76	6951.39
687.08	5420.68
687.40	5746.02
687.72	9252.14
688.04	6675.21
688.36	14721.97
688.68	11044.99
689.00	7981.23
689.32	6677.55
689.64	6476.26
689.96	7007.56
690.28	9708.54
690.60	10274.95
690.92	6307.74
691.24	8482.10
691.56	6717.34
691.88	6920.96
692.19	5870.06
692.51	9287.25
692.83	8255.07
693.15	8917.44
693.47	8081.87
693.79	7375.03
694.11	9767.06
694.43	7976.55
694.75	6970.12
695.06	7342.26
695.38	10157.92
695.70	7346.94
696.02	7393.75
696.34	6576.91
696.66	6443.49
696.98	5179.61
697.29	7321.20
697.61	11281.38
697.93	10073.67
698.25	13877.04
698.57	8044.42
698.89	5530.69
699.20	6677.55
699.52	10951.37
699.84	5146.84
700.16	7159.70
700.48	10672.84
700.79	5872.40
701.11	11791.62
701.43	9231.07
701.75	6235.19
702.07	6761.81
702.38	12023.33
702.70	6291.36
703.02	6148.59
703.34	8826.16
703.65	7421.84
703.97	6832.02
704.29	4931.51
704.61	5916.87
704.92	8968.93
705.24	6778.19
705.56	9493.21
705.87	10003.45
706.19	7370.35
706.51	6944.37
706.82	10057.28
707.14	6120.50
707.46	5294.29
707.78	6008.16
708.09	8472.74
708.41	9748.33
708.73	7527.16
709.04	10312.40
709.36	6609.67
709.68	7314.17
709.99	13385.52
710.31	10520.71
710.62	7344.60
710.94	6752.45
711.26	8016.33
711.57	6651.80
711.89	5818.57
712.21	15293.06
712.52	7370.35
712.84	10661.14
713.15	7817.39
713.47	9338.74
713.79	5631.33
714.10	6345.19
714.42	6815.64
714.73	10970.09
715.05	5481.53
715.36	5818.57
715.68	6099.44
715.99	6832.02
716.31	9568.11
716.63	8528.91
716.94	9736.63
717.26	20049.03
717.57	9273.20
717.89	11578.63
718.20	6054.97
718.52	9551.73
718.83	7045.01
719.15	14768.78
719.46	14356.85
719.78	7836.11
720.09	7066.08
720.41	6127.52
720.72	5617.29
721.04	5874.74
721.35	7094.16
721.67	7030.97
721.98	6927.99
722.29	6476.26
722.61	6253.91
722.92	5130.45
723.24	6916.28
723.55	7487.37
723.87	7840.79
724.18	8975.95
724.50	5689.84
724.81	7110.55
725.12	7349.28
725.44	8308.90
725.75	7508.44
726.07	10597.95
726.38	8458.70
726.69	6850.75
727.01	8828.50
727.32	8830.84
727.63	6733.72
727.95	10981.79
728.26	6487.96
728.58	9139.79
728.89	6494.99
729.20	7145.66
729.52	5900.49
729.83	13642.98
730.14	8587.43
730.46	7138.63
730.77	10118.14
731.08	8652.96
731.39	6827.34
731.71	7463.97
732.02	9348.10
732.33	7396.09
732.65	6794.58
732.96	11068.39
733.27	9392.57
733.59	14637.71
733.90	9785.78
734.21	5827.93
734.52	6897.56
734.84	17153.79
735.15	6562.86
735.46	6949.05
735.77	7382.05
736.09	7199.49
736.40	11059.03
736.71	9210.01
737.02	5647.71
737.33	6801.60
737.65	6878.83
737.96	7426.52
738.27	7906.33
738.58	13451.06
738.89	8683.39
739.21	6506.69
739.52	5212.37
739.83	8767.65
740.14	6244.55
740.45	7405.46
740.76	6518.39
741.08	5912.19
741.39	6871.81
741.70	6555.84
742.01	7740.15
742.32	10277.29
742.63	7859.52
742.94	6143.91
743.26	8578.06
743.57	8135.70
743.88	9455.76
744.19	8074.85
744.50	6883.52
744.81	12781.67
745.12	7155.02
745.43	7145.66
745.74	15555.20
746.05	13001.68
746.36	5245.14
746.67	12360.37
746.99	7005.22
747.30	8561.68
747.61	6586.27
747.92	7712.07
748.23	10094.73
748.54	6902.24
748.85	6890.54
749.16	7559.93
749.47	6118.16
749.78	6710.32
750.09	6457.54
750.40	8161.45
750.71	7920.37
751.02	8617.85
751.33	7133.95
751.64	8266.77
751.95	7279.07
752.26	8849.57
752.57	8870.63
752.88	6888.20
753.19	7332.90
753.50	10583.90
753.81	7290.77
754.11	7325.88
754.42	17146.76
754.73	7609.08
755.04	8056.12
755.35	7953.14
755.66	13870.01
755.97	5949.64
756.28	5912.19
756.59	8599.13
756.90	17479.12
757.21	8107.62
757.52	11370.32
757.82	8116.98
758.13	6642.44
758.44	10122.82
758.75	8746.58
759.06	6459.88
759.37	5923.90
759.68	8145.06
759.98	6583.93
760.29	8681.05
760.60	7801.01
760.91	5593.88
761.22	7117.57
761.53	7669.94
761.83	6246.89
762.14	7529.50
762.45	6600.31
762.76	5722.61
763.07	8521.89
763.37	16255.02
763.68	11541.18
763.99	13095.30
764.30	11985.88
764.60	6480.94
764.91	10080.69
765.22	7691.00
765.53	13490.85
765.84	7992.93
766.14	7159.70
766.45	5533.03
766.76	11515.44
767.06	12112.27
767.37	6965.43
767.68	7531.84
767.99	6986.50
768.29	6630.74
768.60	7382.05
768.91	10225.80
769.21	13266.16
769.52	11030.94
769.83	7304.81
770.13	7517.80
770.44	7009.90
770.75	9200.65
771.05	7604.40
771.36	8966.59
771.67	7669.94
771.97	7045.01
772.28	7199.49
772.59	8016.33
772.89	9465.13
773.20	6509.03
773.51	6380.30
773.81	11985.88
774.12	5975.39
774.42	7412.48
774.73	6157.95
775.04	6338.17
775.34	21553.99
775.65	8606.15
775.95	12760.60
776.26	8065.49
776.56	6696.27
776.87	8493.80
777.18	65055.19
777.48	12767.62
777.79	7817.39
778.09	11208.83
778.40	6897.56
778.70	6810.96
779.01	10836.68
779.31	7782.28
779.62	6925.65
779.92	9100.00
780.23	8795.73
780.53	5729.63
780.84	7389.07
781.14	6656.48
781.45	6523.07
781.75	9483.85
782.06	6307.74
782.36	8226.98
782.67	6115.82
782.97	6408.39
783.28	13502.55
783.58	6787.55
783.89	6750.10
784.19	8638.92
784.49	12807.41
784.80	7187.79
785.10	12968.91
785.41	6157.95
785.71	8823.82
786.02	8451.67
786.32	14258.54
786.62	9387.89
786.93	12044.40
787.23	6754.79
787.54	6984.16
787.84	12664.64
788.14	8533.59
788.45	5448.77
788.75	6614.35
789.05	5937.94
789.36	7311.83
789.66	14127.47
789.96	9406.61
790.27	7536.52
790.57	7515.46
790.87	6195.40
791.18	6434.13
791.48	6202.42
791.78	8498.49
792.09	8945.53
792.39	6497.33
792.69	9753.01
793.00	8552.32
793.30	8875.31
793.60	5898.15
793.90	5455.79
794.21	8458.70
794.51	17451.03
794.81	10890.51
795.11	7660.57
795.42	6637.76
795.72	11492.03
796.02	9364.48
796.32	8348.69
796.63	8498.49
796.93	10225.80
797.23	9263.84
797.53	8081.87
797.84	10429.43
798.14	6516.05
798.44	8315.92
798.74	8636.58
799.04	8329.97
799.34	6003.47
799.65	16386.09
799.95	7932.08
800.25	7119.91
800.55	6815.64
800.85	8058.46
801.15	6509.03
801.46	7300.13
801.76	17961.27
802.06	6686.91
802.36	9441.72
802.66	7052.03
802.96	9441.72
803.26	10860.09
803.56	13343.39
803.87	16730.15
804.17	7281.41
804.47	9858.34
804.77	10614.33
805.07	10665.82
805.37	9556.41
805.67	9291.93
805.97	7248.64
806.27	7522.48
806.57	6803.94
806.87	11782.26
807.17	8135.70
807.47	11513.10
807.77	10995.84
808.07	6801.60
808.37	11655.87
808.67	7932.08
808.98	15756.49
809.28	7054.37
809.58	16182.46
809.88	10595.61
810.18	14672.82
810.47	7225.23
810.77	7288.43
811.07	9371.50
811.37	8571.04
811.67	6345.19
811.97	5397.28
812.27	6197.74
812.57	5572.82
812.87	6778.19
813.17	6581.59
813.47	6333.49
813.77	6897.56
814.07	6752.45
814.37	10141.54
814.67	6476.26
814.97	7410.14
815.27	6352.21
815.56	8741.90
815.86	11428.84
816.16	8074.85
816.46	6033.90
816.76	6530.09
817.06	10485.60
817.36	12264.41
817.66	7545.89
817.95	6310.08
818.25	8266.77
818.55	9977.70
818.85	9472.15
819.15	6841.39
819.45	13104.66
819.75	7454.61
820.04	7456.95
820.34	16042.03
820.64	10017.49
820.94	12690.38
821.24	7108.21
821.53	7176.08
821.83	6679.89
822.13	6003.47
822.43	7012.24
822.72	5713.25
823.02	6553.50
823.32	6047.94
823.62	8077.19
823.91	14902.19
824.21	5923.90
824.51	8503.17
824.81	6902.24
825.10	5837.30
825.40	9385.55
825.70	7681.64
826.00	12575.70
826.29	6794.58
826.59	8407.20
826.89	7087.14
827.18	6319.45
827.48	6462.22
827.78	6080.71
828.07	7552.91
828.37	9486.19
828.67	8325.29
828.96	7768.24
829.26	6324.13
829.56	10738.38
829.85	6668.19
830.15	8292.52
830.45	5827.93
830.74	12362.71
831.04	9500.23
831.34	10249.21
831.63	13771.71
831.93	9881.74
832.22	9516.62
832.52	7588.02
832.82	6010.50
833.11	6045.60
833.41	6253.91
833.70	6792.23
834.00	10410.70
834.29	7983.57
834.59	5631.33
834.89	8456.36
835.18	7129.27
835.48	13015.72
835.77	9029.79
836.07	9221.71
836.36	9125.75
836.66	10354.53
836.95	7403.11
837.25	6445.84
837.54	7585.68
837.84	6675.21
838.13	7918.03
838.43	6422.43
838.72	13734.26
839.02	10707.95
839.31	6317.11
839.61	10785.19
839.90	5633.67
840.20	7730.79
840.49	5987.09
840.78	8365.07
841.08	9092.98
841.37	6909.26
841.67	5898.15
841.96	8982.98
842.26	7981.23
842.55	5877.09
842.84	6157.95
843.14	10015.15
843.43	5799.85
843.73	7536.52
844.02	5804.53
844.31	7269.70
844.61	6768.83
844.90	8360.39
845.20	7660.57
845.49	5488.56
845.78	6773.51
846.08	6097.10
846.37	5048.54
846.66	8475.08
846.96	9088.30
847.25	8482.10
847.54	5633.67
847.84	8929.14
848.13	7272.04
848.42	9966.00
848.72	6270.30
849.01	8936.17
849.30	6525.41
849.59	6244.55
849.89	6394.34
850.18	12297.17
850.47	6146.25
850.76	16245.66
851.06	14513.66
851.35	8456.36
851.64	9778.76
851.93	7967.18
852.23	10839.02
852.52	6967.77
852.81	6677.55
853.10	6324.13
853.40	5474.51
853.69	5495.58
853.98	7356.30
854.27	9898.13
854.56	6586.27
854.86	8856.59
855.15	7772.92
855.44	8098.25
855.73	5455.79
856.02	6558.18
856.31	9743.65
856.61	8339.33
856.90	6813.30
857.19	5767.08
857.48	5659.42
857.77	5930.92
858.06	5041.51
858.35	5589.20
858.65	11438.20
858.94	9301.29
859.23	7227.57
859.52	10298.36
859.81	11971.84
860.10	6450.52
860.39	8968.93
860.68	7768.24
860.97	6129.86
861.26	6342.85
861.55	12182.49
861.85	7749.51
862.14	8973.61
862.43	9516.62
862.72	7831.43
863.01	5657.07
863.30	6619.04
863.59	7269.70
863.88	7133.95
864.17	7368.01
864.46	6335.83
864.75	14499.62
865.04	7751.85
865.33	6031.56
865.62	10675.18
865.91	6427.11
866.20	8940.85
866.49	6883.52
866.78	6939.69
867.07	6799.26
867.36	10106.43
867.65	10043.24
867.93	8910.42
868.22	7492.05
868.51	7192.47
868.80	7691.00
869.09	7133.95
869.38	6314.77
869.67	12477.40
869.96	12477.40
870.25	12477.40
