178.76	1935.62
179.14	1935.62
179.52	1935.62
179.90	1860.73
180.28	9687.48
180.66	8575.72
181.04	8575.72
181.42	6787.55
181.80	5762.40
182.18	9816.21
182.55	5474.51
182.93	6752.45
183.31	6630.74
183.69	7129.27
184.07	7447.58
184.45	6478.60
184.83	6574.56
185.21	6101.78
185.59	6263.27
185.97	14286.63
186.35	10684.55
186.72	6382.64
187.10	6712.66
187.48	10370.91
187.86	8283.16
188.24	6181.35
188.62	5776.44
189.00	9509.60
189.38	7157.36
189.75	7176.08
190.13	7346.94
190.51	5980.07
190.89	13111.68
191.27	18663.43
191.65	6670.53
192.03	7068.42
192.40	9226.39
192.78	7002.88
193.16	7906.33
193.54	10832.00
193.92	9617.26
194.30	6300.72
194.67	8769.99
195.05	7634.83
195.43	6686.91
195.81	6420.09
196.19	9495.55
196.56	7115.23
196.94	6876.49
197.32	10366.23
197.70	6258.59
198.08	7805.69
198.45	6349.87
198.83	6890.54
199.21	6143.91
199.59	10925.62
199.97	7592.70
200.34	5614.95
200.72	6237.53
201.10	12355.69
201.48	9097.66
201.85	6073.69
202.23	6375.62
202.61	6045.60
202.99	14132.15
203.36	6127.52
203.74	8135.70
204.12	6939.69
204.49	5987.09
204.87	7967.18
205.25	6703.29
205.63	5600.90
206.00	5905.17
206.38	7293.11
206.76	8615.51
207.14	6157.95
207.51	5446.43
207.89	9680.46
208.27	5966.03
208.64	5156.20
209.02	6141.57
209.40	6483.28
209.77	5376.21
210.15	13853.63
210.53	5481.53
210.90	10207.08
211.28	5860.70
211.66	10857.75
212.03	6202.42
212.41	5481.53
212.79	6593.29
213.16	5619.63
213.54	7105.87
213.92	7213.53
214.29	5163.22
214.67	6153.27
215.05	6312.42
215.42	8315.92
215.80	6267.95
216.17	6197.74
216.55	7159.70
216.93	5516.64
217.30	8100.59
217.68	5874.74
218.05	6167.31
218.43	6127.52
218.81	6265.61
219.18	9954.30
219.56	6211.78
219.93	5973.05
220.31	6015.18
220.69	5474.51
221.06	5717.93
221.44	6979.48
221.81	5802.19
222.19	5378.55
222.56	5734.31
222.94	6291.36
223.32	6979.48
223.69	5893.47
224.07	7953.14
224.44	8922.12
224.82	6953.73
225.19	7625.47
225.57	6965.43
225.94	6272.64
226.32	6747.76
226.69	10902.22
227.07	10817.96
227.44	6232.85
227.82	7126.93
228.19	6403.71
228.57	7840.79
228.94	10448.15
229.32	8683.39
229.69	8156.77
230.07	6181.35
230.44	5748.36
230.82	9795.14
231.19	8533.59
231.57	5348.12
231.94	5394.93
232.32	13404.25
232.69	6766.49
233.07	6881.18
233.44	6265.61
233.82	6331.15
234.19	6867.13
234.57	9071.92
234.94	5895.81
235.31	6232.85
235.69	6499.67
236.06	6801.60
236.44	7880.58
236.81	5570.48
237.19	7236.94
237.56	10408.36
237.93	5921.56
238.31	7105.87
238.68	6279.66
239.06	6939.69
239.43	8112.30
239.81	7396.09
240.18	5610.26
240.55	5738.99
240.93	11325.85
241.30	7040.33
241.67	6654.14
242.05	7908.67
242.42	8498.49
242.80	5598.56
243.17	7187.79
243.54	6918.62
243.92	8500.83
244.29	6516.05
244.66	6995.86
245.04	9109.36
245.41	14153.22
245.78	5582.18
246.16	6176.67
246.53	7997.61
246.90	6621.38
247.28	11735.45
247.65	6354.55
248.02	6520.73
248.40	8868.29
248.77	6860.11
249.14	7625.47
249.52	6422.43
249.89	7672.28
250.26	5984.75
250.64	6876.49
251.01	13645.32
251.38	5563.45
251.75	6764.15
252.13	6134.54
252.50	8187.19
252.87	11880.56
253.25	5600.90
253.62	7166.72
253.99	5376.21
254.36	8374.44
254.74	6186.04
255.11	5760.06
255.48	5270.89
255.85	12645.91
256.23	5406.64
256.60	5022.79
256.97	6349.87
257.34	7454.61
257.71	7040.33
258.09	6394.34
258.46	7026.29
258.83	10164.95
259.20	8549.98
259.58	6424.77
259.95	6705.63
260.32	8430.61
260.69	5584.52
261.06	9687.48
261.44	5984.75
261.81	11686.29
262.18	7208.85
262.55	5987.09
262.92	6703.29
263.29	6012.84
263.67	5521.32
264.04	5947.30
264.41	6370.94
264.78	5942.62
265.15	9275.54
265.52	11061.37
265.90	6729.04
266.27	5926.24
266.64	5462.81
267.01	5163.22
267.38	7377.37
267.75	5631.33
268.12	4968.96
268.50	6483.28
268.87	5940.28
269.24	5474.51
269.61	7063.74
269.98	7625.47
270.35	7288.43
270.72	5556.43
271.09	6319.45
271.46	6038.58
271.83	7199.49
272.21	8238.69
272.58	5434.72
272.95	5750.70
273.32	6494.99
273.69	6509.03
274.06	5085.98
274.43	5781.12
274.80	6630.74
275.17	7293.11
275.54	15562.22
275.91	6789.89
276.28	6693.93
276.65	6944.37
277.02	9682.80
277.39	5778.78
277.76	5685.16
278.13	7538.87
278.50	7742.49
278.87	9336.40
279.24	8152.09
279.61	7515.46
279.98	10015.15
280.35	5966.03
280.72	6626.06
281.09	6469.24
281.46	6511.37
281.83	5575.16
282.20	7136.29
282.57	6010.50
282.94	7258.00
283.31	6010.50
283.68	7101.19
284.05	5282.59
284.42	5132.79
284.79	6981.82
285.16	7566.95
285.53	6544.14
285.90	6672.87
286.27	12922.10
286.64	5027.47
287.01	5694.52
287.38	7487.37
287.75	54679.60
288.12	7880.58
288.49	14331.10
288.86	5376.21
289.23	5500.26
289.59	5640.69
289.96	5467.49
290.33	5785.80
290.70	6064.33
291.07	7503.76
291.44	7030.97
291.81	5530.69
292.18	6668.19
292.55	6160.29
292.91	11187.76
293.28	7463.97
293.65	9474.49
294.02	6958.41
294.39	5160.88
294.76	6471.58
295.13	6719.68
295.50	6223.48
295.86	6354.55
296.23	5980.07
296.60	5320.04
296.97	5893.47
297.34	6431.79
297.71	7939.10
298.07	6562.86
298.44	4997.04
298.81	7171.40
299.18	6775.85
299.55	9252.14
299.91	6377.96
300.28	8926.80
300.65	4964.28
301.02	6895.22
301.39	7248.64
301.75	11695.66
302.12	7302.47
302.49	6377.96
302.86	9418.32
303.23	6597.97
303.59	5446.43
303.96	14930.28
304.33	8540.61
304.70	12786.35
305.06	6150.93
305.43	9123.41
305.80	7583.34
306.17	7946.12
306.53	5865.38
306.90	8512.53
307.27	6623.72
307.64	9097.66
308.00	5926.24
308.37	6085.39
308.74	10413.04
309.11	8037.40
309.47	5762.40
309.84	5151.52
310.21	6354.55
310.57	6640.10
310.94	6113.48
311.31	6567.54
311.67	7056.72
312.04	5200.67
312.41	8489.12
312.77	7211.19
313.14	5809.21
313.51	6249.23
313.87	6015.18
314.24	5837.30
314.61	5844.32
314.97	5991.77
315.34	6562.86
315.71	5111.73
316.07	8182.51
316.44	5362.17
316.81	7889.95
317.17	5671.12
317.54	13394.89
317.91	5900.49
318.27	5008.75
318.64	6155.61
319.00	7854.84
319.37	5093.01
319.74	8255.07
320.10	8320.60
320.47	5973.05
320.83	9565.77
321.20	6312.42
321.57	5476.85
321.93	5921.56
322.30	6761.81
322.66	5706.23
323.03	7796.32
323.40	7187.79
323.76	6019.86
324.13	5966.03
324.49	5004.07
324.86	16519.50
325.22	6511.37
325.59	6349.87
325.95	7056.72
326.32	8355.71
326.68	8135.70
327.05	6347.53
327.42	5554.09
327.78	5860.70
328.15	8861.27
328.51	5984.75
328.88	6602.65
329.24	9930.89
329.61	6612.01
329.97	7667.60
330.34	5731.97
330.70	6710.32
331.07	9399.59
331.43	7768.24
331.80	11569.27
332.16	9069.58
332.52	5804.53
332.89	7300.13
333.25	5041.51
333.62	10724.33
333.98	7302.47
334.35	5685.16
334.71	6506.69
335.08	5387.91
335.44	10396.66
335.81	10572.20
336.17	8957.23
336.53	6480.94
336.90	5551.75
337.26	7555.25
337.63	12135.68
337.99	7087.14
338.36	5437.06
338.72	8058.46
339.08	6696.27
339.45	5268.55
339.81	8306.56
340.18	6164.97
340.54	9460.45
340.90	5788.14
341.27	6319.45
341.63	7534.18
341.99	4891.72
342.36	9235.75
342.72	5380.89
343.09	9341.08
343.45	5902.83
343.81	9540.02
344.18	5186.63
344.54	6305.40
344.90	7133.95
345.27	6679.89
345.63	6359.24
345.99	7932.08
346.36	6782.87
346.72	5390.25
347.08	5476.85
347.45	5067.26
347.81	8648.28
348.17	6792.23
348.54	5233.44
348.90	7866.54
349.26	8470.40
349.62	9502.58
349.99	4985.34
350.35	4884.70
350.71	7183.10
351.08	6450.52
351.44	4851.93
351.80	11885.24
352.16	10078.35
352.53	5544.73
352.89	7407.80
353.25	9865.36
353.61	6024.54
353.98	7686.32
354.34	8840.20
354.70	5895.81
355.06	5392.59
355.43	6548.82
355.79	6012.84
356.15	6036.24
356.51	5467.49
356.88	5521.32
357.24	6141.57
357.60	5132.79
357.96	4919.81
358.32	13886.40
358.69	5027.47
359.05	7225.23
359.41	6897.56
359.77	5771.76
360.13	5624.31
360.49	5544.73
360.86	7915.69
361.22	9914.51
361.58	6820.32
361.94	9671.09
362.30	5296.63
362.66	7658.23
363.03	4851.93
363.39	4901.08
363.75	5549.41
364.11	8889.35
364.47	5736.65
364.83	9387.89
365.19	6857.77
365.56	7873.56
365.92	5064.92
366.28	7808.03
366.64	8744.24
367.00	5841.98
367.36	5137.48
367.72	8648.28
368.08	8990.00
368.44	5923.90
368.80	7445.24
369.17	5930.92
369.53	6239.87
369.89	5596.22
370.25	5556.43
370.61	5689.84
370.97	9371.50
371.33	5851.34
371.69	11136.27
372.05	7522.48
372.41	5317.70
372.77	5909.85
373.13	6892.88
373.49	4788.74
373.85	7148.00
374.21	6616.69
374.57	5273.23
374.93	7744.83
375.29	8102.93
375.65	6923.30
376.01	6572.22
376.37	8943.19
376.73	7655.89
377.09	5359.83
377.45	8791.05
377.81	6298.38
378.17	5516.64
378.53	4737.24
378.89	7616.10
379.25	9734.29
379.61	12489.10
379.97	8423.59
380.33	5919.21
380.69	5678.14
381.05	5322.38
381.41	8039.74
381.77	6576.91
382.13	7712.07
382.49	13092.96
382.85	6670.53
383.21	7808.03
383.57	4807.46
383.93	9231.07
384.28	4704.48
384.64	5888.79
385.00	6803.94
385.36	6516.05
385.72	8222.30
386.08	5509.62
386.44	7819.73
386.80	8023.36
387.16	10904.56
387.52	8503.17
387.87	11974.18
388.23	7262.68
388.59	5643.03
388.95	5046.20
389.31	6307.74
389.67	6022.20
390.03	5767.08
390.38	5944.96
390.74	4674.05
391.10	8243.37
391.46	6817.98
391.82	5315.36
392.18	7431.20
392.54	4650.64
392.89	5210.03
393.25	7403.11
393.61	5298.97
393.97	5121.09
394.33	7021.61
394.68	6347.53
395.04	5055.56
395.40	6471.58
395.76	8091.23
396.12	6930.33
396.47	5352.81
396.83	6106.46
397.19	5085.98
397.55	5352.81
397.90	6499.67
398.26	6539.46
398.62	5132.79
398.98	4557.02
399.33	6188.38
399.69	21652.30
400.05	7386.73
400.41	5380.89
400.76	7798.66
401.12	8868.29
401.48	6970.12
401.84	5483.88
402.19	5790.49
402.55	6977.14
402.91	6387.32
403.26	4858.95
403.62	7358.64
403.98	6384.98
404.34	4482.13
404.69	6349.87
405.05	8091.23
405.41	12322.92
405.76	5404.30
406.12	5444.09
406.48	6232.85
406.83	5624.31
407.19	7655.89
407.55	7094.16
407.90	12428.24
408.26	7606.74
408.62	8290.18
408.97	6319.45
409.33	5111.73
409.68	5284.93
410.04	6970.12
410.40	5603.24
410.75	7300.13
411.11	5437.06
411.47	6759.47
411.82	6057.31
412.18	6623.72
412.53	6029.22
412.89	5692.18
413.25	6420.09
413.60	6509.03
413.96	4873.00
414.31	5886.45
414.67	6663.51
415.03	4858.95
415.38	5329.40
415.74	5973.05
416.09	5935.60
416.45	7573.97
416.80	5455.79
417.16	7796.32
417.51	6181.35
417.87	5877.09
418.23	6935.01
418.58	7339.92
418.94	4596.81
419.29	5577.50
419.65	7035.65
420.00	7770.58
420.36	7033.31
420.71	7370.35
421.07	5195.99
421.42	6553.50
421.78	8170.81
422.13	6022.20
422.49	5942.62
422.84	6672.87
423.20	4837.89
423.55	5107.05
423.91	5207.69
424.26	12198.87
424.61	7400.77
424.97	9994.09
425.32	5542.39
425.68	5975.39
426.03	6986.50
426.39	9221.71
426.74	8851.91
427.10	8381.46
427.45	5558.77
427.80	6949.05
428.16	6157.95
428.51	6230.51
428.87	6958.41
429.22	8538.27
429.58	9153.84
429.93	8931.48
430.28	5612.60
430.64	5563.45
430.99	4912.78
431.35	6787.55
431.70	5998.79
432.05	6043.26
432.41	7220.55
432.76	7054.37
433.11	7239.28
433.47	6998.20
433.82	9413.63
434.17	7164.38
434.53	7981.23
434.88	12304.20
435.24	6773.51
435.59	6745.42
435.94	5137.48
436.30	7405.46
436.65	6022.20
437.00	8664.66
437.35	14155.56
437.71	6197.74
438.06	6008.16
438.41	5633.67
438.77	7391.41
439.12	4968.96
439.47	4454.04
439.83	6937.35
440.18	4915.12
440.53	5907.51
440.88	10583.90
441.24	7831.43
441.59	5179.61
441.94	5788.14
442.30	7407.80
442.65	11042.65
443.00	6370.94
443.35	9149.15
443.71	6167.31
444.06	8339.33
444.41	7138.63
444.76	10026.86
445.11	6555.84
445.47	9062.55
445.82	8145.06
446.17	5359.83
446.52	9153.84
446.88	6555.84
447.23	4861.29
447.58	7140.97
447.93	5537.71
448.28	25610.14
448.63	10071.33
448.99	6279.66
449.34	7658.23
449.69	7915.69
450.04	5734.31
450.39	5706.23
450.74	6164.97
451.10	6274.98
451.45	6843.73
451.80	6890.54
452.15	8917.44
452.50	7269.70
452.85	9032.13
453.21	8058.46
453.56	7033.31
453.91	6155.61
454.26	6595.63
454.61	5401.96
454.96	7428.86
455.31	6200.08
455.66	5865.38
456.01	7185.44
456.36	5769.42
456.72	5467.49
457.07	6916.28
457.42	9184.26
457.77	8116.98
458.12	5380.89
458.47	6546.48
458.82	8786.37
459.17	6485.62
459.52	6569.88
459.87	31105.72
460.22	5577.50
460.57	6436.47
460.92	5617.29
461.27	7260.34
461.62	6029.22
461.97	5458.13
462.32	10719.65
462.67	9345.76
463.02	11950.78
463.38	12177.81
463.73	7932.08
464.08	11723.74
464.43	6869.47
464.78	5130.45
465.12	7377.37
465.47	7595.04
465.82	26197.62
466.17	5944.96
466.52	7786.96
466.87	5731.97
467.22	5465.15
467.57	4926.83
467.92	7005.22
468.27	9689.82
468.62	12917.42
468.97	6235.19
469.32	4912.78
469.67	13502.55
470.02	12636.55
470.37	5664.10
470.72	6803.94
471.07	5069.60
471.42	6040.92
471.76	6080.71
472.11	6190.72
472.46	7779.94
472.81	13088.28
473.16	6204.76
473.51	5533.03
473.86	4842.57
474.21	6120.50
474.56	5844.32
474.90	5584.52
475.25	8676.37
475.60	7754.19
475.95	5575.16
476.30	9996.43
476.65	9137.45
477.00	13064.87
477.34	9930.89
477.69	5191.31
478.04	8177.83
478.39	6663.51
478.74	5327.06
479.09	4671.71
479.43	18256.18
479.78	4873.00
480.13	11403.09
480.48	8957.23
480.83	6532.44
481.17	4964.28
481.52	6974.80
481.87	6040.92
482.22	10289.00
482.57	5996.45
482.91	8175.49
483.26	7136.29
483.61	5769.42
483.96	6799.26
484.30	57567.82
484.65	5628.99
485.00	5217.05
485.35	6073.69
485.69	5357.49
486.04	5947.30
486.39	7028.63
486.74	6794.58
487.08	4891.72
487.43	7028.63
487.78	4692.77
488.12	7709.72
488.47	6001.13
488.82	9324.69
489.17	5425.36
489.51	4688.09
489.86	7096.50
490.21	4847.25
490.55	6967.77
490.90	4961.94
491.25	5668.78
491.59	5123.43
491.94	11131.59
492.29	5722.61
492.63	6415.41
492.98	4423.61
493.33	6509.03
493.67	5516.64
494.02	5067.26
494.37	5137.48
494.71	7372.69
495.06	5582.18
495.40	9415.98
495.75	5488.56
496.10	9104.68
496.44	7246.30
496.79	7529.50
497.13	5256.84
497.48	12453.99
497.83	9165.54
498.17	7524.82
498.52	5114.07
498.86	7892.29
499.21	6705.63
499.56	5460.47
499.90	5949.64
500.25	4730.22
500.59	6289.02
500.94	6902.24
501.28	7754.19
501.63	8458.70
501.97	5764.74
502.32	5387.91
502.67	7061.40
503.01	4833.21
503.36	5715.59
503.70	5724.95
504.05	7400.77
504.39	8100.59
504.74	6087.73
505.08	9540.02
505.43	4456.38
505.77	5064.92
506.12	6443.49
506.46	5928.58
506.81	5362.17
507.15	5310.68
507.49	5699.20
507.84	5310.68
508.18	7000.54
508.53	6464.56
508.87	6406.05
509.22	6094.76
509.56	65535.00
509.91	17867.65
510.25	6445.84
510.60	4528.94
510.94	9121.07
511.28	4629.58
511.63	8486.78
511.97	6960.75
512.32	8102.93
512.66	5380.89
513.00	6469.24
513.35	8435.29
513.69	5252.16
514.04	7358.64
514.38	7850.16
514.72	6911.60
515.07	5408.98
515.41	5240.46
515.76	5277.91
516.10	7049.69
516.44	7903.99
516.79	5593.88
517.13	4971.30
517.47	8243.37
517.82	6635.42
518.16	7276.73
518.50	6539.46
518.85	6743.08
519.19	9006.38
519.53	11641.82
519.88	8091.23
520.22	6029.22
520.56	6289.02
520.91	4922.15
521.25	5144.50
521.59	6125.18
521.93	7056.72
522.28	6010.50
522.62	6267.95
522.96	8276.13
523.31	5895.81
523.65	6932.67
523.99	7496.74
524.33	10120.48
524.68	7314.17
525.02	4929.17
525.36	6927.99
525.70	4727.88
526.05	5488.56
526.39	5165.56
526.73	7442.90
527.07	6602.65
527.41	9467.47
527.76	5348.12
528.10	6150.93
528.44	6757.13
528.78	6129.86
529.12	7590.36
529.47	5937.94
529.81	8170.81
530.15	8374.44
530.49	7363.33
530.83	4667.03
531.18	5123.43
531.52	5987.09
531.86	4854.27
532.20	6389.66
532.54	8585.08
532.88	4561.70
533.22	5888.79
533.57	5490.90
533.91	9441.72
534.25	5076.62
534.59	9607.90
534.93	7627.81
535.27	5420.68
535.61	5991.77
535.95	9668.75
536.30	7384.39
536.64	6239.87
536.98	4257.43
537.32	5797.51
537.66	4709.16
538.00	7166.72
538.34	7396.09
538.68	7391.41
539.02	10235.16
539.36	5591.54
539.70	4938.53
540.04	6747.76
540.39	17109.32
540.73	5371.53
541.07	6504.35
541.41	6839.05
541.75	6778.19
542.09	9001.70
542.43	6993.52
542.77	6253.91
543.11	6740.74
543.45	6574.56
543.79	8383.80
544.13	5933.26
544.47	5900.49
544.81	6420.09
545.15	7440.56
545.49	6076.03
545.83	5261.52
546.17	5886.45
546.51	4498.51
546.85	5664.10
547.19	9692.16
547.53	4828.53
547.87	7691.00
548.21	10410.70
548.54	6565.20
548.88	5469.83
549.22	5556.43
549.56	4961.94
549.90	5511.96
550.24	6200.08
550.58	5212.37
550.92	8678.71
551.26	5708.57
551.60	9600.88
551.94	5788.14
552.28	5682.82
552.61	7314.17
552.95	7461.63
553.29	5556.43
553.63	6368.60
553.97	9799.82
554.31	8175.49
554.65	9088.30
554.99	9100.00
555.32	5783.46
555.66	7293.11
556.00	4444.68
556.34	6043.26
556.68	6654.14
557.02	8219.96
557.36	6682.23
557.69	6118.16
558.03	5650.05
558.37	11108.18
558.71	12814.43
559.05	8940.85
559.38	9998.77
559.72	5434.72
560.06	7803.35
560.40	7321.20
560.74	8667.00
561.07	7229.91
561.41	7943.78
561.75	7148.00
562.09	8695.09
562.42	8159.11
562.76	7412.48
563.10	6464.56
563.44	20938.43
563.77	6937.35
564.11	7288.43
564.45	8730.20
564.79	7171.40
565.12	6356.90
565.46	6710.32
565.80	6984.16
566.14	6815.64
566.47	8320.60
566.81	5305.99
567.15	6693.93
567.48	7178.42
567.82	7267.36
568.16	6422.43
568.49	5425.36
568.83	5043.85
569.17	6328.81
569.50	7037.99
569.84	9458.10
570.18	7087.14
570.51	9989.41
570.85	6162.63
571.19	6005.81
571.52	5488.56
571.86	8184.85
572.20	5909.85
572.53	9593.86
572.87	5439.40
573.21	5207.69
573.54	5151.52
573.88	7117.57
574.21	6623.72
574.55	6340.51
574.89	6143.91
575.22	8011.65
575.56	5685.16
575.89	5607.92
576.23	6260.93
576.57	7108.21
576.90	5514.30
577.24	6766.49
577.57	5132.79
577.91	6979.48
578.24	4917.47
578.58	6317.11
578.91	7461.63
579.25	5488.56
579.59	6502.01
579.92	6111.14
580.26	5177.26
580.59	7286.09
580.93	7019.27
581.26	5860.70
581.60	7101.19
581.93	7566.95
582.27	9635.99
582.60	5167.90
582.94	6743.08
583.27	5121.09
583.61	5937.94
583.94	6677.55
584.28	4739.58
584.61	6022.20
584.94	7417.16
585.28	7225.23
585.61	8264.43
585.95	7524.82
586.28	10211.76
586.62	11517.78
586.95	6516.05
587.29	10518.37
587.62	8716.16
587.95	5125.77
588.29	6743.08
588.62	7510.78
588.96	8299.54
589.29	5774.10
589.62	5720.27
589.96	6036.24
590.29	5722.61
590.63	4868.31
590.96	7789.30
591.29	7885.26
591.63	8725.52
591.96	5198.33
592.29	5928.58
592.63	5652.39
592.96	7019.27
593.30	10286.65
593.63	6977.14
593.96	5362.17
594.30	5818.57
594.63	7087.14
594.96	11122.23
595.30	6429.45
595.63	5921.56
595.96	5561.11
596.29	7033.31
596.63	5895.81
596.96	7789.30
597.29	7143.32
597.63	4940.87
597.96	9102.34
598.29	8748.92
598.63	8475.08
598.96	5423.02
599.29	5851.34
599.62	8344.01
599.96	5771.76
600.29	6045.60
600.62	5259.18
600.95	5689.84
601.29	6087.73
601.62	6843.73
601.95	6366.26
602.28	5453.45
602.61	39732.93
602.95	6588.61
603.28	10609.65
603.61	5521.32
603.94	8369.76
604.27	5207.69
604.61	7639.51
604.94	7295.45
605.27	6853.09
605.60	5268.55
605.93	5699.20
606.27	8091.23
606.60	5324.72
606.93	5001.72
607.26	9778.76
607.59	6445.84
607.92	8676.37
608.26	6113.48
608.59	5577.50
608.92	6174.33
609.25	5088.32
609.58	6988.84
609.91	7538.87
610.24	11988.22
610.57	7400.77
610.90	8795.73
611.24	4910.44
611.57	4889.38
611.90	7915.69
612.23	6665.85
612.56	8060.80
612.89	7719.09
613.22	7796.32
613.55	4980.66
613.88	8400.18
614.21	5240.46
614.54	7016.93
614.87	5364.51
615.20	4510.21
615.53	8910.42
615.87	5514.30
616.20	6459.88
616.53	9060.21
616.86	6422.43
617.19	7344.60
617.52	5703.89
617.85	5956.66
618.18	5378.55
618.51	5928.58
618.84	7559.93
619.17	6097.10
619.50	9565.77
619.83	9408.95
620.16	7604.40
620.49	5678.14
620.82	12463.35
621.14	9404.27
621.47	6874.15
621.80	8657.64
622.13	6703.29
622.46	12837.84
622.79	7705.04
623.12	5104.71
623.45	8168.47
623.78	7735.47
624.11	5310.68
624.44	6841.39
624.77	5399.62
625.10	5542.39
625.43	5198.33
625.75	6771.17
626.08	5575.16
626.41	5303.65
626.74	9125.75
627.07	6036.24
627.40	10787.53
627.73	5851.34
628.06	5289.61
628.38	4414.25
628.71	7859.52
629.04	8779.35
629.37	8582.74
629.70	6743.08
630.03	5481.53
630.36	8819.14
630.68	7887.61
631.01	5748.36
631.34	9589.17
631.67	5720.27
632.00	4734.90
632.32	7995.27
632.65	8854.25
632.98	6916.28
633.31	6466.90
633.64	8140.38
633.96	5446.43
634.29	9493.21
634.62	6511.37
634.95	7007.56
635.27	6792.23
635.60	7868.88
635.93	7019.27
636.26	7063.74
636.58	5729.63
636.91	5659.42
637.24	5570.48
637.57	6698.61
637.89	7447.58
638.22	5811.55
638.55	6834.36
638.87	6935.01
639.20	7775.26
639.53	7433.54
639.86	5659.42
640.18	5217.05
640.51	6604.99
640.84	7030.97
641.16	5179.61
641.49	7241.62
641.82	5142.16
642.14	5214.71
642.47	12327.60
642.80	6190.72
643.12	8425.93
643.45	6359.24
643.78	6457.54
644.10	5579.84
644.43	6401.37
644.75	9060.21
645.08	4898.74
645.41	7400.77
645.73	5296.63
646.06	13462.76
646.39	8116.98
646.71	5675.80
647.04	5289.61
647.36	4798.10
647.69	7515.46
648.01	6513.71
648.34	5619.63
648.67	8587.43
648.99	9156.18
649.32	5514.30
649.64	5027.47
649.97	4627.24
650.29	5020.45
650.62	12720.81
650.94	6588.61
651.27	9701.52
651.59	6335.83
651.92	4720.86
652.25	9221.71
652.57	5298.97
652.90	5441.75
653.22	6722.02
653.55	7000.54
653.87	4613.20
654.20	6499.67
654.52	10024.51
654.84	6120.50
655.17	7410.14
655.49	9909.83
655.82	5951.98
656.14	6942.03
656.47	9755.35
656.79	10326.44
657.12	6113.48
657.44	5776.44
657.77	7859.52
658.09	6719.68
658.41	6171.99
658.74	7641.85
659.06	5015.77
659.39	6179.01
659.71	5650.05
660.03	6406.05
660.36	5966.03
660.68	8823.82
661.01	11878.22
661.33	9437.04
661.65	5722.61
661.98	12145.04
662.30	9451.08
662.63	6590.95
662.95	6059.65
663.27	5628.99
663.60	5006.41
663.92	6258.59
664.24	6148.59
664.57	5385.57
664.89	5614.95
665.21	5762.40
665.54	8397.84
665.86	6483.28
666.18	6920.96
666.51	8997.02
666.83	5743.67
667.15	13170.19
667.47	8613.17
667.80	7379.71
668.12	5605.58
668.44	6703.29
668.77	7681.64
669.09	9060.21
669.41	7992.93
669.73	4999.38
670.06	6443.49
670.38	5996.45
670.70	4910.44
671.02	7250.98
671.35	5980.07
671.67	9350.44
671.99	6113.48
672.31	8997.02
672.63	7030.97
672.96	9802.16
673.28	5753.04
673.60	6565.20
673.92	6555.84
674.24	5474.51
674.57	5582.18
674.89	8805.10
675.21	6069.01
675.53	8362.73
675.85	8982.98
676.17	8990.00
676.50	5490.90
676.82	8957.23
677.14	6766.49
677.46	12751.24
677.78	5015.77
678.10	8205.92
678.42	6272.64
678.75	5795.17
679.07	5174.92
679.39	6539.46
679.71	5959.00
680.03	5853.68
680.35	5867.72
680.67	5907.51
680.99	5607.92
681.31	5373.87
681.63	7267.36
681.96	9001.70
682.28	5914.53
682.60	6546.48
682.92	7669.94
683.24	5310.68
683.56	7681.64
683.88	5626.65
684.20	6167.31
684.52	5951.98
684.84	5675.80
685.16	6244.55
685.48	7866.54
685.80	6876.49
686.12	7648.87
686.44	10286.65
686.76	6289.02
687.08	4931.51
687.40	5448.77
687.72	8283.16
688.04	5598.56
688.36	12896.35
688.68	9811.53
689.00	7290.77
689.32	6146.25
689.64	5760.06
689.96	6221.14
690.28	8620.19
690.60	9123.41
690.92	5636.01
691.24	7571.63
691.56	6057.31
691.88	6216.46
692.19	5387.91
692.51	8264.43
692.83	7204.17
693.15	7997.61
693.47	7197.15
693.79	6806.28
694.11	8505.51
694.43	7953.14
694.75	6359.24
695.06	6970.12
695.38	9181.92
695.70	6661.16
696.02	6623.72
696.34	5966.03
696.66	5935.60
696.98	4746.61
697.29	6356.90
697.61	9937.91
697.93	8816.80
698.25	35241.45
698.57	7590.36
698.89	5085.98
699.20	6282.00
699.52	9610.24
699.84	4622.56
700.16	9825.57
700.48	9495.55
700.79	5371.53
701.11	10518.37
701.43	8435.29
701.75	5944.96
702.07	6490.31
702.38	10532.41
702.70	5715.59
703.02	5423.02
703.34	7833.77
703.65	6775.85
703.97	6373.28
704.29	4830.87
704.61	5287.27
704.92	8224.64
705.24	6150.93
705.56	8491.46
705.87	8835.52
706.19	6684.57
706.51	6113.48
706.82	8844.88
707.14	5558.77
707.46	4882.36
707.78	5432.38
708.09	7604.40
708.41	8585.08
708.73	7045.01
709.04	8898.72
709.36	5966.03
709.68	6420.09
709.99	11761.19
710.31	9170.22
710.62	6703.29
710.94	6054.97
711.26	7335.24
711.57	6153.27
711.89	5298.97
712.21	13408.93
712.52	6642.44
712.84	9455.76
713.15	6902.24
713.47	8315.92
713.79	5273.23
714.10	5753.04
714.42	6260.93
714.73	9781.10
715.05	5109.39
715.36	5287.27
715.68	5696.86
715.99	6183.70
716.31	8631.90
716.63	7630.15
716.94	8318.26
717.26	17465.08
717.57	8645.94
717.89	10061.96
718.20	5591.54
718.52	8510.19
718.83	6464.56
719.15	13027.42
719.46	12456.33
719.78	7033.31
720.09	6527.75
720.41	5603.24
720.72	5261.52
721.04	5331.74
721.35	6242.21
721.67	6279.66
721.98	6197.74
722.29	5863.04
722.61	5720.27
722.92	4877.68
723.24	6258.59
723.55	6803.94
723.87	7155.02
724.18	7852.50
724.50	5287.27
724.81	6431.79
725.12	6595.63
725.44	7412.48
725.75	6862.45
726.07	9479.17
726.38	7571.63
726.69	6239.87
727.01	7887.61
727.32	7847.82
727.63	5926.24
727.95	9769.40
728.26	5767.08
728.58	8234.00
728.89	5989.43
729.20	6588.61
729.52	5444.09
729.83	12079.50
730.14	7728.45
730.46	6736.06
730.77	8968.93
731.08	7723.77
731.39	6462.22
731.71	6609.67
732.02	8145.06
732.33	6640.10
732.65	6143.91
732.96	9645.35
733.27	8418.91
733.59	12786.35
733.90	8727.86
734.21	5408.98
734.52	5933.26
734.84	15009.86
735.15	6113.48
735.46	6307.74
735.77	6843.73
736.09	6604.99
736.40	9804.50
736.71	8217.62
737.02	5158.54
737.33	5975.39
737.65	6403.71
737.96	6616.69
738.27	6932.67
738.58	11948.43
738.89	7922.71
739.21	5891.13
739.52	4849.59
739.83	7714.41
740.14	5638.35
740.45	6663.51
740.76	5891.13
741.08	5249.82
741.39	6349.87
741.70	6003.47
742.01	7166.72
742.32	9074.26
742.63	7030.97
742.94	5746.02
743.26	7674.62
743.57	7353.96
743.88	8358.05
744.19	7080.12
744.50	6361.58
744.81	11117.54
745.12	6445.84
745.43	6516.05
745.74	13834.91
746.05	10246.87
746.36	4933.85
746.67	10888.17
746.99	6190.72
747.30	7784.62
747.61	6066.67
747.92	7169.06
748.23	9200.65
748.54	6171.99
748.85	6375.62
749.16	6864.79
749.47	5589.20
749.78	5991.77
750.09	6438.81
750.40	7337.58
750.71	6986.50
751.02	7777.60
751.33	6490.31
751.64	7470.99
751.95	6782.87
752.26	7693.34
752.57	8042.08
752.88	6349.87
753.19	6546.48
753.50	10331.12
753.81	6352.21
754.11	6588.61
754.42	14888.15
754.73	7253.32
755.04	7274.38
755.35	7087.14
755.66	12437.61
755.97	5418.34
756.28	5467.49
756.59	7791.64
756.90	15014.54
757.21	7569.29
757.52	10017.49
757.82	7566.95
758.13	6045.60
758.44	8856.59
758.75	7845.48
759.06	5886.45
759.37	5394.93
759.68	7522.48
759.98	5914.53
760.29	7880.58
760.60	7082.46
760.91	5540.05
761.22	6614.35
761.53	6927.99
761.83	5753.04
762.14	6993.52
762.45	5916.87
762.76	5238.12
763.07	7566.95
763.37	14235.14
763.68	10029.20
763.99	11634.80
764.30	10420.06
764.60	6008.16
764.91	9081.28
765.22	6958.41
765.53	12067.80
765.84	7201.83
766.14	6469.24
766.45	5212.37
766.76	10113.45
767.06	10726.68
767.37	6181.35
767.68	6892.88
767.99	6300.72
768.29	5942.62
768.60	6825.00
768.91	9060.21
769.21	11939.07
769.52	10047.92
769.83	6562.86
770.13	6719.68
770.44	6352.21
770.75	8067.83
771.05	6925.65
771.36	8021.02
771.67	6932.67
771.97	6478.60
772.28	6586.27
772.59	7002.88
772.89	8678.71
773.20	5865.38
773.51	5872.40
773.81	10565.18
774.12	5680.48
774.42	6640.10
774.73	5575.16
775.04	5708.57
775.34	18789.82
775.65	7625.47
775.95	11063.71
776.26	8622.53
776.56	6211.78
776.87	7683.98
777.18	56018.38
777.48	11145.63
777.79	6920.96
778.09	9633.64
778.40	6235.19
778.70	6277.32
779.01	9652.37
779.31	7009.90
779.62	6321.79
779.92	8091.23
780.23	7892.29
780.53	5268.55
780.84	6581.59
781.14	6031.56
781.45	5863.04
781.75	8924.46
782.06	5645.37
782.36	7370.35
782.67	5535.37
782.97	5853.68
783.28	11705.02
783.58	6059.65
783.89	6045.60
784.19	7707.38
784.49	11325.85
784.80	6523.07
785.10	11456.92
785.41	5790.49
785.71	7679.30
786.02	7634.83
786.32	12699.75
786.62	8341.67
786.93	10480.92
787.23	6101.78
787.54	6366.26
787.84	12442.29
788.14	7805.69
788.45	7911.01
788.75	9549.39
789.05	5554.09
789.36	6602.65
789.66	12329.94
789.96	8334.65
790.27	6808.62
790.57	6672.87
790.87	5694.52
791.18	6448.18
791.48	5853.68
791.78	7683.98
792.09	8004.63
792.39	5933.26
792.69	8650.62
793.00	7726.11
793.30	8238.69
793.60	5469.83
793.90	5139.82
794.21	7688.66
794.51	14827.29
794.81	9785.78
795.11	6799.26
795.42	5919.21
795.72	10155.58
796.02	8257.41
796.32	7613.76
796.63	7866.54
796.93	9149.15
797.23	8299.54
797.53	7332.90
797.84	5755.38
798.14	5764.74
798.44	7412.48
798.74	7803.35
799.04	7524.82
799.34	5481.53
799.65	14211.73
799.95	7082.46
800.25	6422.43
800.55	6422.43
800.85	7452.27
801.15	5923.90
801.46	6600.31
801.76	15721.38
802.06	6129.86
802.36	7468.65
802.66	6291.36
802.96	8409.54
803.26	9706.20
803.56	11889.92
803.87	14647.07
804.17	6555.84
804.47	8826.16
804.77	9521.30
805.07	9500.23
805.37	8538.27
805.67	8138.04
805.97	6450.52
806.27	6747.76
806.57	6328.81
806.87	10445.81
807.17	7360.98
807.47	10230.48
807.77	9853.66
808.07	6265.61
808.37	10420.06
808.67	7145.66
808.98	13523.62
809.28	6441.15
809.58	14097.05
809.88	9383.21
810.18	13099.98
810.47	6614.35
810.77	5746.02
811.07	8468.06
811.37	7852.50
811.67	5774.10
811.97	5181.95
812.27	5636.01
812.57	5041.51
812.87	5968.37
813.17	5804.53
813.47	5818.57
813.77	6373.28
814.07	6071.35
814.37	8865.95
814.67	6003.47
814.97	6754.79
815.27	5865.38
815.56	7859.52
815.86	10281.97
816.16	7375.03
816.46	5472.17
816.76	5916.87
817.06	9277.88
817.36	12215.26
817.66	7007.56
817.95	5729.63
818.25	7557.59
818.55	9336.40
818.85	8496.14
819.15	6225.82
819.45	11405.43
819.75	6883.52
820.04	6995.86
820.34	13687.45
820.64	8769.99
820.94	11391.39
821.24	6504.35
821.53	6911.60
821.83	6176.67
822.13	5547.07
822.43	6483.28
822.72	5476.85
823.02	6106.46
823.32	5664.10
823.62	7719.09
823.91	13172.54
824.21	5371.53
824.51	7595.04
824.81	6317.11
825.10	5303.65
825.40	8217.62
825.70	7012.24
826.00	11199.46
826.29	6193.06
826.59	7489.71
826.89	6459.88
827.18	7253.32
827.48	5961.34
827.78	5621.97
828.07	6897.56
828.37	8681.05
828.67	7424.18
828.96	6923.30
829.26	5977.73
829.56	9404.27
829.85	5970.71
830.15	7478.01
830.45	5355.15
830.74	10939.66
831.04	8683.39
831.34	9029.79
831.63	11927.37
831.93	8844.88
832.22	8458.70
832.52	6885.86
832.82	5467.49
833.11	5469.83
833.41	5636.01
833.70	6141.57
834.00	9263.84
834.29	7094.16
834.59	5217.05
834.89	7824.41
835.18	6438.81
835.48	11412.45
835.77	8252.73
836.07	8395.50
836.36	7920.37
836.66	9287.25
836.95	6588.61
837.25	5954.32
837.54	7761.22
837.84	6363.92
838.13	7169.06
838.43	5888.79
838.72	12210.57
839.02	9415.98
839.31	5874.74
839.61	9572.79
839.90	5259.18
840.20	6771.17
840.49	5528.35
840.78	7578.65
841.08	8182.51
841.37	6188.38
841.67	5357.49
841.96	7967.18
842.26	7180.76
842.55	5348.12
842.84	5647.71
843.14	8826.16
843.43	5170.24
843.73	6874.15
844.02	5357.49
844.31	6518.39
844.61	6174.33
844.90	7389.07
845.20	6925.65
845.49	4983.00
845.78	6326.47
846.08	5575.16
846.37	4730.22
846.66	7653.55
846.96	7969.52
847.25	7573.97
847.54	5327.06
847.84	5755.38
848.13	6576.91
848.42	8868.29
848.72	5806.87
849.01	8109.96
849.30	5954.32
849.59	5603.24
849.89	5797.51
850.18	10581.56
850.47	5699.20
850.76	14111.09
851.06	12765.28
851.35	7557.59
851.64	8872.97
851.93	7194.81
852.23	16372.05
852.52	6394.34
852.81	6115.82
853.10	6684.57
853.40	5004.07
853.69	5158.54
853.98	6644.78
854.27	8620.19
854.56	5970.71
854.86	7948.46
855.15	7009.90
855.44	7316.51
855.73	5055.56
856.02	5977.73
856.31	8400.18
856.61	7368.01
856.90	6282.00
857.19	5385.57
857.48	5116.41
857.77	5371.53
858.06	4762.99
858.35	5357.49
858.65	9987.07
858.94	8187.19
859.23	6539.46
859.52	8187.19
859.81	10651.78
860.10	5841.98
860.39	8112.30
860.68	6834.36
860.97	5650.05
861.26	5762.40
861.55	10553.48
861.85	6806.28
862.14	8250.39
862.43	8519.55
862.72	7166.72
863.01	5291.95
863.30	6148.59
863.59	6649.46
863.88	6420.09
864.17	6408.39
864.46	5277.91
864.75	12784.01
865.04	6958.41
865.33	5729.63
865.62	9488.53
865.91	5841.98
866.20	7901.65
866.49	6120.50
866.78	6303.06
867.07	6052.63
867.36	8844.88
867.65	8802.75
867.93	7826.75
868.22	6691.59
868.51	6389.66
868.80	6768.83
869.09	6232.85
869.38	5600.90
869.67	10995.84
869.96	10995.84
870.25	10995.84
