178.76	1750.72
179.14	1750.72
179.52	1750.72
179.90	1729.66
180.28	1839.66
180.66	1856.04
181.04	1865.41
181.42	1888.81
181.80	1830.30
182.18	1834.98
182.55	1785.83
182.93	1827.96
183.31	1867.75
183.69	1872.43
184.07	1944.99
184.45	1900.52
184.83	1968.39
185.21	1937.96
185.59	1987.11
185.97	2111.16
186.35	2132.23
186.72	2062.01
187.10	2047.97
187.48	2108.82
187.86	2101.80
188.24	2092.44
188.62	2076.06
189.00	2115.84
189.38	2085.42
189.75	2143.93
190.13	2139.25
190.51	2115.84
190.89	2239.89
191.27	2251.60
191.65	2188.40
192.03	2148.61
192.40	2216.49
192.78	2179.04
193.16	2190.74
193.54	2195.42
193.92	2143.93
194.30	2129.89
194.67	2167.34
195.05	2239.89
195.43	2143.93
195.81	2197.76
196.19	2195.42
196.56	2190.74
196.94	2188.40
197.32	2272.66
197.70	2125.21
198.08	2186.06
198.45	2160.31
198.83	2129.89
199.21	2143.93
199.59	2267.98
199.97	2139.25
200.34	2101.80
200.72	2162.66
201.10	2230.53
201.48	2150.95
201.85	2209.47
202.23	2139.25
202.61	2047.97
202.99	2286.70
203.36	2125.21
203.74	2160.31
204.12	2134.57
204.49	2083.08
204.87	2146.27
205.25	2174.36
205.63	2031.58
206.00	2118.18
206.38	2153.29
206.76	2146.27
207.14	2132.23
207.51	2076.06
207.89	2169.68
208.27	2052.65
208.64	2160.31
209.02	2059.67
209.40	2129.89
209.77	2115.84
210.15	2286.70
210.53	2054.99
210.90	2165.00
211.28	2097.12
211.66	2179.04
212.03	2071.37
212.41	2125.21
212.79	2160.31
213.16	2132.23
213.54	2162.66
213.92	2085.42
214.29	2080.74
214.67	2106.48
215.05	2125.21
215.42	2207.13
215.80	2157.97
216.17	2132.23
216.55	2141.59
216.93	2127.55
217.30	2214.15
217.68	2148.61
218.05	2176.70
218.43	2134.57
218.81	2183.72
219.18	2237.55
219.56	2143.93
219.93	2134.57
220.31	2136.91
220.69	2165.00
221.06	2099.46
221.44	2188.40
221.81	2183.72
222.19	2155.63
222.56	2085.42
222.94	2136.91
223.32	2129.89
223.69	2122.87
224.07	2179.04
224.44	2186.06
224.82	2155.63
225.19	2204.78
225.57	2162.66
225.94	2200.10
226.32	2148.61
226.69	2263.30
227.07	2260.96
227.44	2122.87
227.82	2127.55
228.19	2172.02
228.57	2143.93
228.94	2284.36
229.32	2190.74
229.69	2122.87
230.07	2136.91
230.44	2127.55
230.82	2146.27
231.19	2211.81
231.57	2186.06
231.94	2136.91
232.32	2253.94
232.69	2146.27
233.07	2179.04
233.44	2106.48
233.82	2179.04
234.19	2265.64
234.57	2193.08
234.94	2157.97
235.31	2188.40
235.69	2200.10
236.06	2132.23
236.44	2141.59
236.81	2157.97
237.19	2190.74
237.56	2258.62
237.93	2176.70
238.31	2181.38
238.68	2125.21
239.06	2141.59
239.43	2155.63
239.81	2186.06
240.18	2146.27
240.55	2169.68
240.93	2232.87
241.30	2207.13
241.67	2167.34
242.05	2169.68
242.42	2176.70
242.80	2078.40
243.17	2209.47
243.54	2214.15
243.92	2106.48
244.29	2200.10
244.66	2193.08
245.04	2197.76
245.41	2223.51
245.78	2150.95
246.16	2080.74
246.53	2193.08
246.90	2190.74
247.28	2340.54
247.65	2143.93
248.02	2169.68
248.40	2169.68
248.77	2122.87
249.14	2146.27
249.52	2150.95
249.89	2162.66
250.26	2172.02
250.64	2209.47
251.01	2244.57
251.38	2157.97
251.75	2183.72
252.13	2165.00
252.50	2258.62
252.87	2214.15
253.25	2195.42
253.62	2225.85
253.99	2132.23
254.36	2188.40
254.74	2139.25
255.11	2120.53
255.48	2181.38
255.85	2340.54
256.23	2139.25
256.60	2176.70
256.97	2195.42
257.34	2169.68
257.71	2146.27
258.09	2186.06
258.46	2190.74
258.83	2204.78
259.20	2214.15
259.58	2160.31
259.95	2162.66
260.32	2188.40
260.69	2120.53
261.06	2242.23
261.44	2214.15
261.81	2197.76
262.18	2153.29
262.55	2134.57
262.92	2190.74
263.29	2134.57
263.67	2148.61
264.04	2188.40
264.41	2174.36
264.78	2179.04
265.15	2188.40
265.52	2246.91
265.90	2214.15
266.27	2099.46
266.64	2073.71
267.01	2176.70
267.38	2202.44
267.75	2083.08
268.12	2094.78
268.50	2172.02
268.87	2115.84
269.24	2122.87
269.61	2181.38
269.98	2172.02
270.35	2253.94
270.72	2076.06
271.09	2157.97
271.46	2099.46
271.83	2179.04
272.21	2167.34
272.58	2143.93
272.95	2153.29
273.32	2193.08
273.69	2134.57
274.06	2181.38
274.43	2160.31
274.80	2169.68
275.17	2239.89
275.54	2277.34
275.91	2193.08
276.28	2181.38
276.65	2153.29
277.02	2244.57
277.39	2155.63
277.76	2146.27
278.13	2174.36
278.50	2211.81
278.87	2242.23
279.24	2188.40
279.61	2253.94
279.98	2267.98
280.35	2230.53
280.72	2190.74
281.09	2214.15
281.46	2186.06
281.83	2165.00
282.20	2165.00
282.57	2160.31
282.94	2214.15
283.31	2190.74
283.68	2197.76
284.05	2160.31
284.42	2106.48
284.79	2153.29
285.16	2197.76
285.53	2153.29
285.90	2200.10
286.27	2291.38
286.64	2211.81
287.01	2204.78
287.38	2179.04
287.75	3171.43
288.12	2289.04
288.49	2319.47
288.86	2064.35
289.23	2111.16
289.59	2148.61
289.96	2134.57
290.33	2167.34
290.70	2172.02
291.07	2157.97
291.44	2190.74
291.81	2183.72
292.18	2246.91
292.55	2118.18
292.91	2176.70
293.28	2155.63
293.65	2239.89
294.02	2239.89
294.39	2146.27
294.76	2190.74
295.13	2132.23
295.50	2230.53
295.86	2141.59
296.23	2155.63
296.60	2165.00
296.97	2153.29
297.34	2221.17
297.71	2162.66
298.07	2244.57
298.44	2183.72
298.81	2169.68
299.18	2160.31
299.55	2216.49
299.91	2162.66
300.28	2150.95
300.65	2115.84
301.02	2176.70
301.39	2256.28
301.75	2221.17
302.12	2176.70
302.49	2221.17
302.86	2134.57
303.23	2150.95
303.59	2202.44
303.96	2307.77
304.33	2197.76
304.70	2296.07
305.06	2204.78
305.43	2249.25
305.80	2162.66
306.17	2186.06
306.53	2183.72
306.90	2176.70
307.27	2202.44
307.64	2253.94
308.00	2157.97
308.37	2221.17
308.74	2335.85
309.11	2225.85
309.47	2167.34
309.84	2162.66
310.21	2211.81
310.57	2162.66
310.94	2190.74
311.31	2218.83
311.67	2193.08
312.04	2188.40
312.41	2211.81
312.77	2146.27
313.14	2118.18
313.51	2141.59
313.87	2097.12
314.24	2230.53
314.61	2211.81
314.97	2169.68
315.34	2214.15
315.71	2150.95
316.07	2230.53
316.44	2174.36
316.81	2190.74
317.17	2134.57
317.54	2289.04
317.91	2141.59
318.27	2141.59
318.64	2188.40
319.00	2193.08
319.37	2143.93
319.74	2284.36
320.10	2186.06
320.47	2228.19
320.83	2277.34
321.20	2291.38
321.57	2141.59
321.93	2181.38
322.30	2202.44
322.66	2188.40
323.03	2242.23
323.40	2232.87
323.76	2197.76
324.13	2207.13
324.49	2167.34
324.86	2345.22
325.22	2172.02
325.59	2204.78
325.95	2204.78
326.32	2260.96
326.68	2190.74
327.05	2179.04
327.42	2083.08
327.78	2195.42
328.15	2214.15
328.51	2221.17
328.88	2190.74
329.24	2265.64
329.61	2195.42
329.97	2218.83
330.34	2197.76
330.70	2155.63
331.07	2160.31
331.43	2195.42
331.80	2239.89
332.16	2190.74
332.52	2174.36
332.89	2125.21
333.25	2176.70
333.62	2249.25
333.98	2249.25
334.35	2113.50
334.71	2179.04
335.08	2134.57
335.44	2249.25
335.81	2225.85
336.17	2237.55
336.53	2223.51
336.90	2150.95
337.26	2160.31
337.63	2289.04
337.99	2258.62
338.36	2176.70
338.72	2242.23
339.08	2167.34
339.45	2087.76
339.81	2239.89
340.18	2242.23
340.54	2214.15
340.90	2134.57
341.27	2169.68
341.63	2211.81
341.99	2153.29
342.36	2218.83
342.72	2188.40
343.09	2209.47
343.45	2197.76
343.81	2305.43
344.18	2146.27
344.54	2167.34
344.90	2239.89
345.27	2157.97
345.63	2211.81
345.99	2225.85
346.36	2228.19
346.72	2155.63
347.08	2176.70
347.45	2141.59
347.81	2232.87
348.17	2211.81
348.54	2160.31
348.90	2237.55
349.26	2265.64
349.62	2289.04
349.99	2193.08
350.35	2139.25
350.71	2216.49
351.08	2230.53
351.44	2120.53
351.80	2235.21
352.16	2312.45
352.53	2190.74
352.89	2202.44
353.25	2251.60
353.61	2148.61
353.98	2188.40
354.34	2216.49
354.70	2165.00
355.06	2134.57
355.43	2157.97
355.79	2186.06
356.15	2214.15
356.51	2146.27
356.88	2253.94
357.24	2134.57
357.60	2115.84
357.96	2134.57
358.32	2366.28
358.69	2181.38
359.05	2221.17
359.41	2267.98
359.77	2165.00
360.13	2172.02
360.49	2132.23
360.86	2216.49
361.22	2253.94
361.58	2225.85
361.94	2272.66
362.30	2115.84
362.66	2186.06
363.03	2167.34
363.39	2218.83
363.75	2214.15
364.11	2282.02
364.47	2195.42
364.83	2246.91
365.19	2179.04
365.56	2172.02
365.92	2167.34
366.28	2214.15
366.64	2314.79
367.00	2172.02
367.36	2169.68
367.72	2228.19
368.08	2200.10
368.44	2235.21
368.80	2207.13
369.17	2176.70
369.53	2202.44
369.89	2202.44
370.25	2167.34
370.61	2246.91
370.97	2284.36
371.33	2174.36
371.69	2277.34
372.05	2125.21
372.41	2132.23
372.77	2207.13
373.13	2146.27
373.49	2169.68
373.85	2169.68
374.21	2246.91
374.57	2153.29
374.93	2179.04
375.29	2181.38
375.65	2321.81
376.01	2193.08
376.37	2267.98
376.73	2242.23
377.09	2169.68
377.45	2225.85
377.81	2188.40
378.17	2174.36
378.53	2237.55
378.89	2209.47
379.25	2232.87
379.61	2275.00
379.97	2230.53
380.33	2179.04
380.69	2141.59
381.05	2181.38
381.41	2239.89
381.77	2230.53
382.13	2237.55
382.49	2279.68
382.85	2146.27
383.21	2202.44
383.57	2165.00
383.93	2263.30
384.28	2181.38
384.64	2169.68
385.00	2216.49
385.36	2244.57
385.72	2228.19
386.08	2207.13
386.44	2195.42
386.80	2251.60
387.16	2307.77
387.52	2239.89
387.87	2246.91
388.23	2218.83
388.59	2148.61
388.95	2181.38
389.31	2160.31
389.67	2169.68
390.03	2127.55
390.38	2139.25
390.74	2155.63
391.10	2237.55
391.46	2195.42
391.82	2169.68
392.18	2237.55
392.54	2169.68
392.89	2174.36
393.25	2186.06
393.61	2129.89
393.97	2108.82
394.33	2200.10
394.68	2150.95
395.04	2190.74
395.40	2195.42
395.76	2150.95
396.12	2197.76
396.47	2129.89
396.83	2174.36
397.19	2101.80
397.55	2172.02
397.90	2200.10
398.26	2200.10
398.62	2188.40
398.98	2153.29
399.33	2230.53
399.69	2459.90
400.05	2165.00
400.41	2143.93
400.76	2150.95
401.12	2235.21
401.48	2228.19
401.84	2193.08
402.19	2113.50
402.55	2134.57
402.91	2200.10
403.26	2160.31
403.62	2202.44
403.98	2148.61
404.34	2136.91
404.69	2141.59
405.05	2256.28
405.41	2319.47
405.76	2162.66
406.12	2085.42
406.48	2204.78
406.83	2136.91
407.19	2275.00
407.55	2193.08
407.90	2321.81
408.26	2172.02
408.62	2230.53
408.97	2207.13
409.33	2165.00
409.68	2207.13
410.04	2193.08
410.40	2165.00
410.75	2143.93
411.11	2230.53
411.47	2097.12
411.82	2235.21
412.18	2225.85
412.53	2113.50
412.89	2225.85
413.25	2244.57
413.60	2139.25
413.96	2167.34
414.31	2218.83
414.67	2246.91
415.03	2251.60
415.38	2186.06
415.74	2237.55
416.09	2174.36
416.45	2183.72
416.80	2186.06
417.16	2209.47
417.51	2197.76
417.87	2179.04
418.23	2193.08
418.58	2270.32
418.94	2174.36
419.29	2162.66
419.65	2214.15
420.00	2216.49
420.36	2232.87
420.71	2174.36
421.07	2174.36
421.42	2228.19
421.78	2246.91
422.13	2111.16
422.49	2113.50
422.84	2221.17
423.20	2188.40
423.55	2155.63
423.91	2157.97
424.26	2289.04
424.61	2244.57
424.97	2349.90
425.32	2188.40
425.68	2209.47
426.03	2172.02
426.39	2200.10
426.74	2179.04
427.10	2181.38
427.45	2146.27
427.80	2197.76
428.16	2207.13
428.51	2204.78
428.87	2235.21
429.22	2338.20
429.58	2293.72
429.93	2232.87
430.28	2242.23
430.64	2200.10
430.99	2284.36
431.35	2282.02
431.70	2176.70
432.05	2256.28
432.41	2207.13
432.76	2235.21
433.11	2218.83
433.47	2186.06
433.82	2193.08
434.17	2148.61
434.53	2223.51
434.88	2296.07
435.24	2246.91
435.59	2136.91
435.94	2120.53
436.30	2260.96
436.65	2146.27
437.00	2305.43
437.35	2328.83
437.71	2162.66
438.06	2181.38
438.41	2211.81
438.77	2188.40
439.12	2115.84
439.47	2141.59
439.83	2165.00
440.18	2239.89
440.53	2228.19
440.88	2230.53
441.24	2256.28
441.59	2169.68
441.94	2197.76
442.30	2193.08
442.65	2277.34
443.00	2225.85
443.35	2204.78
443.71	2223.51
444.06	2132.23
444.41	2165.00
444.76	2232.87
445.11	2115.84
445.47	2293.72
445.82	2218.83
446.17	2169.68
446.52	2204.78
446.88	2211.81
447.23	2197.76
447.58	2207.13
447.93	2153.29
448.28	2532.46
448.63	2333.51
448.99	2200.10
449.34	2279.68
449.69	2216.49
450.04	2172.02
450.39	2225.85
450.74	2127.55
451.10	2120.53
451.45	2223.51
451.80	2174.36
452.15	2251.60
452.50	2202.44
452.85	2195.42
453.21	2209.47
453.56	2216.49
453.91	2214.15
454.26	2216.49
454.61	2143.93
454.96	2239.89
455.31	2181.38
455.66	2153.29
456.01	2200.10
456.36	2160.31
456.72	2118.18
457.07	2202.44
457.42	2207.13
457.77	2202.44
458.12	2200.10
458.47	2207.13
458.82	2235.21
459.17	2153.29
459.52	2108.82
459.87	2586.29
460.22	2167.34
460.57	2214.15
460.92	2122.87
461.27	2113.50
461.62	2155.63
461.97	2186.06
462.32	2298.41
462.67	2242.23
463.02	2317.13
463.38	2277.34
463.73	2200.10
464.08	2307.77
464.43	2115.84
464.78	2190.74
465.12	2249.25
465.47	2193.08
465.82	2518.42
466.17	2193.08
466.52	2207.13
466.87	2183.72
467.22	2197.76
467.57	2216.49
467.92	2244.57
468.27	2214.15
468.62	2338.20
468.97	2246.91
469.32	2120.53
469.67	2246.91
470.02	2284.36
470.37	2195.42
470.72	2174.36
471.07	2167.34
471.42	2188.40
471.76	2165.00
472.11	2143.93
472.46	2211.81
472.81	2270.32
473.16	2209.47
473.51	2202.44
473.86	2136.91
474.21	2188.40
474.56	2172.02
474.90	2169.68
475.25	2202.44
475.60	2263.30
475.95	2134.57
476.30	2267.98
476.65	2260.96
477.00	2286.70
477.34	2307.77
477.69	2146.27
478.04	2221.17
478.39	2209.47
478.74	2160.31
479.09	2190.74
479.43	2342.88
479.78	2179.04
480.13	2328.83
480.48	2223.51
480.83	2183.72
481.17	2146.27
481.52	2111.16
481.87	2129.89
482.22	2293.72
482.57	2207.13
482.91	2253.94
483.26	2232.87
483.61	2214.15
483.96	2165.00
484.30	4053.81
484.65	2284.36
485.00	2186.06
485.35	2186.06
485.69	2230.53
486.04	2188.40
486.39	2188.40
486.74	2218.83
487.08	2162.66
487.43	2211.81
487.78	2195.42
488.12	2251.60
488.47	2169.68
488.82	2319.47
489.17	2193.08
489.51	2148.61
489.86	2162.66
490.21	2115.84
490.55	2218.83
490.90	2197.76
491.25	2153.29
491.59	2160.31
491.94	2207.13
492.29	2197.76
492.63	2195.42
492.98	2104.14
493.33	2162.66
493.67	2172.02
494.02	2134.57
494.37	2134.57
494.71	2242.23
495.06	2216.49
495.40	2253.94
495.75	2169.68
496.10	2225.85
496.44	2237.55
496.79	2176.70
497.13	2190.74
497.48	2326.49
497.83	2181.38
498.17	2235.21
498.52	2204.78
498.86	2108.82
499.21	2176.70
499.56	2165.00
499.90	2195.42
500.25	2162.66
500.59	2230.53
500.94	2260.96
501.28	2225.85
501.63	2270.32
501.97	2146.27
502.32	2188.40
502.67	2214.15
503.01	2120.53
503.36	2153.29
503.70	2211.81
504.05	2251.60
504.39	2275.00
504.74	2260.96
505.08	2272.66
505.43	2085.42
505.77	2204.78
506.12	2239.89
506.46	2190.74
506.81	2200.10
507.15	2260.96
507.49	2148.61
507.84	2160.31
508.18	2202.44
508.53	2146.27
508.87	2167.34
509.22	2214.15
509.56	14487.92
509.91	2782.90
510.25	2258.62
510.60	2204.78
510.94	2270.32
511.28	2176.70
511.63	2193.08
511.97	2239.89
512.32	2260.96
512.66	2200.10
513.00	2139.25
513.35	2202.44
513.69	2197.76
514.04	2260.96
514.38	2263.30
514.72	2223.51
515.07	2197.76
515.41	2195.42
515.76	2157.97
516.10	2326.49
516.44	2162.66
516.79	2186.06
517.13	2111.16
517.47	2186.06
517.82	2204.78
518.16	2174.36
518.50	2232.87
518.85	2195.42
519.19	2214.15
519.53	2345.22
519.88	2239.89
520.22	2218.83
520.56	2176.70
520.91	2176.70
521.25	2186.06
521.59	2099.46
521.93	2188.40
522.28	2143.93
522.62	2134.57
522.96	2228.19
523.31	2165.00
523.65	2256.28
523.99	2160.31
524.33	2211.81
524.68	2211.81
525.02	2104.14
525.36	2193.08
525.70	2129.89
526.05	2202.44
526.39	2136.91
526.73	2232.87
527.07	2230.53
527.41	2251.60
527.76	2150.95
528.10	2230.53
528.44	2186.06
528.78	2188.40
529.12	2214.15
529.47	2218.83
529.81	2179.04
530.15	2237.55
530.49	2176.70
530.83	2115.84
531.18	2230.53
531.52	2214.15
531.86	2165.00
532.20	2172.02
532.54	2193.08
532.88	2118.18
533.22	2157.97
533.57	2104.14
533.91	2249.25
534.25	2165.00
534.59	2221.17
534.93	2204.78
535.27	2172.02
535.61	2230.53
535.95	2267.98
536.30	2202.44
536.64	2204.78
536.98	2150.95
537.32	2108.82
537.66	2076.06
538.00	2207.13
538.34	2204.78
538.68	2181.38
539.02	2211.81
539.36	2153.29
539.70	2069.03
540.04	2129.89
540.39	2370.96
540.73	2150.95
541.07	2216.49
541.41	2193.08
541.75	2157.97
542.09	2169.68
542.43	2176.70
542.77	2162.66
543.11	2155.63
543.45	2223.51
543.79	2172.02
544.13	2186.06
544.47	2150.95
544.81	2165.00
545.15	2190.74
545.49	2193.08
545.83	2148.61
546.17	2176.70
546.51	2132.23
546.85	2160.31
547.19	2267.98
547.53	2139.25
547.87	2190.74
548.21	2279.68
548.54	2200.10
548.88	2211.81
549.22	2181.38
549.56	2108.82
549.90	2129.89
550.24	2188.40
550.58	2253.94
550.92	2277.34
551.26	2183.72
551.60	2195.42
551.94	2143.93
552.28	2106.48
552.61	2169.68
552.95	2179.04
553.29	2186.06
553.63	2207.13
553.97	2282.02
554.31	2218.83
554.65	2223.51
554.99	2209.47
555.32	2176.70
555.66	2167.34
556.00	2132.23
556.34	2209.47
556.68	2150.95
557.02	2190.74
557.36	2195.42
557.69	2195.42
558.03	2188.40
558.37	2373.30
558.71	2328.83
559.05	2200.10
559.38	2275.00
559.72	2115.84
560.06	2218.83
560.40	2214.15
560.74	2197.76
561.07	2108.82
561.41	2202.44
561.75	2150.95
562.09	2181.38
562.42	2270.32
562.76	2141.59
563.10	2249.25
563.44	2401.39
563.77	2207.13
564.11	2237.55
564.45	2223.51
564.79	2282.02
565.12	2200.10
565.46	2214.15
565.80	2174.36
566.14	2162.66
566.47	2167.34
566.81	2094.78
567.15	2335.85
567.48	2239.89
567.82	2216.49
568.16	2186.06
568.49	2125.21
568.83	2167.34
569.17	2211.81
569.50	2228.19
569.84	2307.77
570.18	2239.89
570.51	2172.02
570.85	2221.17
571.19	2146.27
571.52	2181.38
571.86	2183.72
572.20	2193.08
572.53	2286.70
572.87	2127.55
573.21	2141.59
573.54	2183.72
573.88	2230.53
574.21	2179.04
574.55	2141.59
574.89	2157.97
575.22	2249.25
575.56	2146.27
575.89	2134.57
576.23	2237.55
576.57	2204.78
576.90	2108.82
577.24	2211.81
577.57	2146.27
577.91	2239.89
578.24	2111.16
578.58	2183.72
578.91	2136.91
579.25	2155.63
579.59	2211.81
579.92	2162.66
580.26	2202.44
580.59	2253.94
580.93	2211.81
581.26	2193.08
581.60	2221.17
581.93	2207.13
582.27	2279.68
582.60	2132.23
582.94	2263.30
583.27	2169.68
583.61	2134.57
583.94	2232.87
584.28	2097.12
584.61	2143.93
584.94	2214.15
585.28	2202.44
585.61	2232.87
585.95	2258.62
586.28	2267.98
586.62	2260.96
586.95	2174.36
587.29	2331.17
587.62	2239.89
587.95	2179.04
588.29	2190.74
588.62	2193.08
588.96	2225.85
589.29	2197.76
589.62	2139.25
589.96	2225.85
590.29	2118.18
590.63	2097.12
590.96	2139.25
591.29	2190.74
591.63	2279.68
591.96	2099.46
592.29	2193.08
592.63	2115.84
592.96	2253.94
593.30	2214.15
593.63	2230.53
593.96	2183.72
594.30	2286.70
594.63	2162.66
594.96	2289.04
595.30	2160.31
595.63	2146.27
595.96	2221.17
596.29	2211.81
596.63	2186.06
596.96	2223.51
597.29	2174.36
597.63	2207.13
597.96	2235.21
598.29	2162.66
598.63	2172.02
598.96	2066.69
599.29	2148.61
599.62	2237.55
599.96	2235.21
600.29	2132.23
600.62	1980.09
600.95	2181.38
601.29	2141.59
601.62	2223.51
601.95	2172.02
602.28	2167.34
602.61	2806.30
602.95	2162.66
603.28	2214.15
603.61	2179.04
603.94	2186.06
604.27	2214.15
604.61	2258.62
604.94	2209.47
605.27	2115.84
605.60	2134.57
605.93	2242.23
606.27	2221.17
606.60	2207.13
606.93	2202.44
607.26	2221.17
607.59	2181.38
607.92	2253.94
608.26	2111.16
608.59	2165.00
608.92	2165.00
609.25	2193.08
609.58	2181.38
609.91	2209.47
610.24	2305.43
610.57	2193.08
610.90	2211.81
611.24	2188.40
611.57	2155.63
611.90	2216.49
612.23	2188.40
612.56	2207.13
612.89	2200.10
613.22	2207.13
613.55	2143.93
613.88	2232.87
614.21	2195.42
614.54	2221.17
614.87	2148.61
615.20	2150.95
615.53	2251.60
615.87	2256.28
616.20	2216.49
616.53	2279.68
616.86	2190.74
617.19	2106.48
617.52	2099.46
617.85	2190.74
618.18	2209.47
618.51	2160.31
618.84	2174.36
619.17	2085.42
619.50	2267.98
619.83	2207.13
620.16	2223.51
620.49	2174.36
620.82	2279.68
621.14	2244.57
621.47	2153.29
621.80	2228.19
622.13	2165.00
622.46	2303.09
622.79	2139.25
623.12	2122.87
623.45	2202.44
623.78	2165.00
624.11	2165.00
624.44	2223.51
624.77	2157.97
625.10	2211.81
625.43	2165.00
625.75	2169.68
626.08	2228.19
626.41	2111.16
626.74	2244.57
627.07	2235.21
627.40	2256.28
627.73	2193.08
628.06	2125.21
628.38	2115.84
628.71	2209.47
629.04	2272.66
629.37	2291.38
629.70	2239.89
630.03	2225.85
630.36	2188.40
630.68	2190.74
631.01	2204.78
631.34	2225.85
631.67	2204.78
632.00	2139.25
632.32	2202.44
632.65	2289.04
632.98	2181.38
633.31	2125.21
633.64	2307.77
633.96	2136.91
634.29	2167.34
634.62	2169.68
634.95	2179.04
635.27	2186.06
635.60	2296.07
635.93	2134.57
636.26	2223.51
636.58	2148.61
636.91	2172.02
637.24	2239.89
637.57	2193.08
637.89	2200.10
638.22	2181.38
638.55	2230.53
638.87	2160.31
639.20	2211.81
639.53	2179.04
639.86	2127.55
640.18	2141.59
640.51	2153.29
640.84	2174.36
641.16	2153.29
641.49	2216.49
641.82	2162.66
642.14	2197.76
642.47	2221.17
642.80	2207.13
643.12	2242.23
643.45	2230.53
643.78	2186.06
644.10	2118.18
644.43	2204.78
644.75	2260.96
645.08	2136.91
645.41	2218.83
645.73	2146.27
646.06	2289.04
646.39	2228.19
646.71	2169.68
647.04	2160.31
647.36	2169.68
647.69	2242.23
648.01	2183.72
648.34	2186.06
648.67	2242.23
648.99	2218.83
649.32	2214.15
649.64	2188.40
649.97	2101.80
650.29	2172.02
650.62	2277.34
650.94	2209.47
651.27	2157.97
651.59	2157.97
651.92	2258.62
652.25	2258.62
652.57	2179.04
652.90	2157.97
653.22	2195.42
653.55	2146.27
653.87	2150.95
654.20	2200.10
654.52	2176.70
654.84	2134.57
655.17	2216.49
655.49	2218.83
655.82	2155.63
656.14	2218.83
656.47	2277.34
656.79	2293.72
657.12	2207.13
657.44	2104.14
657.77	2272.66
658.09	2207.13
658.41	2169.68
658.74	2167.34
659.06	2190.74
659.39	2167.34
659.71	2069.03
660.03	2148.61
660.36	2167.34
660.68	2263.30
661.01	2275.00
661.33	2207.13
661.65	2120.53
661.98	2270.32
662.30	2335.85
662.63	2207.13
662.95	2153.29
663.27	2186.06
663.60	2097.12
663.92	2209.47
664.24	2139.25
664.57	2207.13
664.89	2251.60
665.21	2202.44
665.54	2230.53
665.86	2228.19
666.18	2176.70
666.51	2284.36
666.83	2235.21
667.15	2225.85
667.47	2267.98
667.80	2186.06
668.12	2160.31
668.44	2228.19
668.77	2246.91
669.09	2235.21
669.41	2228.19
669.73	2190.74
670.06	2188.40
670.38	2146.27
670.70	2186.06
671.02	2221.17
671.35	2155.63
671.67	2186.06
671.99	2132.23
672.31	2223.51
672.63	2225.85
672.96	2216.49
673.28	2148.61
673.60	2172.02
673.92	2251.60
674.24	2125.21
674.57	2218.83
674.89	2209.47
675.21	2211.81
675.53	2190.74
675.85	2253.94
676.17	2258.62
676.50	2202.44
676.82	2211.81
677.14	2155.63
677.46	2265.64
677.78	2188.40
678.10	2225.85
678.42	2202.44
678.75	2165.00
679.07	2169.68
679.39	2167.34
679.71	2218.83
680.03	2193.08
680.35	2118.18
680.67	2176.70
680.99	2181.38
681.31	2216.49
681.63	2221.17
681.96	2188.40
682.28	2284.36
682.60	2230.53
682.92	2195.42
683.24	2146.27
683.56	2228.19
683.88	2169.68
684.20	2239.89
684.52	2200.10
684.84	2150.95
685.16	2207.13
685.48	2218.83
685.80	2169.68
686.12	2239.89
686.44	2223.51
686.76	2190.74
687.08	2150.95
687.40	2157.97
687.72	2197.76
688.04	2200.10
688.36	2272.66
688.68	2260.96
689.00	2223.51
689.32	2176.70
689.64	2165.00
689.96	2172.02
690.28	2293.72
690.60	2237.55
690.92	2190.74
691.24	2202.44
691.56	2146.27
691.88	2183.72
692.19	2169.68
692.51	2277.34
692.83	2211.81
693.15	2179.04
693.47	2225.85
693.79	2214.15
694.11	2235.21
694.43	2239.89
694.75	2167.34
695.06	2176.70
695.38	2265.64
695.70	2143.93
696.02	2225.85
696.34	2172.02
696.66	2101.80
696.98	2122.87
697.29	2169.68
697.61	2200.10
697.93	2258.62
698.25	2658.85
698.57	2190.74
698.89	2134.57
699.20	2141.59
699.52	2286.70
699.84	2146.27
700.16	2202.44
700.48	2207.13
700.79	2204.78
701.11	2174.36
701.43	2197.76
701.75	2127.55
702.07	2181.38
702.38	2265.64
702.70	2141.59
703.02	2162.66
703.34	2202.44
703.65	2197.76
703.97	2118.18
704.29	2176.70
704.61	2132.23
704.92	2188.40
705.24	2214.15
705.56	2202.44
705.87	2293.72
706.19	2176.70
706.51	2115.84
706.82	2181.38
707.14	2169.68
707.46	2160.31
707.78	2148.61
708.09	2221.17
708.41	2202.44
708.73	2148.61
709.04	2218.83
709.36	2186.06
709.68	2132.23
709.99	2296.07
710.31	2256.28
710.62	2174.36
710.94	2162.66
711.26	2186.06
711.57	2127.55
711.89	2141.59
712.21	2399.05
712.52	2160.31
712.84	2270.32
713.15	2183.72
713.47	2200.10
713.79	2155.63
714.10	2078.40
714.42	2176.70
714.73	2216.49
715.05	2169.68
715.36	2160.31
715.68	2211.81
715.99	2218.83
716.31	2260.96
716.63	2209.47
716.94	2246.91
717.26	2422.45
717.57	2113.50
717.89	2293.72
718.20	2169.68
718.52	2239.89
718.83	2186.06
719.15	2260.96
719.46	2300.75
719.78	2209.47
720.09	2174.36
720.41	2195.42
720.72	2157.97
721.04	2172.02
721.35	2150.95
721.67	2235.21
721.98	2167.34
722.29	2181.38
722.61	2113.50
722.92	2157.97
723.24	2237.55
723.55	2153.29
723.87	2193.08
724.18	2181.38
724.50	2167.34
724.81	2099.46
725.12	2165.00
725.44	2207.13
725.75	2225.85
726.07	2218.83
726.38	2263.30
726.69	2132.23
727.01	2251.60
727.32	2181.38
727.63	2216.49
727.95	2209.47
728.26	2125.21
728.58	2162.66
728.89	2169.68
729.20	2204.78
729.52	2146.27
729.83	2408.41
730.14	2230.53
730.46	2167.34
730.77	2270.32
731.08	2211.81
731.39	2066.69
731.71	2202.44
732.02	2246.91
732.33	2209.47
732.65	2188.40
732.96	2275.00
733.27	2221.17
733.59	2267.98
733.90	2300.75
734.21	2139.25
734.52	2221.17
734.84	2394.37
735.15	2193.08
735.46	2214.15
735.77	2214.15
736.09	2160.31
736.40	2237.55
736.71	2253.94
737.02	2073.71
737.33	2073.71
737.65	2223.51
737.96	2193.08
738.27	2200.10
738.58	2270.32
738.89	2172.02
739.21	2251.60
739.52	2169.68
739.83	2202.44
740.14	2387.35
740.45	2188.40
740.76	2214.15
741.08	2139.25
741.39	2183.72
741.70	2174.36
742.01	2157.97
742.32	2204.78
742.63	2181.38
742.94	2188.40
743.26	2188.40
743.57	2209.47
743.88	2284.36
744.19	2188.40
744.50	2181.38
744.81	2242.23
745.12	2160.31
745.43	2183.72
745.74	2396.71
746.05	2300.75
746.36	2115.84
746.67	2331.17
746.99	2216.49
747.30	2193.08
747.61	2186.06
747.92	2207.13
748.23	2244.57
748.54	2120.53
748.85	2174.36
749.16	2157.97
749.47	2172.02
749.78	2181.38
750.09	2153.29
750.40	2239.89
750.71	2195.42
751.02	2202.44
751.33	2193.08
751.64	2263.30
751.95	2221.17
752.26	2181.38
752.57	2282.02
752.88	2202.44
753.19	2153.29
753.50	2239.89
753.81	2221.17
754.11	2209.47
754.42	2347.56
754.73	2230.53
755.04	2263.30
755.35	2286.70
755.66	2338.20
755.97	2190.74
756.28	2113.50
756.59	2209.47
756.90	2263.30
757.21	2218.83
757.52	2235.21
757.82	2209.47
758.13	2146.27
758.44	2256.28
758.75	2174.36
759.06	2228.19
759.37	2118.18
759.68	2155.63
759.98	2155.63
760.29	2253.94
760.60	2249.25
760.91	2080.74
761.22	2122.87
761.53	2193.08
761.83	2139.25
762.14	2197.76
762.45	2207.13
762.76	2083.08
763.07	2207.13
763.37	2345.22
763.68	2251.60
763.99	2289.04
764.30	2279.68
764.60	2157.97
764.91	2265.64
765.22	2167.34
765.53	2246.91
765.84	2181.38
766.14	2218.83
766.45	2127.55
766.76	2275.00
767.06	2300.75
767.37	2221.17
767.68	2230.53
767.99	2230.53
768.29	2183.72
768.60	2176.70
768.91	2211.81
769.21	2291.38
769.52	2230.53
769.83	2221.17
770.13	2200.10
770.44	2193.08
770.75	2228.19
771.05	2202.44
771.36	2211.81
771.67	2160.31
771.97	2165.00
772.28	2169.68
772.59	2183.72
772.89	2169.68
773.20	2190.74
773.51	2155.63
773.81	2242.23
774.12	2174.36
774.42	2143.93
774.73	2122.87
775.04	2183.72
775.34	2401.39
775.65	2211.81
775.95	2225.85
776.26	2260.96
776.56	2211.81
776.87	2157.97
777.18	3232.28
777.48	2377.98
777.79	2162.66
778.09	2211.81
778.40	2176.70
778.70	2193.08
779.01	2253.94
779.31	2197.76
779.62	2160.31
779.92	2242.23
780.23	2267.98
780.53	2143.93
780.84	2228.19
781.14	2200.10
781.45	2181.38
781.75	2239.89
782.06	2160.31
782.36	2197.76
782.67	2207.13
782.97	2193.08
783.28	2230.53
783.58	2172.02
783.89	2176.70
784.19	2200.10
784.49	2263.30
784.80	2136.91
785.10	2272.66
785.41	2190.74
785.71	2169.68
786.02	2200.10
786.32	2291.38
786.62	2200.10
786.93	2244.57
787.23	2214.15
787.54	2160.31
787.84	2256.28
788.14	2165.00
788.45	2200.10
788.75	2186.06
789.05	2148.61
789.36	2160.31
789.66	2310.11
789.96	2272.66
790.27	2186.06
790.57	2176.70
790.87	2181.38
791.18	2083.08
791.48	2101.80
791.78	2232.87
792.09	2186.06
792.39	2225.85
792.69	2260.96
793.00	2214.15
793.30	2242.23
793.60	2186.06
793.90	2143.93
794.21	2167.34
794.51	2326.49
794.81	2195.42
795.11	2195.42
795.42	2263.30
795.72	2186.06
796.02	2223.51
796.32	2181.38
796.63	2200.10
796.93	2256.28
797.23	2246.91
797.53	2176.70
797.84	2090.10
798.14	2146.27
798.44	2169.68
798.74	2267.98
799.04	2209.47
799.34	2165.00
799.65	2286.70
799.95	2228.19
800.25	2146.27
800.55	2160.31
800.85	2174.36
801.15	2118.18
801.46	2169.68
801.76	2370.96
802.06	2153.29
802.36	2239.89
802.66	2118.18
802.96	2270.32
803.26	2244.57
803.56	2291.38
803.87	2314.79
804.17	2179.04
804.47	2181.38
804.77	2293.72
805.07	2172.02
805.37	2202.44
805.67	2218.83
805.97	2160.31
806.27	2258.62
806.57	2146.27
806.87	2221.17
807.17	2179.04
807.47	2162.66
807.77	2230.53
808.07	2165.00
808.37	2183.72
808.67	2209.47
808.98	2272.66
809.28	2174.36
809.58	2310.11
809.88	2197.76
810.18	2338.20
810.47	2223.51
810.77	2193.08
811.07	2223.51
811.37	2237.55
811.67	2167.34
811.97	2087.76
812.27	2136.91
812.57	2195.42
812.87	2136.91
813.17	2228.19
813.47	2141.59
813.77	2207.13
814.07	2190.74
814.37	2239.89
814.67	2188.40
814.97	2153.29
815.27	2228.19
815.56	2253.94
815.86	2305.43
816.16	2157.97
816.46	2146.27
816.76	2207.13
817.06	2331.17
817.36	2263.30
817.66	2218.83
817.95	2150.95
818.25	2223.51
818.55	2225.85
818.85	2181.38
819.15	2136.91
819.45	2275.00
819.75	2218.83
820.04	2162.66
820.34	2300.75
820.64	2267.98
820.94	2235.21
821.24	2165.00
821.53	2221.17
821.83	2181.38
822.13	2221.17
822.43	2200.10
822.72	2169.68
823.02	2197.76
823.32	2150.95
823.62	2216.49
823.91	2347.56
824.21	2186.06
824.51	2223.51
824.81	2143.93
825.10	2129.89
825.40	2214.15
825.70	2157.97
826.00	2345.22
826.29	2202.44
826.59	2246.91
826.89	2167.34
827.18	2209.47
827.48	2186.06
827.78	2272.66
828.07	2174.36
828.37	2223.51
828.67	2249.25
828.96	2153.29
829.26	2111.16
829.56	2244.57
829.85	2157.97
830.15	2193.08
830.45	2146.27
830.74	2275.00
831.04	2209.47
831.34	2204.78
831.63	2305.43
831.93	2183.72
832.22	2207.13
832.52	2174.36
832.82	2120.53
833.11	2244.57
833.41	2174.36
833.70	2172.02
834.00	2272.66
834.29	2134.57
834.59	2153.29
834.89	2165.00
835.18	2150.95
835.48	2293.72
835.77	2221.17
836.07	2132.23
836.36	2188.40
836.66	2195.42
836.95	2225.85
837.25	2179.04
837.54	2190.74
837.84	2176.70
838.13	2228.19
838.43	2172.02
838.72	2321.81
839.02	2230.53
839.31	2111.16
839.61	2211.81
839.90	2108.82
840.20	2169.68
840.49	2136.91
840.78	2172.02
841.08	2202.44
841.37	2225.85
841.67	2101.80
841.96	2211.81
842.26	2155.63
842.55	2146.27
842.84	2092.44
843.14	2289.04
843.43	2202.44
843.73	2183.72
844.02	2207.13
844.31	2172.02
844.61	2167.34
844.90	2221.17
845.20	2207.13
845.49	2162.66
845.78	2216.49
846.08	2115.84
846.37	2183.72
846.66	2200.10
846.96	2155.63
847.25	2190.74
847.54	2225.85
847.84	2141.59
848.13	2244.57
848.42	2202.44
848.72	2225.85
849.01	2232.87
849.30	2195.42
849.59	2120.53
849.89	2174.36
850.18	2242.23
850.47	2134.57
850.76	2452.88
851.06	2289.04
851.35	2216.49
851.64	2195.42
851.93	2150.95
852.23	2366.28
852.52	2204.78
852.81	2172.02
853.10	2148.61
853.40	2190.74
853.69	2162.66
853.98	2157.97
854.27	2216.49
854.56	2167.34
854.86	2272.66
855.15	2221.17
855.44	2209.47
855.73	2195.42
856.02	2162.66
856.31	2186.06
856.61	2258.62
856.90	2150.95
857.19	2209.47
857.48	2108.82
857.77	2195.42
858.06	2094.78
858.35	2134.57
858.65	2239.89
858.94	2230.53
859.23	2157.97
859.52	2228.19
859.81	2207.13
860.10	2155.63
860.39	2305.43
860.68	2232.87
860.97	2150.95
861.26	2097.12
861.55	2282.02
861.85	2141.59
862.14	2218.83
862.43	2209.47
862.72	2207.13
863.01	2214.15
863.30	2176.70
863.59	2197.76
863.88	2193.08
864.17	2200.10
864.46	2204.78
864.75	2303.09
865.04	2204.78
865.33	2207.13
865.62	2188.40
865.91	2115.84
866.20	2197.76
866.49	2204.78
866.78	2209.47
867.07	2181.38
867.36	2225.85
867.65	2181.38
867.93	2228.19
868.22	2146.27
868.51	2183.72
868.80	2176.70
869.09	2174.36
869.38	2141.59
869.67	2188.40
869.96	2188.40
870.25	2188.40
