178.76	1748.38
179.14	1748.38
179.52	1748.38
179.90	1591.56
180.28	1881.79
180.66	1816.26
181.04	1832.64
181.42	1804.55
181.80	1832.64
182.18	1926.26
182.55	1823.28
182.93	1844.34
183.31	1788.17
183.69	1923.92
184.07	1952.01
184.45	1895.83
184.83	1968.39
185.21	1921.58
185.59	1966.05
185.97	2190.74
186.35	2064.35
186.72	1973.07
187.10	2052.65
187.48	2094.78
187.86	2029.24
188.24	2036.27
188.62	2097.12
189.00	2155.63
189.38	2111.16
189.75	2120.53
190.13	2101.80
190.51	2146.27
190.89	2249.25
191.27	2363.94
191.65	2148.61
192.03	2125.21
192.40	2197.76
192.78	2113.50
193.16	2129.89
193.54	2260.96
193.92	2225.85
194.30	2125.21
194.67	2232.87
195.05	2129.89
195.43	2106.48
195.81	2162.66
196.19	2249.25
196.56	2111.16
196.94	2111.16
197.32	2188.40
197.70	2165.00
198.08	2094.78
198.45	2214.15
198.83	2195.42
199.21	2111.16
199.59	2249.25
199.97	2157.97
200.34	2125.21
200.72	2069.03
201.10	2218.83
201.48	2169.68
201.85	2134.57
202.23	2090.10
202.61	2113.50
202.99	2277.34
203.36	2190.74
203.74	2118.18
204.12	2188.40
204.49	2092.44
204.87	2141.59
205.25	2122.87
205.63	2113.50
206.00	2139.25
206.38	2134.57
206.76	2143.93
207.14	2045.63
207.51	2162.66
207.89	2101.80
208.27	2071.37
208.64	2094.78
209.02	2162.66
209.40	2057.33
209.77	2129.89
210.15	2239.89
210.53	2143.93
210.90	2183.72
211.28	2078.40
211.66	2200.10
212.03	2169.68
212.41	2132.23
212.79	2113.50
213.16	2132.23
213.54	2118.18
213.92	2115.84
214.29	2087.76
214.67	2148.61
215.05	2167.34
215.42	2183.72
215.80	2071.37
216.17	2188.40
216.55	2148.61
216.93	2176.70
217.30	2141.59
217.68	2113.50
218.05	2162.66
218.43	2115.84
218.81	2017.54
219.18	2139.25
219.56	2134.57
219.93	2202.44
220.31	2160.31
220.69	2214.15
221.06	2111.16
221.44	2193.08
221.81	2197.76
222.19	2101.80
222.56	2111.16
222.94	2129.89
223.32	2141.59
223.69	2134.57
224.07	2195.42
224.44	2200.10
224.82	2195.42
225.19	2139.25
225.57	2146.27
225.94	2115.84
226.32	2104.14
226.69	2251.60
227.07	2246.91
227.44	2150.95
227.82	2174.36
228.19	2204.78
228.57	2172.02
228.94	2272.66
229.32	2214.15
229.69	2141.59
230.07	2125.21
230.44	2108.82
230.82	2232.87
231.19	2190.74
231.57	2125.21
231.94	2057.33
232.32	2267.98
232.69	2148.61
233.07	2132.23
233.44	2108.82
233.82	2106.48
234.19	2188.40
234.57	2209.47
234.94	2120.53
235.31	2108.82
235.69	2277.34
236.06	2054.99
236.44	2076.06
236.81	2111.16
237.19	2225.85
237.56	2230.53
237.93	2139.25
238.31	2204.78
238.68	2148.61
239.06	2162.66
239.43	2146.27
239.81	2143.93
240.18	2200.10
240.55	2153.29
240.93	2197.76
241.30	2108.82
241.67	2127.55
242.05	2169.68
242.42	2174.36
242.80	2162.66
243.17	2169.68
243.54	2235.21
243.92	2134.57
244.29	2155.63
244.66	2179.04
245.04	2214.15
245.41	2349.90
245.78	2094.78
246.16	2155.63
246.53	2181.38
246.90	2139.25
247.28	2253.94
247.65	2242.23
248.02	2179.04
248.40	2174.36
248.77	2200.10
249.14	2176.70
249.52	2125.21
249.89	2181.38
250.26	2136.91
250.64	2118.18
251.01	2275.00
251.38	2146.27
251.75	2225.85
252.13	2099.46
252.50	2197.76
252.87	2183.72
253.25	2169.68
253.62	2125.21
253.99	2211.81
254.36	2111.16
254.74	2127.55
255.11	2125.21
255.48	2179.04
255.85	2319.47
256.23	2181.38
256.60	2150.95
256.97	2113.50
257.34	2200.10
257.71	2125.21
258.09	2193.08
258.46	2195.42
258.83	2237.55
259.20	2174.36
259.58	2136.91
259.95	2169.68
260.32	2162.66
260.69	2160.31
261.06	2207.13
261.44	2094.78
261.81	2270.32
262.18	2211.81
262.55	2106.48
262.92	2134.57
263.29	2106.48
263.67	2097.12
264.04	2169.68
264.41	2146.27
264.78	2146.27
265.15	2221.17
265.52	2193.08
265.90	2223.51
266.27	2132.23
266.64	2197.76
267.01	2155.63
267.38	2136.91
267.75	2139.25
268.12	2111.16
268.50	2125.21
268.87	2160.31
269.24	2202.44
269.61	2167.34
269.98	2190.74
270.35	2197.76
270.72	2157.97
271.09	2122.87
271.46	2125.21
271.83	2221.17
272.21	2148.61
272.58	2134.57
272.95	2050.31
273.32	2207.13
273.69	2183.72
274.06	2120.53
274.43	2150.95
274.80	2160.31
275.17	2176.70
275.54	2310.11
275.91	2134.57
276.28	2204.78
276.65	2237.55
277.02	2237.55
277.39	2148.61
277.76	2132.23
278.13	2167.34
278.50	2160.31
278.87	2249.25
279.24	2195.42
279.61	2214.15
279.98	2204.78
280.35	2097.12
280.72	2118.18
281.09	2125.21
281.46	2172.02
281.83	2172.02
282.20	2169.68
282.57	2183.72
282.94	2216.49
283.31	2090.10
283.68	2183.72
284.05	2139.25
284.42	2249.25
284.79	2223.51
285.16	2258.62
285.53	2202.44
285.90	2186.06
286.27	2244.57
286.64	2172.02
287.01	2197.76
287.38	2155.63
287.75	3145.68
288.12	2232.87
288.49	2375.64
288.86	2176.70
289.23	2113.50
289.59	2202.44
289.96	2143.93
290.33	2214.15
290.70	2181.38
291.07	2176.70
291.44	2282.02
291.81	2211.81
292.18	2162.66
292.55	2090.10
292.91	2214.15
293.28	2223.51
293.65	2296.07
294.02	2202.44
294.39	2141.59
294.76	2200.10
295.13	2153.29
295.50	2169.68
295.86	2146.27
296.23	2106.48
296.60	2253.94
296.97	2207.13
297.34	2181.38
297.71	2179.04
298.07	2160.31
298.44	2153.29
298.81	2218.83
299.18	2179.04
299.55	2256.28
299.91	2181.38
300.28	2169.68
300.65	2122.87
301.02	2157.97
301.39	2188.40
301.75	2286.70
302.12	2186.06
302.49	2153.29
302.86	2237.55
303.23	2209.47
303.59	2193.08
303.96	2396.71
304.33	2211.81
304.70	2296.07
305.06	2216.49
305.43	2183.72
305.80	2155.63
306.17	2202.44
306.53	2136.91
306.90	2232.87
307.27	2183.72
307.64	2202.44
308.00	2211.81
308.37	2174.36
308.74	2270.32
309.11	2225.85
309.47	2146.27
309.84	2225.85
310.21	2146.27
310.57	2223.51
310.94	2143.93
311.31	2207.13
311.67	2209.47
312.04	2146.27
312.41	2181.38
312.77	2165.00
313.14	2167.34
313.51	2249.25
313.87	2183.72
314.24	2150.95
314.61	2155.63
314.97	2120.53
315.34	2211.81
315.71	2230.53
316.07	2214.15
316.44	2174.36
316.81	2242.23
317.17	2150.95
317.54	2361.60
317.91	2059.67
318.27	2197.76
318.64	2260.96
319.00	2270.32
319.37	2197.76
319.74	2291.38
320.10	2200.10
320.47	2157.97
320.83	2237.55
321.20	2232.87
321.57	2209.47
321.93	2155.63
322.30	2209.47
322.66	2127.55
323.03	2223.51
323.40	2197.76
323.76	2118.18
324.13	2183.72
324.49	2155.63
324.86	2410.75
325.22	2228.19
325.59	2174.36
325.95	2169.68
326.32	2249.25
326.68	2204.78
327.05	2169.68
327.42	2174.36
327.78	2125.21
328.15	2225.85
328.51	2125.21
328.88	2298.41
329.24	2235.21
329.61	2132.23
329.97	2162.66
330.34	2160.31
330.70	2181.38
331.07	2232.87
331.43	2148.61
331.80	2249.25
332.16	2214.15
332.52	2197.76
332.89	2167.34
333.25	2143.93
333.62	2314.79
333.98	2228.19
334.35	2172.02
334.71	2111.16
335.08	2174.36
335.44	2286.70
335.81	2272.66
336.17	2277.34
336.53	2181.38
336.90	2113.50
337.26	2221.17
337.63	2317.13
337.99	2216.49
338.36	2118.18
338.72	2176.70
339.08	2094.78
339.45	2115.84
339.81	2246.91
340.18	2193.08
340.54	2228.19
340.90	2167.34
341.27	2132.23
341.63	2179.04
341.99	2179.04
342.36	2193.08
342.72	2148.61
343.09	2256.28
343.45	2134.57
343.81	2200.10
344.18	2108.82
344.54	2237.55
344.90	2193.08
345.27	2174.36
345.63	2160.31
345.99	2174.36
346.36	2193.08
346.72	2258.62
347.08	2127.55
347.45	2125.21
347.81	2225.85
348.17	2207.13
348.54	2211.81
348.90	2225.85
349.26	2225.85
349.62	2204.78
349.99	2153.29
350.35	2160.31
350.71	2200.10
351.08	2157.97
351.44	2143.93
351.80	2310.11
352.16	2256.28
352.53	2211.81
352.89	2237.55
353.25	2314.79
353.61	2204.78
353.98	2249.25
354.34	2239.89
354.70	2179.04
355.06	2202.44
355.43	2209.47
355.79	2197.76
356.15	2141.59
356.51	2181.38
356.88	2165.00
357.24	2127.55
357.60	2186.06
357.96	2186.06
358.32	2324.15
358.69	2150.95
359.05	2207.13
359.41	2223.51
359.77	2129.89
360.13	2150.95
360.49	2200.10
360.86	2214.15
361.22	2256.28
361.58	2139.25
361.94	2218.83
362.30	2183.72
362.66	2190.74
363.03	2165.00
363.39	2115.84
363.75	2183.72
364.11	2282.02
364.47	2183.72
364.83	2225.85
365.19	2122.87
365.56	2235.21
365.92	2157.97
366.28	2249.25
366.64	2284.36
367.00	2162.66
367.36	2120.53
367.72	2275.00
368.08	2221.17
368.44	2197.76
368.80	2249.25
369.17	2157.97
369.53	2188.40
369.89	2169.68
370.25	2190.74
370.61	2179.04
370.97	2246.91
371.33	2209.47
371.69	2312.45
372.05	2244.57
372.41	2162.66
372.77	2104.14
373.13	2221.17
373.49	2207.13
373.85	2246.91
374.21	2216.49
374.57	2148.61
374.93	2207.13
375.29	2223.51
375.65	2165.00
376.01	2134.57
376.37	2218.83
376.73	2237.55
377.09	2129.89
377.45	2249.25
377.81	2244.57
378.17	2225.85
378.53	2202.44
378.89	2214.15
379.25	2249.25
379.61	2317.13
379.97	2242.23
380.33	2193.08
380.69	2195.42
381.05	2179.04
381.41	2195.42
381.77	2176.70
382.13	2207.13
382.49	2293.72
382.85	2129.89
383.21	2209.47
383.57	2214.15
383.93	2326.49
384.28	2160.31
384.64	2125.21
385.00	2253.94
385.36	2162.66
385.72	2270.32
386.08	2228.19
386.44	2239.89
386.80	2265.64
387.16	2356.92
387.52	2270.32
387.87	2277.34
388.23	2174.36
388.59	2221.17
388.95	2200.10
389.31	2148.61
389.67	2165.00
390.03	2174.36
390.38	2188.40
390.74	2127.55
391.10	2167.34
391.46	2160.31
391.82	2211.81
392.18	2186.06
392.54	2150.95
392.89	2218.83
393.25	2307.77
393.61	2132.23
393.97	2120.53
394.33	2181.38
394.68	2188.40
395.04	2148.61
395.40	2195.42
395.76	2218.83
396.12	2207.13
396.47	2139.25
396.83	2134.57
397.19	2139.25
397.55	2202.44
397.90	2153.29
398.26	2209.47
398.62	2155.63
398.98	2111.16
399.33	2239.89
399.69	2436.50
400.05	2211.81
400.41	1959.03
400.76	2228.19
401.12	2249.25
401.48	2239.89
401.84	2188.40
402.19	2113.50
402.55	2202.44
402.91	2202.44
403.26	2132.23
403.62	2232.87
403.98	2200.10
404.34	2165.00
404.69	2174.36
405.05	2228.19
405.41	2270.32
405.76	2127.55
406.12	2113.50
406.48	2211.81
406.83	2141.59
407.19	2228.19
407.55	2193.08
407.90	2307.77
408.26	2230.53
408.62	2162.66
408.97	2183.72
409.33	2146.27
409.68	2186.06
410.04	2319.47
410.40	2127.55
410.75	2197.76
411.11	2174.36
411.47	2167.34
411.82	2218.83
412.18	2179.04
412.53	2186.06
412.89	2183.72
413.25	2186.06
413.60	2202.44
413.96	2129.89
414.31	2204.78
414.67	2188.40
415.03	2167.34
415.38	2155.63
415.74	2162.66
416.09	2097.12
416.45	2209.47
416.80	2111.16
417.16	2277.34
417.51	2188.40
417.87	2179.04
418.23	2277.34
418.58	2134.57
418.94	2122.87
419.29	2167.34
419.65	2167.34
420.00	2310.11
420.36	2136.91
420.71	2190.74
421.07	2181.38
421.42	2214.15
421.78	2232.87
422.13	2118.18
422.49	2197.76
422.84	2202.44
423.20	2195.42
423.55	2223.51
423.91	2104.14
424.26	2265.64
424.61	2216.49
424.97	2293.72
425.32	2195.42
425.68	2209.47
426.03	2239.89
426.39	2214.15
426.74	2286.70
427.10	2251.60
427.45	2188.40
427.80	2146.27
428.16	2186.06
428.51	2132.23
428.87	2242.23
429.22	2223.51
429.58	2197.76
429.93	2237.55
430.28	2153.29
430.64	2148.61
430.99	2148.61
431.35	2284.36
431.70	2188.40
432.05	2197.76
432.41	2190.74
432.76	2167.34
433.11	2179.04
433.47	2195.42
433.82	2209.47
434.17	2183.72
434.53	2293.72
434.88	2392.03
435.24	2190.74
435.59	2165.00
435.94	2277.34
436.30	2071.37
436.65	2223.51
437.00	2174.36
437.35	2380.32
437.71	2150.95
438.06	2179.04
438.41	2172.02
438.77	2197.76
439.12	2155.63
439.47	2106.48
439.83	2246.91
440.18	2146.27
440.53	2200.10
440.88	2333.51
441.24	2244.57
441.59	2197.76
441.94	2188.40
442.30	2169.68
442.65	2244.57
443.00	2172.02
443.35	2237.55
443.71	2139.25
444.06	2218.83
444.41	2204.78
444.76	2258.62
445.11	2146.27
445.47	2284.36
445.82	2225.85
446.17	2134.57
446.52	2221.17
446.88	2197.76
447.23	2108.82
447.58	2270.32
447.93	2136.91
448.28	2511.39
448.63	2331.17
448.99	2160.31
449.34	2157.97
449.69	2197.76
450.04	2165.00
450.39	2146.27
450.74	2167.34
451.10	2148.61
451.45	2190.74
451.80	2183.72
452.15	2235.21
452.50	2195.42
452.85	2293.72
453.21	2225.85
453.56	2076.06
453.91	2246.91
454.26	2181.38
454.61	2136.91
454.96	2228.19
455.31	2204.78
455.66	2188.40
456.01	2183.72
456.36	2141.59
456.72	2160.31
457.07	2195.42
457.42	2214.15
457.77	2188.40
458.12	2157.97
458.47	2190.74
458.82	2260.96
459.17	2181.38
459.52	2129.89
459.87	2649.49
460.22	2169.68
460.57	2218.83
460.92	2165.00
461.27	2143.93
461.62	2174.36
461.97	2223.51
462.32	2244.57
462.67	2267.98
463.02	2244.57
463.38	2272.66
463.73	2275.00
464.08	2275.00
464.43	2221.17
464.78	2101.80
465.12	2228.19
465.47	2258.62
465.82	2502.03
466.17	2216.49
466.52	2218.83
466.87	2207.13
467.22	2235.21
467.57	2188.40
467.92	2214.15
468.27	2263.30
468.62	2312.45
468.97	2129.89
469.32	2228.19
469.67	2279.68
470.02	2307.77
470.37	2202.44
470.72	2237.55
471.07	2127.55
471.42	2340.54
471.76	2186.06
472.11	2188.40
472.46	2244.57
472.81	2221.17
473.16	2127.55
473.51	2157.97
473.86	2195.42
474.21	2172.02
474.56	2216.49
474.90	2146.27
475.25	2251.60
475.60	2200.10
475.95	2193.08
476.30	2186.06
476.65	2183.72
477.00	2298.41
477.34	2282.02
477.69	2165.00
478.04	2181.38
478.39	2225.85
478.74	2148.61
479.09	2134.57
479.43	2356.92
479.78	2169.68
480.13	2251.60
480.48	2260.96
480.83	2207.13
481.17	2115.84
481.52	2223.51
481.87	2181.38
482.22	2275.00
482.57	2129.89
482.91	2207.13
483.26	2204.78
483.61	2127.55
483.96	2183.72
484.30	3997.64
484.65	2260.96
485.00	2134.57
485.35	2230.53
485.69	2085.42
486.04	2193.08
486.39	2186.06
486.74	2221.17
487.08	2221.17
487.43	2153.29
487.78	2150.95
488.12	2125.21
488.47	2221.17
488.82	2132.23
489.17	2193.08
489.51	2251.60
489.86	2211.81
490.21	2155.63
490.55	2167.34
490.90	2150.95
491.25	2167.34
491.59	2104.14
491.94	2188.40
492.29	2232.87
492.63	2190.74
492.98	2115.84
493.33	2209.47
493.67	2153.29
494.02	2204.78
494.37	2188.40
494.71	2305.43
495.06	2160.31
495.40	2300.75
495.75	2190.74
496.10	2246.91
496.44	2193.08
496.79	2237.55
497.13	2148.61
497.48	2338.20
497.83	2202.44
498.17	2258.62
498.52	2179.04
498.86	2223.51
499.21	2228.19
499.56	2136.91
499.90	2193.08
500.25	2204.78
500.59	2176.70
500.94	2244.57
501.28	2211.81
501.63	2225.85
501.97	2148.61
502.32	2143.93
502.67	2134.57
503.01	2127.55
503.36	2172.02
503.70	2204.78
504.05	2225.85
504.39	2211.81
504.74	2188.40
505.08	2235.21
505.43	2143.93
505.77	2195.42
506.12	2099.46
506.46	2129.89
506.81	2125.21
507.15	2122.87
507.49	2167.34
507.84	2179.04
508.18	2204.78
508.53	2216.49
508.87	2214.15
509.22	2218.83
509.56	14352.16
509.91	2668.21
510.25	2204.78
510.60	2129.89
510.94	2202.44
511.28	2085.42
511.63	2197.76
511.97	2209.47
512.32	2181.38
512.66	2108.82
513.00	2162.66
513.35	2256.28
513.69	2169.68
514.04	2122.87
514.38	2188.40
514.72	2207.13
515.07	2174.36
515.41	2195.42
515.76	2125.21
516.10	2228.19
516.44	2200.10
516.79	2207.13
517.13	2176.70
517.47	2197.76
517.82	2169.68
518.16	2207.13
518.50	2200.10
518.85	2209.47
519.19	2256.28
519.53	2265.64
519.88	2260.96
520.22	2160.31
520.56	2174.36
520.91	2174.36
521.25	2150.95
521.59	2157.97
521.93	2176.70
522.28	2193.08
522.62	2235.21
522.96	2153.29
523.31	2223.51
523.65	2172.02
523.99	2207.13
524.33	2214.15
524.68	2235.21
525.02	2139.25
525.36	2183.72
525.70	2237.55
526.05	2176.70
526.39	2204.78
526.73	2242.23
527.07	2258.62
527.41	2253.94
527.76	2204.78
528.10	2181.38
528.44	2298.41
528.78	2090.10
529.12	2242.23
529.47	2195.42
529.81	2216.49
530.15	2237.55
530.49	2188.40
530.83	2186.06
531.18	2167.34
531.52	2214.15
531.86	2211.81
532.20	2129.89
532.54	2200.10
532.88	2186.06
533.22	2214.15
533.57	2165.00
533.91	2242.23
534.25	2122.87
534.59	2129.89
534.93	2218.83
535.27	2183.72
535.61	2190.74
535.95	2200.10
536.30	2251.60
536.64	2160.31
536.98	2165.00
537.32	2197.76
537.66	2104.14
538.00	2153.29
538.34	2209.47
538.68	2179.04
539.02	2275.00
539.36	2214.15
539.70	2127.55
540.04	2188.40
540.39	2345.22
540.73	2183.72
541.07	2134.57
541.41	2146.27
541.75	2172.02
542.09	2242.23
542.43	2169.68
542.77	2179.04
543.11	2132.23
543.45	2183.72
543.79	2223.51
544.13	2232.87
544.47	2143.93
544.81	2172.02
545.15	2239.89
545.49	2162.66
545.83	2204.78
546.17	2230.53
546.51	2165.00
546.85	2188.40
547.19	2253.94
547.53	2157.97
547.87	2249.25
548.21	2277.34
548.54	2204.78
548.88	2148.61
549.22	2143.93
549.56	2113.50
549.90	2179.04
550.24	2223.51
550.58	2134.57
550.92	2235.21
551.26	2172.02
551.60	2284.36
551.94	2228.19
552.28	2179.04
552.61	2186.06
552.95	2296.07
553.29	2197.76
553.63	2183.72
553.97	2265.64
554.31	2256.28
554.65	2244.57
554.99	2242.23
555.32	2207.13
555.66	2188.40
556.00	2118.18
556.34	2195.42
556.68	2200.10
557.02	2237.55
557.36	2284.36
557.69	2141.59
558.03	2148.61
558.37	2277.34
558.71	2385.01
559.05	2258.62
559.38	2270.32
559.72	2176.70
560.06	2188.40
560.40	2209.47
560.74	2296.07
561.07	2223.51
561.41	2237.55
561.75	2242.23
562.09	2253.94
562.42	2235.21
562.76	2242.23
563.10	2146.27
563.44	2401.39
563.77	2246.91
564.11	2186.06
564.45	2265.64
564.79	2207.13
565.12	2242.23
565.46	2272.66
565.80	2218.83
566.14	2249.25
566.47	2232.87
566.81	2204.78
567.15	2200.10
567.48	2197.76
567.82	2216.49
568.16	2204.78
568.49	2143.93
568.83	2136.91
569.17	2223.51
569.50	2237.55
569.84	2242.23
570.18	2174.36
570.51	2235.21
570.85	2162.66
571.19	2235.21
571.52	2176.70
571.86	2244.57
572.20	2195.42
572.53	2230.53
572.87	2195.42
573.21	2176.70
573.54	2157.97
573.88	2115.84
574.21	2328.83
574.55	2190.74
574.89	2181.38
575.22	2200.10
575.56	2179.04
575.89	2204.78
576.23	2179.04
576.57	2258.62
576.90	2183.72
577.24	2223.51
577.57	2129.89
577.91	2260.96
578.24	2150.95
578.58	2169.68
578.91	2115.84
579.25	2064.35
579.59	2190.74
579.92	2148.61
580.26	2190.74
580.59	2193.08
580.93	2167.34
581.26	2207.13
581.60	2218.83
581.93	2141.59
582.27	2239.89
582.60	2111.16
582.94	2214.15
583.27	2188.40
583.61	2251.60
583.94	2225.85
584.28	2214.15
584.61	2143.93
584.94	2148.61
585.28	2242.23
585.61	2200.10
585.95	2181.38
586.28	2235.21
586.62	2265.64
586.95	2176.70
587.29	2282.02
587.62	2272.66
587.95	2162.66
588.29	2127.55
588.62	2186.06
588.96	2190.74
589.29	2143.93
589.62	2197.76
589.96	2160.31
590.29	2209.47
590.63	2141.59
590.96	2239.89
591.29	2237.55
591.63	2218.83
591.96	2141.59
592.29	2153.29
592.63	2155.63
592.96	2146.27
593.30	2216.49
593.63	2181.38
593.96	2165.00
594.30	2188.40
594.63	2146.27
594.96	2270.32
595.30	2150.95
595.63	2253.94
595.96	2172.02
596.29	2211.81
596.63	2172.02
596.96	2237.55
597.29	2195.42
597.63	2099.46
597.96	2193.08
598.29	2235.21
598.63	2202.44
598.96	2232.87
599.29	2244.57
599.62	2230.53
599.96	2115.84
600.29	2141.59
600.62	2214.15
600.95	2237.55
601.29	2211.81
601.62	2258.62
601.95	2106.48
602.28	2186.06
602.61	2754.81
602.95	2225.85
603.28	2300.75
603.61	2150.95
603.94	2214.15
604.27	2127.55
604.61	2167.34
604.94	2246.91
605.27	2181.38
605.60	2153.29
605.93	2146.27
606.27	2223.51
606.60	2165.00
606.93	2099.46
607.26	2225.85
607.59	2099.46
607.92	2176.70
608.26	2136.91
608.59	2160.31
608.92	2129.89
609.25	2165.00
609.58	2232.87
609.91	2202.44
610.24	2279.68
610.57	2228.19
610.90	2207.13
611.24	2200.10
611.57	2122.87
611.90	2209.47
612.23	2225.85
612.56	2209.47
612.89	2179.04
613.22	2237.55
613.55	2122.87
613.88	2256.28
614.21	2183.72
614.54	2190.74
614.87	2127.55
615.20	2120.53
615.53	2207.13
615.87	2150.95
616.20	2211.81
616.53	2230.53
616.86	2134.57
617.19	2167.34
617.52	2129.89
617.85	2197.76
618.18	2150.95
618.51	2160.31
618.84	2232.87
619.17	2129.89
619.50	2204.78
619.83	2176.70
620.16	2111.16
620.49	2176.70
620.82	2270.32
621.14	2176.70
621.47	2134.57
621.80	2186.06
622.13	2153.29
622.46	2345.22
622.79	2157.97
623.12	2150.95
623.45	2026.90
623.78	2141.59
624.11	2186.06
624.44	2186.06
624.77	2195.42
625.10	2139.25
625.43	2097.12
625.75	2181.38
626.08	2153.29
626.41	2172.02
626.74	2218.83
627.07	2183.72
627.40	2286.70
627.73	2183.72
628.06	2202.44
628.38	2090.10
628.71	2188.40
629.04	2239.89
629.37	2197.76
629.70	2113.50
630.03	2136.91
630.36	2214.15
630.68	2249.25
631.01	2228.19
631.34	2237.55
631.67	2183.72
632.00	2125.21
632.32	2183.72
632.65	2207.13
632.98	2197.76
633.31	2160.31
633.64	2127.55
633.96	2165.00
634.29	2218.83
634.62	2218.83
634.95	2228.19
635.27	2099.46
635.60	2193.08
635.93	2207.13
636.26	2221.17
636.58	2197.76
636.91	2193.08
637.24	2108.82
637.57	2218.83
637.89	2113.50
638.22	2181.38
638.55	2207.13
638.87	2202.44
639.20	2183.72
639.53	2134.57
639.86	2235.21
640.18	2242.23
640.51	2132.23
640.84	2216.49
641.16	2150.95
641.49	2167.34
641.82	2172.02
642.14	2172.02
642.47	2331.17
642.80	2284.36
643.12	2260.96
643.45	2174.36
643.78	2216.49
644.10	2179.04
644.43	2183.72
644.75	2298.41
645.08	2132.23
645.41	2200.10
645.73	2120.53
646.06	2319.47
646.39	2246.91
646.71	2129.89
647.04	2197.76
647.36	2139.25
647.69	2242.23
648.01	2193.08
648.34	2162.66
648.67	2321.81
648.99	2242.23
649.32	2186.06
649.64	2207.13
649.97	2146.27
650.29	2160.31
650.62	2303.09
650.94	2204.78
651.27	2209.47
651.59	2296.07
651.92	2143.93
652.25	2193.08
652.57	2218.83
652.90	2249.25
653.22	2136.91
653.55	2193.08
653.87	2202.44
654.20	2230.53
654.52	2225.85
654.84	2202.44
655.17	2197.76
655.49	2263.30
655.82	2085.42
656.14	2270.32
656.47	2188.40
656.79	2335.85
657.12	2167.34
657.44	2181.38
657.77	2214.15
658.09	2167.34
658.41	2129.89
658.74	2228.19
659.06	2150.95
659.39	2153.29
659.71	2106.48
660.03	2181.38
660.36	2165.00
660.68	2228.19
661.01	2249.25
661.33	2249.25
661.65	2160.31
661.98	2230.53
662.30	2319.47
662.63	2136.91
662.95	2169.68
663.27	2181.38
663.60	2165.00
663.92	2172.02
664.24	2108.82
664.57	2111.16
664.89	2183.72
665.21	2202.44
665.54	2225.85
665.86	2207.13
666.18	2181.38
666.51	2272.66
666.83	2146.27
667.15	2317.13
667.47	2218.83
667.80	2183.72
668.12	2153.29
668.44	2183.72
668.77	2204.78
669.09	2230.53
669.41	2197.76
669.73	2122.87
670.06	2207.13
670.38	2176.70
670.70	2165.00
671.02	2214.15
671.35	2134.57
671.67	2195.42
671.99	2181.38
672.31	2183.72
672.63	2190.74
672.96	2282.02
673.28	2172.02
673.60	2211.81
673.92	2141.59
674.24	2132.23
674.57	2148.61
674.89	2211.81
675.21	2160.31
675.53	2246.91
675.85	2242.23
676.17	2209.47
676.50	2132.23
676.82	2228.19
677.14	2179.04
677.46	2321.81
677.78	2179.04
678.10	2256.28
678.42	2160.31
678.75	2120.53
679.07	2141.59
679.39	2162.66
679.71	2113.50
680.03	2195.42
680.35	2209.47
680.67	2153.29
680.99	2155.63
681.31	2111.16
681.63	2204.78
681.96	2272.66
682.28	2165.00
682.60	2244.57
682.92	2223.51
683.24	2139.25
683.56	2195.42
683.88	2141.59
684.20	2129.89
684.52	2167.34
684.84	2148.61
685.16	2111.16
685.48	2186.06
685.80	2209.47
686.12	2214.15
686.44	2251.60
686.76	2190.74
687.08	2153.29
687.40	2146.27
687.72	2279.68
688.04	2129.89
688.36	2263.30
688.68	2385.01
689.00	2150.95
689.32	2148.61
689.64	2190.74
689.96	2228.19
690.28	2195.42
690.60	2237.55
690.92	2143.93
691.24	2183.72
691.56	2108.82
691.88	2209.47
692.19	2193.08
692.51	2165.00
692.83	2244.57
693.15	2211.81
693.47	2230.53
693.79	2183.72
694.11	2141.59
694.43	2157.97
694.75	2169.68
695.06	2216.49
695.38	2216.49
695.70	2265.64
696.02	2209.47
696.34	2181.38
696.66	2176.70
696.98	2120.53
697.29	2118.18
697.61	2267.98
697.93	2249.25
698.25	2682.25
698.57	2237.55
698.89	2174.36
699.20	2183.72
699.52	2221.17
699.84	2157.97
700.16	2267.98
700.48	2211.81
700.79	2160.31
701.11	2263.30
701.43	2279.68
701.75	2197.76
702.07	2183.72
702.38	2312.45
702.70	2157.97
703.02	2148.61
703.34	2232.87
703.65	2179.04
703.97	2197.76
704.29	2303.09
704.61	2157.97
704.92	2214.15
705.24	2129.89
705.56	2218.83
705.87	2221.17
706.19	2186.06
706.51	2181.38
706.82	2186.06
707.14	2155.63
707.46	2155.63
707.78	2181.38
708.09	2244.57
708.41	2289.04
708.73	2155.63
709.04	2244.57
709.36	2179.04
709.68	2172.02
709.99	2289.04
710.31	2235.21
710.62	2134.57
710.94	2190.74
711.26	2188.40
711.57	2087.76
711.89	2172.02
712.21	2272.66
712.52	2188.40
712.84	2157.97
713.15	2136.91
713.47	2193.08
713.79	2092.44
714.10	2232.87
714.42	2106.48
714.73	2179.04
715.05	2150.95
715.36	2148.61
715.68	2181.38
715.99	2202.44
716.31	2237.55
716.63	2246.91
716.94	2190.74
717.26	2342.88
717.57	2249.25
717.89	2253.94
718.20	2136.91
718.52	2267.98
718.83	2221.17
719.15	2286.70
719.46	2289.04
719.78	2244.57
720.09	2197.76
720.41	2094.78
720.72	2146.27
721.04	2214.15
721.35	2190.74
721.67	2209.47
721.98	2162.66
722.29	2150.95
722.61	2111.16
722.92	2141.59
723.24	2197.76
723.55	2193.08
723.87	2162.66
724.18	2181.38
724.50	2190.74
724.81	2167.34
725.12	2202.44
725.44	2183.72
725.75	2169.68
726.07	2155.63
726.38	2157.97
726.69	2197.76
727.01	2225.85
727.32	2143.93
727.63	2188.40
727.95	2237.55
728.26	2101.80
728.58	2153.29
728.89	2160.31
729.20	2204.78
729.52	2141.59
729.83	2270.32
730.14	2211.81
730.46	2129.89
730.77	2214.15
731.08	2223.51
731.39	2162.66
731.71	2188.40
732.02	2181.38
732.33	2172.02
732.65	2181.38
732.96	2324.15
733.27	2214.15
733.59	2314.79
733.90	2244.57
734.21	2150.95
734.52	2165.00
734.84	2317.13
735.15	2225.85
735.46	2251.60
735.77	1989.46
736.09	2174.36
736.40	2270.32
736.71	2181.38
737.02	2111.16
737.33	2209.47
737.65	2193.08
737.96	2176.70
738.27	2207.13
738.58	2321.81
738.89	2197.76
739.21	2230.53
739.52	2242.23
739.83	2181.38
740.14	2188.40
740.45	2218.83
740.76	2169.68
741.08	2162.66
741.39	2202.44
741.70	2181.38
742.01	2165.00
742.32	2195.42
742.63	2193.08
742.94	2197.76
743.26	2221.17
743.57	2244.57
743.88	2232.87
744.19	2253.94
744.50	2172.02
744.81	2267.98
745.12	2223.51
745.43	2200.10
745.74	2340.54
746.05	2225.85
746.36	2150.95
746.67	2289.04
746.99	2235.21
747.30	2225.85
747.61	2111.16
747.92	2214.15
748.23	2265.64
748.54	2186.06
748.85	2143.93
749.16	2204.78
749.47	2143.93
749.78	2141.59
750.09	2204.78
750.40	2179.04
750.71	2218.83
751.02	2207.13
751.33	2223.51
751.64	2186.06
751.95	2200.10
752.26	2249.25
752.57	2190.74
752.88	2209.47
753.19	2176.70
753.50	2244.57
753.81	2174.36
754.11	2165.00
754.42	2342.88
754.73	2115.84
755.04	2186.06
755.35	2221.17
755.66	2319.47
755.97	2169.68
756.28	2169.68
756.59	2251.60
756.90	2361.60
757.21	2298.41
757.52	2214.15
757.82	2293.72
758.13	2134.57
758.44	2235.21
758.75	2186.06
759.06	2129.89
759.37	2179.04
759.68	2211.81
759.98	2186.06
760.29	2186.06
760.60	2172.02
760.91	2204.78
761.22	2244.57
761.53	2209.47
761.83	2139.25
762.14	2136.91
762.45	2101.80
762.76	2172.02
763.07	2188.40
763.37	2303.09
763.68	2310.11
763.99	2284.36
764.30	2286.70
764.60	2200.10
764.91	2188.40
765.22	2125.21
765.53	2207.13
765.84	2141.59
766.14	2165.00
766.45	2195.42
766.76	2417.77
767.06	2172.02
767.37	2200.10
767.68	2221.17
767.99	2162.66
768.29	2183.72
768.60	2165.00
768.91	2216.49
769.21	2263.30
769.52	2263.30
769.83	2169.68
770.13	2169.68
770.44	2148.61
770.75	2195.42
771.05	2143.93
771.36	2195.42
771.67	2232.87
771.97	2162.66
772.28	2214.15
772.59	2221.17
772.89	2181.38
773.20	2143.93
773.51	2197.76
773.81	2265.64
774.12	2197.76
774.42	2230.53
774.73	2174.36
775.04	2153.29
775.34	2380.32
775.65	2176.70
775.95	2291.38
776.26	2150.95
776.56	2277.34
776.87	2202.44
777.18	3239.30
777.48	2349.90
777.79	2251.60
778.09	2286.70
778.40	2239.89
778.70	2221.17
779.01	2277.34
779.31	2223.51
779.62	2127.55
779.92	2179.04
780.23	2263.30
780.53	2165.00
780.84	2204.78
781.14	2179.04
781.45	2153.29
781.75	2195.42
782.06	2005.84
782.36	2307.77
782.67	2129.89
782.97	2160.31
783.28	2317.13
783.58	2169.68
783.89	2167.34
784.19	2209.47
784.49	2326.49
784.80	2246.91
785.10	2303.09
785.41	2129.89
785.71	2193.08
786.02	2242.23
786.32	2342.88
786.62	2225.85
786.93	2209.47
787.23	2136.91
787.54	2237.55
787.84	2230.53
788.14	2246.91
788.45	2221.17
788.75	2132.23
789.05	2188.40
789.36	2221.17
789.66	2282.02
789.96	2221.17
790.27	2209.47
790.57	2200.10
790.87	2122.87
791.18	2162.66
791.48	2150.95
791.78	2221.17
792.09	2193.08
792.39	2162.66
792.69	2207.13
793.00	2101.80
793.30	2141.59
793.60	2169.68
793.90	2136.91
794.21	2157.97
794.51	2349.90
794.81	2228.19
795.11	2125.21
795.42	2216.49
795.72	2223.51
796.02	2239.89
796.32	2193.08
796.63	2160.31
796.93	2246.91
797.23	2214.15
797.53	2422.45
797.84	2202.44
798.14	2176.70
798.44	2197.76
798.74	2237.55
799.04	2157.97
799.34	2169.68
799.65	2289.04
799.95	2204.78
800.25	2155.63
800.55	2204.78
800.85	2134.57
801.15	2242.23
801.46	2181.38
801.76	2319.47
802.06	2157.97
802.36	2225.85
802.66	2134.57
802.96	2225.85
803.26	2265.64
803.56	2218.83
803.87	2317.13
804.17	2155.63
804.47	2143.93
804.77	2249.25
805.07	2249.25
805.37	2209.47
805.67	2211.81
805.97	2165.00
806.27	2141.59
806.57	2136.91
806.87	2282.02
807.17	2193.08
807.47	2328.83
807.77	2317.13
808.07	2169.68
808.37	2223.51
808.67	2286.70
808.98	2326.49
809.28	2223.51
809.58	2321.81
809.88	2204.78
810.18	2324.15
810.47	2106.48
810.77	2134.57
811.07	2239.89
811.37	2148.61
811.67	2146.27
811.97	2033.93
812.27	2174.36
812.57	2062.01
812.87	2139.25
813.17	2146.27
813.47	2169.68
813.77	2169.68
814.07	2160.31
814.37	2190.74
814.67	2225.85
814.97	2209.47
815.27	2157.97
815.56	2125.21
815.86	2221.17
816.16	2200.10
816.46	2174.36
816.76	2139.25
817.06	2211.81
817.36	2338.20
817.66	2165.00
817.95	2207.13
818.25	2200.10
818.55	2174.36
818.85	2195.42
819.15	2099.46
819.45	2251.60
819.75	2221.17
820.04	2244.57
820.34	2246.91
820.64	2216.49
820.94	2242.23
821.24	2165.00
821.53	2157.97
821.83	2160.31
822.13	2223.51
822.43	2200.10
822.72	2169.68
823.02	2162.66
823.32	2186.06
823.62	2209.47
823.91	2356.92
824.21	2167.34
824.51	2225.85
824.81	2101.80
825.10	2127.55
825.40	2190.74
825.70	2209.47
826.00	2232.87
826.29	2148.61
826.59	2188.40
826.89	2150.95
827.18	2188.40
827.48	2097.12
827.78	2190.74
828.07	2265.64
828.37	2172.02
828.67	2214.15
828.96	2197.76
829.26	2174.36
829.56	2272.66
829.85	2113.50
830.15	2148.61
830.45	2148.61
830.74	2221.17
831.04	2186.06
831.34	2190.74
831.63	2279.68
831.93	2260.96
832.22	2225.85
832.52	2186.06
832.82	2141.59
833.11	2167.34
833.41	2134.57
833.70	2181.38
834.00	2251.60
834.29	2167.34
834.59	2195.42
834.89	2193.08
835.18	2207.13
835.48	2148.61
835.77	2237.55
836.07	2200.10
836.36	2211.81
836.66	2279.68
836.95	2209.47
837.25	2197.76
837.54	2211.81
837.84	2150.95
838.13	2148.61
838.43	2183.72
838.72	2279.68
839.02	2239.89
839.31	2181.38
839.61	2237.55
839.90	2132.23
840.20	2204.78
840.49	2174.36
840.78	2207.13
841.08	2216.49
841.37	2176.70
841.67	2228.19
841.96	2174.36
842.26	2209.47
842.55	2148.61
842.84	2139.25
843.14	2225.85
843.43	2183.72
843.73	2160.31
844.02	2167.34
844.31	2186.06
844.61	2200.10
844.90	2221.17
845.20	2134.57
845.49	2176.70
845.78	2200.10
846.08	2169.68
846.37	2160.31
846.66	2319.47
846.96	2200.10
847.25	2174.36
847.54	2172.02
847.84	2204.78
848.13	2129.89
848.42	2225.85
848.72	2160.31
849.01	2179.04
849.30	2157.97
849.59	2148.61
849.89	2167.34
850.18	2293.72
850.47	2181.38
850.76	2289.04
851.06	2335.85
851.35	2195.42
851.64	2225.85
851.93	2225.85
852.23	2406.07
852.52	2120.53
852.81	2200.10
853.10	2129.89
853.40	2148.61
853.69	2160.31
853.98	2195.42
854.27	2263.30
854.56	2204.78
854.86	2186.06
855.15	2228.19
855.44	2265.64
855.73	2153.29
856.02	2200.10
856.31	2218.83
856.61	2235.21
856.90	2141.59
857.19	2136.91
857.48	2179.04
857.77	2207.13
858.06	2200.10
858.35	2106.48
858.65	2179.04
858.94	2237.55
859.23	2157.97
859.52	2197.76
859.81	2239.89
860.10	2186.06
860.39	2183.72
860.68	2190.74
860.97	2153.29
861.26	2155.63
861.55	2242.23
861.85	2179.04
862.14	2132.23
862.43	2239.89
862.72	2202.44
863.01	2129.89
863.30	2157.97
863.59	2265.64
863.88	2174.36
864.17	2174.36
864.46	2153.29
864.75	2279.68
865.04	2174.36
865.33	2127.55
865.62	2207.13
865.91	2211.81
866.20	2200.10
866.49	2165.00
866.78	2169.68
867.07	2162.66
867.36	2216.49
867.65	2155.63
867.93	2263.30
868.22	2214.15
868.51	2122.87
868.80	2195.42
869.09	2169.68
869.38	2134.57
869.67	2242.23
869.96	2242.23
870.25	2242.23
