178.76	1696.89
179.14	1696.89
179.52	1696.89
179.90	1703.91
180.28	1879.45
180.66	1795.19
181.04	1844.34
181.42	1732.00
181.80	1804.55
182.18	1825.62
182.55	1863.07
182.93	1809.23
183.31	1851.36
183.69	1909.88
184.07	1921.58
184.45	1898.17
184.83	1949.67
185.21	1984.77
185.59	1954.35
185.97	2136.91
186.35	2054.99
186.72	2038.61
187.10	2005.84
187.48	2115.84
187.86	2038.61
188.24	2069.03
188.62	2003.50
189.00	2118.18
189.38	2146.27
189.75	2045.63
190.13	2146.27
190.51	2136.91
190.89	2230.53
191.27	2394.37
191.65	2101.80
192.03	2052.65
192.40	2333.51
192.78	2071.37
193.16	2134.57
193.54	2246.91
193.92	2127.55
194.30	2118.18
194.67	2179.04
195.05	2127.55
195.43	2118.18
195.81	2122.87
196.19	2230.53
196.56	2237.55
196.94	2127.55
197.32	2225.85
197.70	2181.38
198.08	2197.76
198.45	2155.63
198.83	2127.55
199.21	2214.15
199.59	2272.66
199.97	2195.42
200.34	2118.18
200.72	2066.69
201.10	2335.85
201.48	2284.36
201.85	2181.38
202.23	2202.44
202.61	2069.03
202.99	2307.77
203.36	2165.00
203.74	2202.44
204.12	2193.08
204.49	2090.10
204.87	2087.76
205.25	2160.31
205.63	2179.04
206.00	2174.36
206.38	2150.95
206.76	2188.40
207.14	2134.57
207.51	2078.40
207.89	2160.31
208.27	2101.80
208.64	2101.80
209.02	2127.55
209.40	2108.82
209.77	2181.38
210.15	2279.68
210.53	2129.89
210.90	2165.00
211.28	2150.95
211.66	2090.10
212.03	2040.95
212.41	2092.44
212.79	2136.91
213.16	2050.31
213.54	2085.42
213.92	2141.59
214.29	2115.84
214.67	2136.91
215.05	2183.72
215.42	2200.10
215.80	2101.80
216.17	2099.46
216.55	2122.87
216.93	2113.50
217.30	2113.50
217.68	2129.89
218.05	2150.95
218.43	2073.71
218.81	2083.08
219.18	2256.28
219.56	2097.12
219.93	2176.70
220.31	2153.29
220.69	2134.57
221.06	2080.74
221.44	2155.63
221.81	2200.10
222.19	2132.23
222.56	2146.27
222.94	2169.68
223.32	2179.04
223.69	2136.91
224.07	2186.06
224.44	2165.00
224.82	2223.51
225.19	2134.57
225.57	2188.40
225.94	2115.84
226.32	2174.36
226.69	2218.83
227.07	2230.53
227.44	2148.61
227.82	2197.76
228.19	2165.00
228.57	2193.08
228.94	2239.89
229.32	2223.51
229.69	2284.36
230.07	2146.27
230.44	2179.04
230.82	2193.08
231.19	2214.15
231.57	2183.72
231.94	2136.91
232.32	2321.81
232.69	2188.40
233.07	2148.61
233.44	2179.04
233.82	2188.40
234.19	2104.14
234.57	2237.55
234.94	2167.34
235.31	2172.02
235.69	2167.34
236.06	2195.42
236.44	2249.25
236.81	2129.89
237.19	2197.76
237.56	2223.51
237.93	2218.83
238.31	2230.53
238.68	2097.12
239.06	2125.21
239.43	2232.87
239.81	2197.76
240.18	2202.44
240.55	2104.14
240.93	2310.11
241.30	2186.06
241.67	2157.97
242.05	2183.72
242.42	2246.91
242.80	2129.89
243.17	2209.47
243.54	2195.42
243.92	2132.23
244.29	2127.55
244.66	2181.38
245.04	2230.53
245.41	2293.72
245.78	2204.78
246.16	2160.31
246.53	2104.14
246.90	2160.31
247.28	2305.43
247.65	2204.78
248.02	2120.53
248.40	2209.47
248.77	2331.17
249.14	2230.53
249.52	2223.51
249.89	2190.74
250.26	2150.95
250.64	2188.40
251.01	2314.79
251.38	2125.21
251.75	2207.13
252.13	2143.93
252.50	2218.83
252.87	2300.75
253.25	2094.78
253.62	2181.38
253.99	2197.76
254.36	2188.40
254.74	2176.70
255.11	2172.02
255.48	2113.50
255.85	2190.74
256.23	2097.12
256.60	2143.93
256.97	2169.68
257.34	2204.78
257.71	2216.49
258.09	2193.08
258.46	2141.59
258.83	2200.10
259.20	2172.02
259.58	2195.42
259.95	2193.08
260.32	2172.02
260.69	2146.27
261.06	2174.36
261.44	2195.42
261.81	2267.98
262.18	2211.81
262.55	2155.63
262.92	2169.68
263.29	2129.89
263.67	2090.10
264.04	2188.40
264.41	2118.18
264.78	2176.70
265.15	2270.32
265.52	2244.57
265.90	2157.97
266.27	2169.68
266.64	2190.74
267.01	2129.89
267.38	2209.47
267.75	2162.66
268.12	2125.21
268.50	2136.91
268.87	2148.61
269.24	2099.46
269.61	2179.04
269.98	2165.00
270.35	2183.72
270.72	2101.80
271.09	2141.59
271.46	2157.97
271.83	2146.27
272.21	2136.91
272.58	2120.53
272.95	2157.97
273.32	2218.83
273.69	2244.57
274.06	2090.10
274.43	2134.57
274.80	2083.08
275.17	2183.72
275.54	2251.60
275.91	2183.72
276.28	2179.04
276.65	2200.10
277.02	2216.49
277.39	2172.02
277.76	2188.40
278.13	2176.70
278.50	2277.34
278.87	2265.64
279.24	2141.59
279.61	2289.04
279.98	2223.51
280.35	2188.40
280.72	2155.63
281.09	2139.25
281.46	2190.74
281.83	2181.38
282.20	2223.51
282.57	2230.53
282.94	2153.29
283.31	2211.81
283.68	2169.68
284.05	2176.70
284.42	2122.87
284.79	2263.30
285.16	2253.94
285.53	2195.42
285.90	1989.46
286.27	2349.90
286.64	2209.47
287.01	2204.78
287.38	2181.38
287.75	3019.29
288.12	2272.66
288.49	2277.34
288.86	2120.53
289.23	2193.08
289.59	2157.97
289.96	2181.38
290.33	2165.00
290.70	2200.10
291.07	2202.44
291.44	2195.42
291.81	2188.40
292.18	2169.68
292.55	2197.76
292.91	2211.81
293.28	2172.02
293.65	2265.64
294.02	2200.10
294.39	2073.71
294.76	2179.04
295.13	2165.00
295.50	2211.81
295.86	2216.49
296.23	2125.21
296.60	2134.57
296.97	2202.44
297.34	2197.76
297.71	2204.78
298.07	2188.40
298.44	2155.63
298.81	2272.66
299.18	2218.83
299.55	2260.96
299.91	2214.15
300.28	2150.95
300.65	2181.38
301.02	2160.31
301.39	2129.89
301.75	2260.96
302.12	2246.91
302.49	2141.59
302.86	2214.15
303.23	2172.02
303.59	2148.61
303.96	2136.91
304.33	2284.36
304.70	2284.36
305.06	2197.76
305.43	2223.51
305.80	2188.40
306.17	2216.49
306.53	2179.04
306.90	2228.19
307.27	2120.53
307.64	2242.23
308.00	2181.38
308.37	2176.70
308.74	2225.85
309.11	2181.38
309.47	2134.57
309.84	2179.04
310.21	2120.53
310.57	2237.55
310.94	2193.08
311.31	2108.82
311.67	2237.55
312.04	2148.61
312.41	2277.34
312.77	2197.76
313.14	2197.76
313.51	2169.68
313.87	2129.89
314.24	2165.00
314.61	2181.38
314.97	2214.15
315.34	2181.38
315.71	2106.48
316.07	2221.17
316.44	2174.36
316.81	2246.91
317.17	2193.08
317.54	2253.94
317.91	2146.27
318.27	2141.59
318.64	2127.55
319.00	2188.40
319.37	2204.78
319.74	2174.36
320.10	2270.32
320.47	2193.08
320.83	2223.51
321.20	2190.74
321.57	2197.76
321.93	2246.91
322.30	2104.14
322.66	2129.89
323.03	2099.46
323.40	2143.93
323.76	2211.81
324.13	2129.89
324.49	2200.10
324.86	2361.60
325.22	2277.34
325.59	2179.04
325.95	2190.74
326.32	2272.66
326.68	2235.21
327.05	2244.57
327.42	2256.28
327.78	2155.63
328.15	2209.47
328.51	2157.97
328.88	2120.53
329.24	2282.02
329.61	2169.68
329.97	2169.68
330.34	2176.70
330.70	2209.47
331.07	2256.28
331.43	2167.34
331.80	2289.04
332.16	2298.41
332.52	2146.27
332.89	2221.17
333.25	2186.06
333.62	2260.96
333.98	2181.38
334.35	2179.04
334.71	2155.63
335.08	2251.60
335.44	2251.60
335.81	2225.85
336.17	2223.51
336.53	2225.85
336.90	2148.61
337.26	2195.42
337.63	2293.72
337.99	2172.02
338.36	2172.02
338.72	2223.51
339.08	2223.51
339.45	2202.44
339.81	2319.47
340.18	2225.85
340.54	2307.77
340.90	2054.99
341.27	2230.53
341.63	2289.04
341.99	2134.57
342.36	2256.28
342.72	2129.89
343.09	2272.66
343.45	2153.29
343.81	2216.49
344.18	2165.00
344.54	2172.02
344.90	2218.83
345.27	2127.55
345.63	2204.78
345.99	2207.13
346.36	2235.21
346.72	2160.31
347.08	2207.13
347.45	2172.02
347.81	2228.19
348.17	2218.83
348.54	2148.61
348.90	2162.66
349.26	2263.30
349.62	2239.89
349.99	2197.76
350.35	2143.93
350.71	2211.81
351.08	2186.06
351.44	2202.44
351.80	2265.64
352.16	2244.57
352.53	2221.17
352.89	2242.23
353.25	2286.70
353.61	2188.40
353.98	2260.96
354.34	2244.57
354.70	2237.55
355.06	2155.63
355.43	2204.78
355.79	2176.70
356.15	2232.87
356.51	2150.95
356.88	2174.36
357.24	2195.42
357.60	2139.25
357.96	2120.53
358.32	2298.41
358.69	2183.72
359.05	2237.55
359.41	2237.55
359.77	2246.91
360.13	2218.83
360.49	2211.81
360.86	2179.04
361.22	2235.21
361.58	2188.40
361.94	2239.89
362.30	2179.04
362.66	2148.61
363.03	2242.23
363.39	2153.29
363.75	2122.87
364.11	2270.32
364.47	2153.29
364.83	2242.23
365.19	2165.00
365.56	2237.55
365.92	2120.53
366.28	2202.44
366.64	2270.32
367.00	2169.68
367.36	2160.31
367.72	2293.72
368.08	2277.34
368.44	2246.91
368.80	2223.51
369.17	2186.06
369.53	2188.40
369.89	2169.68
370.25	2165.00
370.61	2153.29
370.97	2279.68
371.33	2214.15
371.69	2125.21
372.05	2286.70
372.41	2211.81
372.77	2153.29
373.13	2214.15
373.49	2183.72
373.85	2239.89
374.21	2296.07
374.57	2207.13
374.93	2181.38
375.29	2197.76
375.65	2169.68
376.01	2169.68
376.37	2223.51
376.73	2244.57
377.09	2232.87
377.45	2260.96
377.81	2200.10
378.17	2139.25
378.53	2186.06
378.89	2200.10
379.25	2260.96
379.61	2277.34
379.97	2260.96
380.33	2195.42
380.69	2193.08
381.05	2260.96
381.41	2239.89
381.77	2256.28
382.13	2195.42
382.49	2282.02
382.85	2256.28
383.21	2244.57
383.57	2202.44
383.93	2242.23
384.28	2237.55
384.64	2127.55
385.00	2209.47
385.36	2202.44
385.72	2242.23
386.08	2202.44
386.44	2202.44
386.80	2267.98
387.16	2211.81
387.52	2214.15
387.87	2291.38
388.23	2165.00
388.59	2211.81
388.95	2118.18
389.31	2111.16
389.67	2172.02
390.03	2155.63
390.38	2188.40
390.74	2108.82
391.10	2246.91
391.46	2160.31
391.82	2225.85
392.18	2223.51
392.54	2099.46
392.89	2188.40
393.25	2209.47
393.61	2186.06
393.97	2172.02
394.33	2165.00
394.68	2251.60
395.04	2165.00
395.40	2204.78
395.76	2253.94
396.12	2183.72
396.47	2167.34
396.83	2272.66
397.19	2214.15
397.55	2190.74
397.90	2174.36
398.26	2200.10
398.62	2190.74
398.98	2162.66
399.33	2211.81
399.69	2487.99
400.05	2188.40
400.41	2169.68
400.76	2239.89
401.12	2207.13
401.48	2176.70
401.84	2167.34
402.19	2200.10
402.55	2165.00
402.91	2134.57
403.26	2111.16
403.62	2143.93
403.98	2118.18
404.34	2221.17
404.69	2174.36
405.05	2223.51
405.41	2272.66
405.76	2160.31
406.12	2113.50
406.48	2221.17
406.83	2218.83
407.19	2162.66
407.55	2214.15
407.90	2317.13
408.26	2150.95
408.62	2188.40
408.97	2127.55
409.33	2162.66
409.68	2214.15
410.04	2242.23
410.40	2148.61
410.75	2197.76
411.11	2225.85
411.47	2200.10
411.82	2162.66
412.18	2186.06
412.53	2143.93
412.89	2073.71
413.25	2132.23
413.60	2188.40
413.96	2125.21
414.31	2197.76
414.67	2223.51
415.03	2129.89
415.38	2139.25
415.74	2169.68
416.09	2195.42
416.45	2190.74
416.80	2139.25
417.16	2232.87
417.51	2162.66
417.87	2148.61
418.23	2122.87
418.58	2200.10
418.94	2172.02
419.29	2122.87
419.65	2157.97
420.00	2209.47
420.36	2211.81
420.71	2235.21
421.07	2209.47
421.42	2270.32
421.78	2197.76
422.13	2193.08
422.49	2256.28
422.84	2197.76
423.20	2078.40
423.55	2172.02
423.91	2211.81
424.26	2300.75
424.61	2190.74
424.97	2286.70
425.32	2202.44
425.68	2193.08
426.03	2209.47
426.39	2155.63
426.74	2188.40
427.10	2230.53
427.45	2207.13
427.80	2239.89
428.16	2216.49
428.51	2228.19
428.87	2193.08
429.22	2195.42
429.58	2211.81
429.93	2200.10
430.28	1898.17
430.64	2127.55
430.99	2115.84
431.35	2221.17
431.70	2207.13
432.05	2167.34
432.41	2193.08
432.76	2230.53
433.11	2197.76
433.47	2134.57
433.82	2237.55
434.17	2230.53
434.53	2263.30
434.88	2331.17
435.24	2253.94
435.59	2169.68
435.94	2179.04
436.30	2176.70
436.65	2127.55
437.00	2246.91
437.35	2321.81
437.71	2181.38
438.06	2190.74
438.41	2165.00
438.77	2221.17
439.12	2188.40
439.47	2188.40
439.83	2160.31
440.18	2174.36
440.53	2253.94
440.88	2237.55
441.24	2162.66
441.59	2209.47
441.94	2160.31
442.30	2186.06
442.65	2211.81
443.00	2179.04
443.35	2286.70
443.71	2167.34
444.06	2228.19
444.41	2225.85
444.76	2260.96
445.11	2216.49
445.47	2228.19
445.82	2202.44
446.17	2153.29
446.52	2228.19
446.88	2120.53
447.23	2207.13
447.58	2253.94
447.93	2244.57
448.28	2530.12
448.63	2289.04
448.99	2265.64
449.34	2251.60
449.69	2214.15
450.04	2141.59
450.39	2181.38
450.74	2174.36
451.10	2223.51
451.45	2195.42
451.80	2204.78
452.15	2225.85
452.50	2193.08
452.85	2232.87
453.21	2186.06
453.56	2242.23
453.91	2195.42
454.26	2221.17
454.61	2242.23
454.96	2232.87
455.31	2176.70
455.66	2143.93
456.01	2207.13
456.36	2153.29
456.72	2232.87
457.07	2204.78
457.42	2286.70
457.77	2204.78
458.12	2113.50
458.47	2186.06
458.82	2200.10
459.17	2160.31
459.52	2129.89
459.87	2658.85
460.22	2242.23
460.57	2165.00
460.92	2078.40
461.27	2223.51
461.62	2136.91
461.97	2176.70
462.32	2296.07
462.67	2193.08
463.02	2345.22
463.38	2263.30
463.73	2246.91
464.08	2235.21
464.43	2216.49
464.78	2153.29
465.12	2200.10
465.47	2342.88
465.82	2452.88
466.17	2186.06
466.52	2207.13
466.87	2183.72
467.22	2136.91
467.57	2202.44
467.92	2237.55
468.27	2317.13
468.62	2296.07
468.97	2193.08
469.32	2136.91
469.67	2347.56
470.02	2307.77
470.37	2221.17
470.72	2249.25
471.07	2179.04
471.42	2246.91
471.76	2162.66
472.11	2211.81
472.46	2221.17
472.81	2345.22
473.16	2197.76
473.51	2183.72
473.86	2150.95
474.21	2169.68
474.56	2200.10
474.90	2195.42
475.25	2310.11
475.60	2275.00
475.95	2167.34
476.30	2286.70
476.65	2218.83
477.00	2345.22
477.34	2225.85
477.69	2195.42
478.04	2249.25
478.39	2150.95
478.74	2209.47
479.09	2181.38
479.43	2462.24
479.78	2104.14
480.13	2303.09
480.48	2291.38
480.83	2207.13
481.17	2127.55
481.52	2246.91
481.87	2211.81
482.22	2275.00
482.57	2162.66
482.91	2080.74
483.26	2267.98
483.61	2202.44
483.96	2169.68
484.30	4018.70
484.65	2305.43
485.00	2169.68
485.35	2179.04
485.69	2186.06
486.04	2174.36
486.39	2122.87
486.74	2200.10
487.08	2167.34
487.43	2186.06
487.78	2165.00
488.12	2204.78
488.47	2155.63
488.82	2237.55
489.17	2111.16
489.51	2122.87
489.86	2293.72
490.21	2193.08
490.55	2165.00
490.90	2228.19
491.25	2209.47
491.59	2160.31
491.94	2267.98
492.29	2183.72
492.63	2202.44
492.98	2104.14
493.33	2232.87
493.67	2179.04
494.02	2071.37
494.37	2197.76
494.71	2167.34
495.06	2172.02
495.40	2265.64
495.75	2099.46
496.10	2232.87
496.44	2200.10
496.79	2249.25
497.13	2160.31
497.48	2314.79
497.83	2242.23
498.17	2300.75
498.52	2211.81
498.86	2181.38
499.21	2216.49
499.56	2134.57
499.90	2190.74
500.25	2169.68
500.59	2328.83
500.94	2251.60
501.28	2160.31
501.63	2197.76
501.97	2172.02
502.32	2134.57
502.67	2209.47
503.01	2195.42
503.36	2148.61
503.70	2104.14
504.05	2193.08
504.39	2221.17
504.74	2172.02
505.08	2303.09
505.43	2176.70
505.77	2155.63
506.12	2211.81
506.46	2207.13
506.81	2193.08
507.15	2218.83
507.49	2146.27
507.84	2165.00
508.18	2157.97
508.53	2113.50
508.87	2183.72
509.22	2146.27
509.56	14462.17
509.91	2766.51
510.25	2204.78
510.60	2132.23
510.94	2216.49
511.28	2157.97
511.63	2204.78
511.97	2204.78
512.32	2260.96
512.66	2143.93
513.00	2186.06
513.35	2134.57
513.69	2125.21
514.04	2237.55
514.38	2165.00
514.72	2200.10
515.07	2141.59
515.41	2155.63
515.76	2188.40
516.10	2235.21
516.44	2193.08
516.79	2139.25
517.13	2118.18
517.47	2317.13
517.82	2092.44
518.16	2136.91
518.50	2172.02
518.85	2183.72
519.19	2181.38
519.53	2237.55
519.88	2174.36
520.22	2188.40
520.56	2221.17
520.91	2207.13
521.25	2193.08
521.59	2160.31
521.93	2256.28
522.28	2118.18
522.62	2270.32
522.96	2239.89
523.31	2129.89
523.65	2136.91
523.99	2202.44
524.33	2321.81
524.68	2197.76
525.02	2176.70
525.36	2202.44
525.70	2221.17
526.05	2169.68
526.39	2176.70
526.73	2190.74
527.07	2221.17
527.41	2267.98
527.76	2214.15
528.10	2284.36
528.44	2188.40
528.78	2150.95
529.12	2235.21
529.47	2157.97
529.81	2193.08
530.15	2190.74
530.49	2134.57
530.83	2176.70
531.18	2120.53
531.52	2174.36
531.86	2150.95
532.20	2160.31
532.54	2223.51
532.88	2153.29
533.22	2197.76
533.57	2218.83
533.91	2232.87
534.25	2134.57
534.59	2272.66
534.93	2129.89
535.27	2179.04
535.61	2106.48
535.95	2282.02
536.30	2200.10
536.64	2186.06
536.98	2162.66
537.32	2104.14
537.66	2195.42
538.00	2263.30
538.34	2242.23
538.68	2169.68
539.02	2265.64
539.36	2172.02
539.70	2143.93
540.04	2157.97
540.39	2382.67
540.73	2183.72
541.07	2188.40
541.41	2225.85
541.75	2157.97
542.09	2242.23
542.43	2230.53
542.77	2157.97
543.11	2195.42
543.45	2209.47
543.79	2157.97
544.13	2160.31
544.47	2195.42
544.81	2167.34
545.15	2174.36
545.49	2111.16
545.83	2162.66
546.17	2190.74
546.51	2214.15
546.85	2113.50
547.19	2289.04
547.53	2197.76
547.87	2179.04
548.21	2256.28
548.54	2153.29
548.88	2172.02
549.22	2223.51
549.56	2153.29
549.90	2188.40
550.24	2155.63
550.58	2183.72
550.92	2200.10
551.26	2239.89
551.60	2275.00
551.94	2207.13
552.28	2221.17
552.61	2244.57
552.95	2249.25
553.29	2188.40
553.63	2162.66
553.97	2230.53
554.31	2214.15
554.65	2253.94
554.99	2265.64
555.32	2165.00
555.66	2150.95
556.00	2214.15
556.34	2195.42
556.68	2160.31
557.02	2267.98
557.36	2195.42
557.69	2214.15
558.03	2181.38
558.37	2289.04
558.71	2286.70
559.05	2200.10
559.38	2242.23
559.72	2193.08
560.06	2270.32
560.40	2207.13
560.74	2197.76
561.07	2232.87
561.41	2193.08
561.75	2228.19
562.09	2214.15
562.42	2228.19
562.76	2186.06
563.10	2230.53
563.44	2431.82
563.77	2223.51
564.11	2258.62
564.45	2242.23
564.79	2258.62
565.12	2190.74
565.46	2284.36
565.80	2230.53
566.14	2195.42
566.47	2249.25
566.81	2127.55
567.15	2202.44
567.48	2207.13
567.82	2200.10
568.16	2188.40
568.49	2267.98
568.83	2253.94
569.17	2195.42
569.50	2230.53
569.84	2284.36
570.18	2188.40
570.51	2232.87
570.85	2223.51
571.19	2249.25
571.52	2165.00
571.86	2143.93
572.20	2157.97
572.53	2303.09
572.87	2150.95
573.21	2202.44
573.54	2160.31
573.88	2265.64
574.21	2221.17
574.55	2223.51
574.89	2179.04
575.22	2209.47
575.56	2169.68
575.89	2141.59
576.23	2242.23
576.57	2246.91
576.90	2165.00
577.24	2186.06
577.57	2125.21
577.91	2223.51
578.24	2141.59
578.58	2179.04
578.91	2176.70
579.25	2141.59
579.59	2176.70
579.92	2237.55
580.26	2157.97
580.59	2195.42
580.93	2167.34
581.26	2054.99
581.60	2136.91
581.93	2209.47
582.27	2167.34
582.60	2190.74
582.94	2218.83
583.27	2202.44
583.61	2160.31
583.94	2242.23
584.28	2235.21
584.61	2249.25
584.94	2211.81
585.28	2204.78
585.61	2190.74
585.95	2186.06
586.28	2230.53
586.62	2258.62
586.95	2172.02
587.29	2300.75
587.62	2190.74
587.95	2202.44
588.29	2188.40
588.62	2193.08
588.96	2195.42
589.29	2160.31
589.62	2165.00
589.96	2200.10
590.29	2155.63
590.63	2176.70
590.96	2232.87
591.29	2216.49
591.63	2225.85
591.96	2132.23
592.29	2157.97
592.63	2162.66
592.96	2172.02
593.30	2270.32
593.63	2260.96
593.96	2115.84
594.30	2160.31
594.63	2169.68
594.96	2256.28
595.30	2162.66
595.63	2211.81
595.96	2125.21
596.29	2270.32
596.63	2118.18
596.96	2239.89
597.29	2197.76
597.63	2207.13
597.96	2214.15
598.29	2272.66
598.63	2197.76
598.96	2209.47
599.29	2228.19
599.62	2256.28
599.96	2186.06
600.29	2157.97
600.62	2146.27
600.95	2169.68
601.29	2174.36
601.62	2162.66
601.95	2134.57
602.28	2174.36
602.61	2906.95
602.95	2253.94
603.28	2314.79
603.61	2169.68
603.94	2258.62
604.27	2181.38
604.61	2228.19
604.94	2197.76
605.27	2167.34
605.60	2183.72
605.93	2193.08
606.27	2282.02
606.60	2186.06
606.93	2148.61
607.26	2197.76
607.59	2179.04
607.92	2200.10
608.26	2162.66
608.59	2120.53
608.92	2143.93
609.25	2195.42
609.58	2080.74
609.91	2225.85
610.24	2232.87
610.57	2165.00
610.90	2237.55
611.24	2216.49
611.57	2162.66
611.90	2204.78
612.23	2169.68
612.56	2263.30
612.89	2172.02
613.22	2207.13
613.55	2162.66
613.88	2214.15
614.21	2167.34
614.54	2193.08
614.87	2153.29
615.20	2188.40
615.53	2232.87
615.87	2237.55
616.20	2174.36
616.53	2253.94
616.86	2157.97
617.19	2157.97
617.52	2118.18
617.85	2221.17
618.18	2064.35
618.51	2153.29
618.84	2190.74
619.17	2225.85
619.50	2239.89
619.83	2157.97
620.16	2141.59
620.49	2202.44
620.82	2279.68
621.14	2253.94
621.47	2162.66
621.80	2190.74
622.13	2160.31
622.46	2340.54
622.79	2214.15
623.12	2136.91
623.45	2150.95
623.78	2200.10
624.11	2150.95
624.44	2223.51
624.77	2197.76
625.10	2111.16
625.43	2193.08
625.75	2181.38
626.08	2097.12
626.41	2153.29
626.74	2209.47
627.07	2197.76
627.40	2286.70
627.73	2211.81
628.06	2136.91
628.38	2136.91
628.71	2237.55
629.04	2244.57
629.37	2258.62
629.70	2136.91
630.03	2216.49
630.36	2179.04
630.68	2232.87
631.01	2150.95
631.34	2263.30
631.67	2190.74
632.00	2120.53
632.32	2256.28
632.65	2242.23
632.98	2176.70
633.31	2197.76
633.64	2200.10
633.96	2108.82
634.29	2223.51
634.62	2097.12
634.95	2237.55
635.27	2169.68
635.60	2174.36
635.93	2162.66
636.26	2207.13
636.58	2174.36
636.91	2200.10
637.24	2221.17
637.57	2197.76
637.89	2214.15
638.22	2183.72
638.55	2193.08
638.87	2225.85
639.20	2115.84
639.53	2232.87
639.86	2179.04
640.18	2183.72
640.51	2167.34
640.84	2235.21
641.16	2129.89
641.49	2218.83
641.82	2174.36
642.14	2125.21
642.47	2331.17
642.80	2200.10
643.12	2249.25
643.45	2221.17
643.78	2174.36
644.10	2108.82
644.43	2122.87
644.75	2235.21
645.08	2216.49
645.41	2183.72
645.73	2113.50
646.06	2312.45
646.39	2190.74
646.71	2195.42
647.04	2146.27
647.36	2209.47
647.69	2230.53
648.01	2183.72
648.34	2176.70
648.67	2253.94
648.99	2263.30
649.32	2244.57
649.64	2174.36
649.97	2162.66
650.29	2172.02
650.62	2284.36
650.94	2256.28
651.27	2136.91
651.59	2179.04
651.92	2225.85
652.25	2244.57
652.57	2216.49
652.90	2174.36
653.22	2139.25
653.55	2143.93
653.87	2097.12
654.20	2209.47
654.52	2239.89
654.84	2176.70
655.17	2267.98
655.49	2179.04
655.82	2244.57
656.14	2141.59
656.47	2218.83
656.79	2235.21
657.12	2176.70
657.44	2148.61
657.77	2275.00
658.09	2230.53
658.41	2153.29
658.74	2204.78
659.06	2232.87
659.39	2253.94
659.71	2183.72
660.03	2225.85
660.36	2190.74
660.68	2307.77
661.01	2265.64
661.33	2272.66
661.65	2200.10
661.98	2253.94
662.30	2293.72
662.63	2169.68
662.95	2125.21
663.27	2113.50
663.60	2139.25
663.92	2118.18
664.24	2172.02
664.57	2132.23
664.89	2214.15
665.21	2204.78
665.54	2263.30
665.86	2188.40
666.18	2204.78
666.51	2251.60
666.83	2167.34
667.15	2312.45
667.47	2307.77
667.80	2242.23
668.12	2204.78
668.44	2204.78
668.77	2263.30
669.09	2260.96
669.41	2214.15
669.73	2157.97
670.06	2204.78
670.38	2129.89
670.70	2153.29
671.02	2172.02
671.35	2186.06
671.67	2256.28
671.99	2214.15
672.31	2197.76
672.63	2211.81
672.96	2275.00
673.28	2118.18
673.60	2125.21
673.92	2181.38
674.24	2188.40
674.57	2136.91
674.89	2202.44
675.21	2160.31
675.53	2230.53
675.85	2181.38
676.17	2202.44
676.50	2146.27
676.82	2209.47
677.14	2174.36
677.46	2333.51
677.78	2150.95
678.10	2225.85
678.42	2193.08
678.75	2183.72
679.07	2207.13
679.39	2153.29
679.71	2218.83
680.03	2094.78
680.35	2188.40
680.67	2181.38
680.99	2239.89
681.31	2207.13
681.63	2218.83
681.96	2237.55
682.28	2146.27
682.60	2183.72
682.92	2162.66
683.24	2160.31
683.56	2324.15
683.88	2146.27
684.20	2146.27
684.52	2136.91
684.84	2204.78
685.16	2282.02
685.48	2183.72
685.80	2141.59
686.12	2165.00
686.44	2237.55
686.76	2134.57
687.08	2127.55
687.40	2157.97
687.72	2249.25
688.04	2150.95
688.36	2277.34
688.68	2193.08
689.00	2265.64
689.32	2197.76
689.64	2256.28
689.96	2221.17
690.28	2263.30
690.60	2249.25
690.92	2237.55
691.24	2197.76
691.56	2155.63
691.88	2176.70
692.19	2132.23
692.51	2202.44
692.83	2181.38
693.15	2188.40
693.47	2172.02
693.79	2204.78
694.11	2193.08
694.43	2225.85
694.75	2190.74
695.06	2169.68
695.38	2270.32
695.70	2202.44
696.02	2148.61
696.34	2188.40
696.66	2237.55
696.98	2125.21
697.29	2211.81
697.61	2237.55
697.93	2181.38
698.25	2698.64
698.57	2239.89
698.89	2085.42
699.20	2258.62
699.52	2249.25
699.84	2047.97
700.16	2202.44
700.48	2246.91
700.79	2179.04
701.11	2244.57
701.43	2232.87
701.75	2197.76
702.07	2216.49
702.38	2284.36
702.70	2134.57
703.02	2153.29
703.34	2209.47
703.65	2246.91
703.97	2160.31
704.29	2141.59
704.61	2136.91
704.92	2221.17
705.24	2165.00
705.56	2172.02
705.87	2279.68
706.19	2146.27
706.51	2202.44
706.82	2202.44
707.14	2127.55
707.46	2190.74
707.78	2183.72
708.09	2253.94
708.41	2310.11
708.73	2155.63
709.04	2155.63
709.36	2235.21
709.68	2232.87
709.99	2232.87
710.31	2183.72
710.62	2165.00
710.94	2186.06
711.26	2186.06
711.57	2134.57
711.89	2160.31
712.21	2310.11
712.52	2209.47
712.84	2354.58
713.15	2258.62
713.47	2275.00
713.79	2157.97
714.10	2155.63
714.42	2181.38
714.73	2249.25
715.05	2179.04
715.36	2017.54
715.68	2090.10
715.99	2235.21
716.31	2221.17
716.63	2251.60
716.94	2167.34
717.26	2347.56
717.57	2167.34
717.89	2258.62
718.20	2204.78
718.52	2106.48
718.83	2228.19
719.15	2265.64
719.46	2305.43
719.78	2265.64
720.09	2216.49
720.41	2127.55
720.72	2174.36
721.04	2183.72
721.35	2211.81
721.67	2139.25
721.98	2207.13
722.29	2188.40
722.61	2230.53
722.92	2211.81
723.24	2214.15
723.55	2214.15
723.87	2237.55
724.18	2244.57
724.50	2155.63
724.81	2232.87
725.12	2172.02
725.44	2235.21
725.75	2172.02
726.07	2207.13
726.38	2218.83
726.69	2193.08
727.01	2195.42
727.32	2258.62
727.63	2181.38
727.95	2235.21
728.26	2249.25
728.58	2214.15
728.89	2244.57
729.20	2179.04
729.52	2129.89
729.83	2291.38
730.14	2237.55
730.46	2204.78
730.77	1928.60
731.08	2143.93
731.39	2204.78
731.71	2197.76
732.02	2139.25
732.33	2216.49
732.65	2207.13
732.96	2167.34
733.27	2251.60
733.59	2293.72
733.90	2265.64
734.21	2246.91
734.52	2200.10
734.84	2340.54
735.15	2193.08
735.46	2207.13
735.77	2165.00
736.09	2160.31
736.40	2239.89
736.71	2118.18
737.02	2167.34
737.33	2202.44
737.65	2167.34
737.96	2239.89
738.27	2136.91
738.58	2270.32
738.89	2169.68
739.21	2162.66
739.52	2193.08
739.83	2193.08
740.14	2312.45
740.45	2167.34
740.76	2122.87
741.08	2150.95
741.39	2127.55
741.70	2239.89
742.01	2237.55
742.32	2195.42
742.63	2209.47
742.94	2160.31
743.26	2244.57
743.57	2230.53
743.88	2209.47
744.19	2211.81
744.50	2214.15
744.81	2242.23
745.12	2183.72
745.43	2183.72
745.74	2253.94
746.05	2228.19
746.36	2307.77
746.67	2225.85
746.99	2146.27
747.30	2176.70
747.61	2197.76
747.92	2195.42
748.23	2260.96
748.54	2188.40
748.85	2204.78
749.16	2214.15
749.47	2172.02
749.78	2139.25
750.09	2153.29
750.40	2218.83
750.71	2186.06
751.02	2263.30
751.33	2186.06
751.64	2244.57
751.95	2183.72
752.26	2195.42
752.57	2218.83
752.88	2246.91
753.19	2204.78
753.50	2258.62
753.81	2153.29
754.11	2136.91
754.42	2342.88
754.73	2167.34
755.04	2249.25
755.35	2202.44
755.66	2342.88
755.97	2165.00
756.28	2214.15
756.59	2221.17
756.90	2356.92
757.21	2211.81
757.52	2239.89
757.82	2214.15
758.13	2150.95
758.44	2200.10
758.75	2160.31
759.06	2211.81
759.37	2186.06
759.68	2190.74
759.98	2258.62
760.29	2172.02
760.60	2249.25
760.91	2214.15
761.22	2174.36
761.53	2207.13
761.83	2249.25
762.14	2165.00
762.45	2204.78
762.76	2249.25
763.07	2167.34
763.37	2370.96
763.68	2253.94
763.99	2232.87
764.30	2202.44
764.60	2200.10
764.91	2263.30
765.22	2228.19
765.53	2349.90
765.84	2169.68
766.14	2122.87
766.45	2148.61
766.76	2202.44
767.06	2188.40
767.37	2172.02
767.68	2186.06
767.99	2162.66
768.29	2225.85
768.60	2176.70
768.91	2174.36
769.21	2256.28
769.52	2202.44
769.83	2204.78
770.13	2157.97
770.44	2132.23
770.75	2221.17
771.05	2146.27
771.36	2176.70
771.67	2228.19
771.97	2172.02
772.28	2136.91
772.59	2174.36
772.89	2214.15
773.20	2150.95
773.51	2188.40
773.81	2305.43
774.12	2141.59
774.42	2157.97
774.73	2223.51
775.04	2129.89
775.34	2361.60
775.65	2125.21
775.95	2251.60
776.26	2298.41
776.56	2129.89
776.87	2150.95
777.18	3124.62
777.48	2401.39
777.79	2223.51
778.09	2265.64
778.40	2153.29
778.70	2172.02
779.01	2195.42
779.31	2237.55
779.62	2132.23
779.92	2169.68
780.23	2169.68
780.53	2204.78
780.84	2211.81
781.14	2181.38
781.45	2139.25
781.75	2218.83
782.06	2139.25
782.36	2207.13
782.67	2136.91
782.97	2186.06
783.28	2272.66
783.58	2209.47
783.89	2190.74
784.19	2211.81
784.49	2303.09
784.80	2186.06
785.10	2253.94
785.41	2150.95
785.71	2253.94
786.02	2211.81
786.32	2345.22
786.62	2237.55
786.93	2223.51
787.23	2200.10
787.54	2225.85
787.84	2298.41
788.14	2183.72
788.45	2218.83
788.75	2328.83
789.05	2125.21
789.36	2228.19
789.66	2305.43
789.96	2277.34
790.27	2200.10
790.57	2207.13
790.87	2132.23
791.18	2193.08
791.48	2160.31
791.78	2169.68
792.09	2195.42
792.39	2190.74
792.69	2347.56
793.00	2181.38
793.30	2242.23
793.60	2148.61
793.90	2085.42
794.21	2186.06
794.51	2305.43
794.81	2228.19
795.11	2260.96
795.42	2228.19
795.72	2246.91
796.02	2230.53
796.32	2188.40
796.63	2265.64
796.93	2249.25
797.23	2216.49
797.53	2235.21
797.84	2097.12
798.14	2174.36
798.44	2211.81
798.74	2251.60
799.04	2186.06
799.34	2183.72
799.65	2244.57
799.95	2179.04
800.25	2228.19
800.55	2186.06
800.85	2239.89
801.15	2139.25
801.46	2214.15
801.76	2333.51
802.06	2200.10
802.36	2221.17
802.66	2186.06
802.96	2307.77
803.26	2296.07
803.56	2249.25
803.87	2277.34
804.17	2176.70
804.47	2172.02
804.77	2253.94
805.07	2169.68
805.37	2197.76
805.67	2204.78
805.97	2155.63
806.27	2237.55
806.57	2172.02
806.87	2246.91
807.17	2153.29
807.47	2282.02
807.77	2179.04
808.07	2211.81
808.37	2324.15
808.67	2188.40
808.98	2335.85
809.28	2167.34
809.58	2253.94
809.88	2211.81
810.18	2382.67
810.47	2242.23
810.77	2176.70
811.07	2181.38
811.37	2141.59
811.67	2228.19
811.97	2129.89
812.27	2143.93
812.57	2150.95
812.87	2148.61
813.17	2216.49
813.47	2125.21
813.77	2193.08
814.07	2148.61
814.37	2167.34
814.67	2153.29
814.97	2179.04
815.27	2211.81
815.56	2176.70
815.86	2242.23
816.16	2155.63
816.46	2139.25
816.76	2183.72
817.06	2256.28
817.36	2298.41
817.66	2197.76
817.95	2134.57
818.25	2188.40
818.55	2216.49
818.85	2242.23
819.15	2195.42
819.45	2239.89
819.75	2204.78
820.04	2186.06
820.34	2279.68
820.64	2237.55
820.94	2272.66
821.24	2200.10
821.53	2181.38
821.83	2176.70
822.13	2113.50
822.43	2125.21
822.72	2052.65
823.02	2193.08
823.32	2195.42
823.62	2256.28
823.91	2314.79
824.21	2169.68
824.51	2183.72
824.81	2115.84
825.10	2136.91
825.40	2188.40
825.70	2246.91
826.00	2244.57
826.29	2230.53
826.59	2193.08
826.89	2195.42
827.18	2141.59
827.48	2237.55
827.78	2197.76
828.07	2249.25
828.37	2209.47
828.67	2129.89
828.96	2136.91
829.26	2148.61
829.56	2244.57
829.85	2160.31
830.15	2190.74
830.45	2118.18
830.74	2246.91
831.04	2284.36
831.34	2265.64
831.63	2282.02
831.93	2225.85
832.22	2221.17
832.52	2188.40
832.82	2150.95
833.11	2153.29
833.41	2200.10
833.70	2094.78
834.00	2209.47
834.29	2256.28
834.59	2160.31
834.89	2267.98
835.18	2200.10
835.48	2286.70
835.77	2207.13
836.07	2181.38
836.36	2244.57
836.66	2263.30
836.95	2282.02
837.25	2223.51
837.54	2202.44
837.84	2172.02
838.13	2167.34
838.43	2176.70
838.72	2303.09
839.02	2267.98
839.31	2193.08
839.61	2246.91
839.90	2101.80
840.20	2193.08
840.49	2146.27
840.78	2155.63
841.08	2211.81
841.37	2162.66
841.67	2155.63
841.96	2179.04
842.26	2216.49
842.55	2090.10
842.84	2179.04
843.14	2193.08
843.43	2167.34
843.73	2209.47
844.02	2225.85
844.31	2148.61
844.61	2230.53
844.90	2176.70
845.20	2239.89
845.49	2176.70
845.78	2167.34
846.08	2155.63
846.37	2186.06
846.66	2174.36
846.96	2200.10
847.25	2279.68
847.54	2221.17
847.84	2172.02
848.13	2174.36
848.42	2207.13
848.72	2204.78
849.01	2165.00
849.30	2146.27
849.59	2207.13
849.89	2120.53
850.18	2251.60
850.47	2169.68
850.76	2352.24
851.06	2265.64
851.35	2181.38
851.64	2270.32
851.93	2270.32
852.23	2455.22
852.52	2193.08
852.81	2136.91
853.10	2232.87
853.40	2153.29
853.69	2127.55
853.98	2183.72
854.27	2165.00
854.56	2157.97
854.86	2253.94
855.15	2160.31
855.44	2239.89
855.73	2094.78
856.02	2115.84
856.31	2232.87
856.61	2148.61
856.90	2202.44
857.19	2083.08
857.48	2066.69
857.77	2092.44
858.06	2176.70
858.35	2141.59
858.65	2284.36
858.94	2186.06
859.23	2186.06
859.52	2251.60
859.81	2256.28
860.10	2155.63
860.39	2204.78
860.68	2162.66
860.97	2214.15
861.26	2197.76
861.55	2253.94
861.85	2186.06
862.14	2211.81
862.43	2223.51
862.72	2242.23
863.01	2153.29
863.30	2162.66
863.59	2249.25
863.88	2218.83
864.17	2251.60
864.46	2136.91
864.75	2258.62
865.04	2141.59
865.33	2202.44
865.62	2200.10
865.91	2113.50
866.20	2244.57
866.49	2129.89
866.78	2136.91
867.07	2202.44
867.36	2176.70
867.65	2246.91
867.93	2260.96
868.22	2230.53
868.51	2207.13
868.80	2218.83
869.09	2146.27
869.38	2190.74
869.67	2272.66
869.96	2272.66
870.25	2272.66
