178.76	1753.06
179.14	1753.06
179.52	1753.06
179.90	1682.85
180.28	1823.28
180.66	1865.41
181.04	1909.88
181.42	1832.64
181.80	1736.68
182.18	1830.30
182.55	1846.68
182.93	1851.36
183.31	1881.79
183.69	1844.34
184.07	1886.47
184.45	1893.49
184.83	1928.60
185.21	1949.67
185.59	1907.54
185.97	2134.57
186.35	2071.37
186.72	1987.11
187.10	2010.52
187.48	2092.44
187.86	2099.46
188.24	2085.42
188.62	2052.65
189.00	2134.57
189.38	2101.80
189.75	2155.63
190.13	2101.80
190.51	2085.42
190.89	2282.02
191.27	2340.54
191.65	2197.76
192.03	2143.93
192.40	2275.00
192.78	2162.66
193.16	2146.27
193.54	2214.15
193.92	2225.85
194.30	2118.18
194.67	2183.72
195.05	2179.04
195.43	2251.60
195.81	2139.25
196.19	2183.72
196.56	2146.27
196.94	2148.61
197.32	2181.38
197.70	2134.57
198.08	2183.72
198.45	2150.95
198.83	2153.29
199.21	2132.23
199.59	2197.76
199.97	2193.08
200.34	2101.80
200.72	2080.74
201.10	2317.13
201.48	2209.47
201.85	2197.76
202.23	2139.25
202.61	2136.91
202.99	2260.96
203.36	2052.65
203.74	2176.70
204.12	2214.15
204.49	2141.59
204.87	2157.97
205.25	2174.36
205.63	2134.57
206.00	2125.21
206.38	2111.16
206.76	2214.15
207.14	2062.01
207.51	2104.14
207.89	2193.08
208.27	2190.74
208.64	2069.03
209.02	2141.59
209.40	2195.42
209.77	2076.06
210.15	2197.76
210.53	2165.00
210.90	2209.47
211.28	2097.12
211.66	2223.51
212.03	2195.42
212.41	2174.36
212.79	2132.23
213.16	2071.37
213.54	2186.06
213.92	2204.78
214.29	2141.59
214.67	2120.53
215.05	2188.40
215.42	2218.83
215.80	2087.76
216.17	2120.53
216.55	2125.21
216.93	2176.70
217.30	2141.59
217.68	2150.95
218.05	2223.51
218.43	2071.37
218.81	2148.61
219.18	2204.78
219.56	2167.34
219.93	2186.06
220.31	2094.78
220.69	2097.12
221.06	2097.12
221.44	2111.16
221.81	2195.42
222.19	2125.21
222.56	2104.14
222.94	2062.01
223.32	2172.02
223.69	2129.89
224.07	2179.04
224.44	2190.74
224.82	2118.18
225.19	2188.40
225.57	2134.57
225.94	2092.44
226.32	2174.36
226.69	2253.94
227.07	2162.66
227.44	2043.29
227.82	2204.78
228.19	2221.17
228.57	2162.66
228.94	2253.94
229.32	2169.68
229.69	2143.93
230.07	2207.13
230.44	2155.63
230.82	2209.47
231.19	2139.25
231.57	2108.82
231.94	2153.29
232.32	2244.57
232.69	2230.53
233.07	2111.16
233.44	2202.44
233.82	2118.18
234.19	2111.16
234.57	2197.76
234.94	2157.97
235.31	2104.14
235.69	2108.82
236.06	2209.47
236.44	2181.38
236.81	2172.02
237.19	2125.21
237.56	2207.13
237.93	2202.44
238.31	2146.27
238.68	2122.87
239.06	2146.27
239.43	2143.93
239.81	2165.00
240.18	2136.91
240.55	2097.12
240.93	2258.62
241.30	2235.21
241.67	2104.14
242.05	2193.08
242.42	2239.89
242.80	2150.95
243.17	2176.70
243.54	2153.29
243.92	2188.40
244.29	2169.68
244.66	2232.87
245.04	2284.36
245.41	2399.05
245.78	2129.89
246.16	2190.74
246.53	2153.29
246.90	2118.18
247.28	2277.34
247.65	2134.57
248.02	2122.87
248.40	2183.72
248.77	2127.55
249.14	2193.08
249.52	2150.95
249.89	2232.87
250.26	2146.27
250.64	2132.23
251.01	2324.15
251.38	2223.51
251.75	2143.93
252.13	2108.82
252.50	2303.09
252.87	2253.94
253.25	2157.97
253.62	2225.85
253.99	2099.46
254.36	2183.72
254.74	2153.29
255.11	2129.89
255.48	2106.48
255.85	2296.07
256.23	2150.95
256.60	2136.91
256.97	2228.19
257.34	2160.31
257.71	2216.49
258.09	2232.87
258.46	2183.72
258.83	2221.17
259.20	2148.61
259.58	2232.87
259.95	2176.70
260.32	2221.17
260.69	2197.76
261.06	2270.32
261.44	2176.70
261.81	2260.96
262.18	2169.68
262.55	2167.34
262.92	2157.97
263.29	2073.71
263.67	2125.21
264.04	2172.02
264.41	2190.74
264.78	2246.91
265.15	2190.74
265.52	2249.25
265.90	2160.31
266.27	2132.23
266.64	2113.50
267.01	2076.06
267.38	2249.25
267.75	2148.61
268.12	2167.34
268.50	2195.42
268.87	2125.21
269.24	2127.55
269.61	2129.89
269.98	2190.74
270.35	2143.93
270.72	2174.36
271.09	2099.46
271.46	2172.02
271.83	2179.04
272.21	2253.94
272.58	2207.13
272.95	2165.00
273.32	2221.17
273.69	2181.38
274.06	2120.53
274.43	2195.42
274.80	2141.59
275.17	2127.55
275.54	2319.47
275.91	2228.19
276.28	2228.19
276.65	2157.97
277.02	2244.57
277.39	2167.34
277.76	2146.27
278.13	2146.27
278.50	2200.10
278.87	2204.78
279.24	2246.91
279.61	2211.81
279.98	2282.02
280.35	2169.68
280.72	2186.06
281.09	2216.49
281.46	2244.57
281.83	2139.25
282.20	2167.34
282.57	2176.70
282.94	2232.87
283.31	2139.25
283.68	2218.83
284.05	2157.97
284.42	2134.57
284.79	2200.10
285.16	2167.34
285.53	2225.85
285.90	2176.70
286.27	2235.21
286.64	2160.31
287.01	2186.06
287.38	2200.10
287.75	3155.04
288.12	2312.45
288.49	2326.49
288.86	2101.80
289.23	2174.36
289.59	2108.82
289.96	2193.08
290.33	2143.93
290.70	2200.10
291.07	2211.81
291.44	2267.98
291.81	2272.66
292.18	2174.36
292.55	2132.23
292.91	2277.34
293.28	2193.08
293.65	2260.96
294.02	2179.04
294.39	2218.83
294.76	2155.63
295.13	2099.46
295.50	2111.16
295.86	2120.53
296.23	2179.04
296.60	2094.78
296.97	2160.31
297.34	2209.47
297.71	2186.06
298.07	2176.70
298.44	2172.02
298.81	2181.38
299.18	2239.89
299.55	2190.74
299.91	2092.44
300.28	2146.27
300.65	2122.87
301.02	2225.85
301.39	2052.65
301.75	2237.55
302.12	2235.21
302.49	2200.10
302.86	2232.87
303.23	2160.31
303.59	2150.95
303.96	2335.85
304.33	2263.30
304.70	2265.64
305.06	2153.29
305.43	2232.87
305.80	2153.29
306.17	2190.74
306.53	2211.81
306.90	2197.76
307.27	2195.42
307.64	2193.08
308.00	2141.59
308.37	2211.81
308.74	2270.32
309.11	2293.72
309.47	2183.72
309.84	2157.97
310.21	2155.63
310.57	2134.57
310.94	2169.68
311.31	2193.08
311.67	2186.06
312.04	2136.91
312.41	2193.08
312.77	2242.23
313.14	2150.95
313.51	2134.57
313.87	2165.00
314.24	2183.72
314.61	2232.87
314.97	2176.70
315.34	2150.95
315.71	2183.72
316.07	2230.53
316.44	2167.34
316.81	2157.97
317.17	2129.89
317.54	2267.98
317.91	2193.08
318.27	2218.83
318.64	2143.93
319.00	2228.19
319.37	2005.84
319.74	2160.31
320.10	2160.31
320.47	2174.36
320.83	2202.44
321.20	2244.57
321.57	2200.10
321.93	2186.06
322.30	2207.13
322.66	2160.31
323.03	2167.34
323.40	2216.49
323.76	2157.97
324.13	2129.89
324.49	2181.38
324.86	2335.85
325.22	2139.25
325.59	2157.97
325.95	2120.53
326.32	2179.04
326.68	2200.10
327.05	2190.74
327.42	2115.84
327.78	2120.53
328.15	2214.15
328.51	2221.17
328.88	2160.31
329.24	2277.34
329.61	2246.91
329.97	2242.23
330.34	2155.63
330.70	2204.78
331.07	2249.25
331.43	2211.81
331.80	2303.09
332.16	2221.17
332.52	2214.15
332.89	2183.72
333.25	2127.55
333.62	2300.75
333.98	2193.08
334.35	2153.29
334.71	2122.87
335.08	2085.42
335.44	2204.78
335.81	2235.21
336.17	2291.38
336.53	2228.19
336.90	2209.47
337.26	2242.23
337.63	2284.36
337.99	2275.00
338.36	2099.46
338.72	2225.85
339.08	2186.06
339.45	2155.63
339.81	2235.21
340.18	2221.17
340.54	2223.51
340.90	2200.10
341.27	2155.63
341.63	2143.93
341.99	2174.36
342.36	2237.55
342.72	2183.72
343.09	2244.57
343.45	2216.49
343.81	2258.62
344.18	2146.27
344.54	2197.76
344.90	2204.78
345.27	2246.91
345.63	2193.08
345.99	2221.17
346.36	2167.34
346.72	2139.25
347.08	2207.13
347.45	2183.72
347.81	2221.17
348.17	2186.06
348.54	2186.06
348.90	2167.34
349.26	2258.62
349.62	2244.57
349.99	2153.29
350.35	2200.10
350.71	2181.38
351.08	2291.38
351.44	2204.78
351.80	2324.15
352.16	2263.30
352.53	2211.81
352.89	2223.51
353.25	2321.81
353.61	2225.85
353.98	2176.70
354.34	2272.66
354.70	2195.42
355.06	2225.85
355.43	2270.32
355.79	2298.41
356.15	1984.77
356.51	2167.34
356.88	2157.97
357.24	2157.97
357.60	2265.64
357.96	2207.13
358.32	2303.09
358.69	2111.16
359.05	2148.61
359.41	2188.40
359.77	2143.93
360.13	2165.00
360.49	2232.87
360.86	2186.06
361.22	2223.51
361.58	2169.68
361.94	2286.70
362.30	2195.42
362.66	2228.19
363.03	2181.38
363.39	2181.38
363.75	2174.36
364.11	2270.32
364.47	2174.36
364.83	2221.17
365.19	2160.31
365.56	2169.68
365.92	2143.93
366.28	2197.76
366.64	2244.57
367.00	2134.57
367.36	2242.23
367.72	2216.49
368.08	2223.51
368.44	2209.47
368.80	2263.30
369.17	2176.70
369.53	2265.64
369.89	2204.78
370.25	2136.91
370.61	2148.61
370.97	2162.66
371.33	2235.21
371.69	2228.19
372.05	2179.04
372.41	2209.47
372.77	2193.08
373.13	2237.55
373.49	2104.14
373.85	2246.91
374.21	2155.63
374.57	2193.08
374.93	2221.17
375.29	2218.83
375.65	2202.44
376.01	2169.68
376.37	2263.30
376.73	2174.36
377.09	2146.27
377.45	2258.62
377.81	2153.29
378.17	2195.42
378.53	2150.95
378.89	2150.95
379.25	2253.94
379.61	2300.75
379.97	2204.78
380.33	2148.61
380.69	2190.74
381.05	2148.61
381.41	2214.15
381.77	2181.38
382.13	2190.74
382.49	2347.56
382.85	2256.28
383.21	2218.83
383.57	2127.55
383.93	2282.02
384.28	2139.25
384.64	2211.81
385.00	2207.13
385.36	2207.13
385.72	2218.83
386.08	2157.97
386.44	2244.57
386.80	2214.15
387.16	2256.28
387.52	2193.08
387.87	2265.64
388.23	2246.91
388.59	2148.61
388.95	2155.63
389.31	2202.44
389.67	2183.72
390.03	2179.04
390.38	2181.38
390.74	2183.72
391.10	2258.62
391.46	2188.40
391.82	2157.97
392.18	2394.37
392.54	2136.91
392.89	2155.63
393.25	2209.47
393.61	2134.57
393.97	2181.38
394.33	2193.08
394.68	2235.21
395.04	2150.95
395.40	2197.76
395.76	2160.31
396.12	2183.72
396.47	2176.70
396.83	2237.55
397.19	2209.47
397.55	2204.78
397.90	2179.04
398.26	2181.38
398.62	2174.36
398.98	2160.31
399.33	2195.42
399.69	2420.11
400.05	2197.76
400.41	2141.59
400.76	2214.15
401.12	2279.68
401.48	2172.02
401.84	2162.66
402.19	2172.02
402.55	2167.34
402.91	2167.34
403.26	2141.59
403.62	2183.72
403.98	2235.21
404.34	2153.29
404.69	2251.60
405.05	2200.10
405.41	2342.88
405.76	2186.06
406.12	2183.72
406.48	2186.06
406.83	2183.72
407.19	2235.21
407.55	2214.15
407.90	2324.15
408.26	2256.28
408.62	2211.81
408.97	2115.84
409.33	2129.89
409.68	2235.21
410.04	2197.76
410.40	2160.31
410.75	2179.04
411.11	2157.97
411.47	2214.15
411.82	2275.00
412.18	2176.70
412.53	2148.61
412.89	2167.34
413.25	2209.47
413.60	2108.82
413.96	2200.10
414.31	2214.15
414.67	2214.15
415.03	2160.31
415.38	2099.46
415.74	2146.27
416.09	2176.70
416.45	2232.87
416.80	2228.19
417.16	2169.68
417.51	2160.31
417.87	2129.89
418.23	2246.91
418.58	2221.17
418.94	2153.29
419.29	2172.02
419.65	2186.06
420.00	2211.81
420.36	2267.98
420.71	2188.40
421.07	2150.95
421.42	2204.78
421.78	2207.13
422.13	2141.59
422.49	2139.25
422.84	2260.96
423.20	2167.34
423.55	2204.78
423.91	2190.74
424.26	2307.77
424.61	2190.74
424.97	2284.36
425.32	2143.93
425.68	2263.30
426.03	2223.51
426.39	2225.85
426.74	2188.40
427.10	2239.89
427.45	2223.51
427.80	2115.84
428.16	2172.02
428.51	2200.10
428.87	2225.85
429.22	2279.68
429.58	2202.44
429.93	2193.08
430.28	2193.08
430.64	2162.66
430.99	2200.10
431.35	2183.72
431.70	2216.49
432.05	2099.46
432.41	2225.85
432.76	2249.25
433.11	2272.66
433.47	2186.06
433.82	2253.94
434.17	2176.70
434.53	2239.89
434.88	2354.58
435.24	2237.55
435.59	2195.42
435.94	2143.93
436.30	2179.04
436.65	2195.42
437.00	2197.76
437.35	2387.35
437.71	2132.23
438.06	2186.06
438.41	2190.74
438.77	2200.10
439.12	2174.36
439.47	2204.78
439.83	2218.83
440.18	2094.78
440.53	2188.40
440.88	2282.02
441.24	2246.91
441.59	2141.59
441.94	2153.29
442.30	2167.34
442.65	2293.72
443.00	2225.85
443.35	2223.51
443.71	2169.68
444.06	2232.87
444.41	2174.36
444.76	2204.78
445.11	2036.27
445.47	2162.66
445.82	2181.38
446.17	2155.63
446.52	2270.32
446.88	2157.97
447.23	2160.31
447.58	2202.44
447.93	2225.85
448.28	2593.31
448.63	2242.23
448.99	2139.25
449.34	2249.25
449.69	2148.61
450.04	2160.31
450.39	2242.23
450.74	2176.70
451.10	2174.36
451.45	2214.15
451.80	2200.10
452.15	2270.32
452.50	2190.74
452.85	2202.44
453.21	2209.47
453.56	2179.04
453.91	2111.16
454.26	2169.68
454.61	2188.40
454.96	2225.85
455.31	2251.60
455.66	2153.29
456.01	2270.32
456.36	2157.97
456.72	2200.10
457.07	2200.10
457.42	2314.79
457.77	2265.64
458.12	2176.70
458.47	2277.34
458.82	2235.21
459.17	2127.55
459.52	2160.31
459.87	2654.17
460.22	2253.94
460.57	2162.66
460.92	2122.87
461.27	2195.42
461.62	2167.34
461.97	2195.42
462.32	2249.25
462.67	2284.36
463.02	2190.74
463.38	2345.22
463.73	2265.64
464.08	2230.53
464.43	2193.08
464.78	2179.04
465.12	2139.25
465.47	2249.25
465.82	2525.44
466.17	2183.72
466.52	2195.42
466.87	2204.78
467.22	2235.21
467.57	2218.83
467.92	2188.40
468.27	2232.87
468.62	2331.17
468.97	2200.10
469.32	2160.31
469.67	2246.91
470.02	2307.77
470.37	2169.68
470.72	2150.95
471.07	2148.61
471.42	2174.36
471.76	2172.02
472.11	2214.15
472.46	2232.87
472.81	2317.13
473.16	2155.63
473.51	2118.18
473.86	2167.34
474.21	2167.34
474.56	2209.47
474.90	2179.04
475.25	2244.57
475.60	2172.02
475.95	2190.74
476.30	2221.17
476.65	2279.68
477.00	2312.45
477.34	2258.62
477.69	2179.04
478.04	2267.98
478.39	2186.06
478.74	2221.17
479.09	2179.04
479.43	2429.48
479.78	2174.36
480.13	2289.04
480.48	2085.42
480.83	2214.15
481.17	2157.97
481.52	2136.91
481.87	2167.34
482.22	2246.91
482.57	2134.57
482.91	2172.02
483.26	2155.63
483.61	2148.61
483.96	2216.49
484.30	4191.90
484.65	2286.70
485.00	2202.44
485.35	2209.47
485.69	2181.38
486.04	2204.78
486.39	2235.21
486.74	2197.76
487.08	2211.81
487.43	2146.27
487.78	2190.74
488.12	2209.47
488.47	2186.06
488.82	2258.62
489.17	2216.49
489.51	2136.91
489.86	2197.76
490.21	2190.74
490.55	2235.21
490.90	2143.93
491.25	2150.95
491.59	2204.78
491.94	2310.11
492.29	2186.06
492.63	2169.68
492.98	2139.25
493.33	2181.38
493.67	2204.78
494.02	2186.06
494.37	2195.42
494.71	2157.97
495.06	2160.31
495.40	2195.42
495.75	2162.66
496.10	2223.51
496.44	2209.47
496.79	2157.97
497.13	2129.89
497.48	2310.11
497.83	2289.04
498.17	2282.02
498.52	2251.60
498.86	2204.78
499.21	2153.29
499.56	2204.78
499.90	2125.21
500.25	2134.57
500.59	2218.83
500.94	2141.59
501.28	2209.47
501.63	2230.53
501.97	2132.23
502.32	2136.91
502.67	2237.55
503.01	2174.36
503.36	2225.85
503.70	2209.47
504.05	2310.11
504.39	2207.13
504.74	2202.44
505.08	2204.78
505.43	2155.63
505.77	2181.38
506.12	2237.55
506.46	2230.53
506.81	2167.34
507.15	2174.36
507.49	2253.94
507.84	2127.55
508.18	2197.76
508.53	2214.15
508.87	2211.81
509.22	2172.02
509.56	14288.97
509.91	2686.94
510.25	2200.10
510.60	2150.95
510.94	2253.94
511.28	2174.36
511.63	2244.57
511.97	2211.81
512.32	2209.47
512.66	2134.57
513.00	2179.04
513.35	2275.00
513.69	2207.13
514.04	2267.98
514.38	2263.30
514.72	2125.21
515.07	2225.85
515.41	2204.78
515.76	2141.59
516.10	2162.66
516.44	2230.53
516.79	2176.70
517.13	2167.34
517.47	2246.91
517.82	2211.81
518.16	2150.95
518.50	2186.06
518.85	2125.21
519.19	2211.81
519.53	2225.85
519.88	2312.45
520.22	2204.78
520.56	2132.23
520.91	2174.36
521.25	2101.80
521.59	2216.49
521.93	2232.87
522.28	2195.42
522.62	2253.94
522.96	2293.72
523.31	2232.87
523.65	2242.23
523.99	2214.15
524.33	2256.28
524.68	2179.04
525.02	2162.66
525.36	2148.61
525.70	2181.38
526.05	2179.04
526.39	2143.93
526.73	2300.75
527.07	2200.10
527.41	2267.98
527.76	2176.70
528.10	2174.36
528.44	2143.93
528.78	2174.36
529.12	2155.63
529.47	2139.25
529.81	2296.07
530.15	2230.53
530.49	2169.68
530.83	2146.27
531.18	2125.21
531.52	2132.23
531.86	2197.76
532.20	2181.38
532.54	2235.21
532.88	2141.59
533.22	2186.06
533.57	2195.42
533.91	2225.85
534.25	2129.89
534.59	2204.78
534.93	2181.38
535.27	2181.38
535.61	2209.47
535.95	2209.47
536.30	2232.87
536.64	2211.81
536.98	2104.14
537.32	2202.44
537.66	2165.00
538.00	2218.83
538.34	2155.63
538.68	2237.55
539.02	2286.70
539.36	2179.04
539.70	2174.36
540.04	2239.89
540.39	2380.32
540.73	2141.59
541.07	2162.66
541.41	2155.63
541.75	2193.08
542.09	2286.70
542.43	2260.96
542.77	2188.40
543.11	2207.13
543.45	2174.36
543.79	2216.49
544.13	2115.84
544.47	2111.16
544.81	2232.87
545.15	2249.25
545.49	2195.42
545.83	2155.63
546.17	2209.47
546.51	2153.29
546.85	2207.13
547.19	2181.38
547.53	2146.27
547.87	2179.04
548.21	2235.21
548.54	2181.38
548.88	2277.34
549.22	2169.68
549.56	2115.84
549.90	2129.89
550.24	2179.04
550.58	2235.21
550.92	2251.60
551.26	2174.36
551.60	2279.68
551.94	2223.51
552.28	2200.10
552.61	2256.28
552.95	2165.00
553.29	2232.87
553.63	2153.29
553.97	2253.94
554.31	2216.49
554.65	2277.34
554.99	2218.83
555.32	2165.00
555.66	2120.53
556.00	2209.47
556.34	2207.13
556.68	2230.53
557.02	2174.36
557.36	2186.06
557.69	2108.82
558.03	2176.70
558.37	2267.98
558.71	2328.83
559.05	2200.10
559.38	2239.89
559.72	2209.47
560.06	2179.04
560.40	2167.34
560.74	2216.49
561.07	2183.72
561.41	2169.68
561.75	2143.93
562.09	2284.36
562.42	2204.78
562.76	2235.21
563.10	2204.78
563.44	2483.31
563.77	2179.04
564.11	2270.32
564.45	2209.47
564.79	2190.74
565.12	2211.81
565.46	2223.51
565.80	2167.34
566.14	2188.40
566.47	2169.68
566.81	2165.00
567.15	2167.34
567.48	2167.34
567.82	2157.97
568.16	2214.15
568.49	2253.94
568.83	2190.74
569.17	2139.25
569.50	2237.55
569.84	2218.83
570.18	2195.42
570.51	2207.13
570.85	2101.80
571.19	2165.00
571.52	2099.46
571.86	2181.38
572.20	2157.97
572.53	2204.78
572.87	2122.87
573.21	2160.31
573.54	2150.95
573.88	2143.93
574.21	2214.15
574.55	2181.38
574.89	2153.29
575.22	2223.51
575.56	2193.08
575.89	2190.74
576.23	2179.04
576.57	2249.25
576.90	2139.25
577.24	2239.89
577.57	2183.72
577.91	2223.51
578.24	2207.13
578.58	2073.71
578.91	2150.95
579.25	2225.85
579.59	2223.51
579.92	2139.25
580.26	2139.25
580.59	2190.74
580.93	2162.66
581.26	2204.78
581.60	2218.83
581.93	2223.51
582.27	2296.07
582.60	2005.84
582.94	2237.55
583.27	2062.01
583.61	2200.10
583.94	2249.25
584.28	2160.31
584.61	2150.95
584.94	2174.36
585.28	2174.36
585.61	2244.57
585.95	2223.51
586.28	2293.72
586.62	2258.62
586.95	2165.00
587.29	2284.36
587.62	2218.83
587.95	2132.23
588.29	2235.21
588.62	2193.08
588.96	2239.89
589.29	2169.68
589.62	2129.89
589.96	2162.66
590.29	2160.31
590.63	2202.44
590.96	2200.10
591.29	2172.02
591.63	2244.57
591.96	2129.89
592.29	2108.82
592.63	2179.04
592.96	2183.72
593.30	2242.23
593.63	2218.83
593.96	2094.78
594.30	2195.42
594.63	2155.63
594.96	2284.36
595.30	2207.13
595.63	2120.53
595.96	2087.76
596.29	2179.04
596.63	2165.00
596.96	2204.78
597.29	2190.74
597.63	2183.72
597.96	2289.04
598.29	2277.34
598.63	2298.41
598.96	2207.13
599.29	2319.47
599.62	2246.91
599.96	2211.81
600.29	2176.70
600.62	2111.16
600.95	2139.25
601.29	2179.04
601.62	2230.53
601.95	2162.66
602.28	2148.61
602.61	2771.19
602.95	2260.96
603.28	2249.25
603.61	2183.72
603.94	2223.51
604.27	2188.40
604.61	2186.06
604.94	2249.25
605.27	2221.17
605.60	2162.66
605.93	2223.51
606.27	2237.55
606.60	2188.40
606.93	2207.13
607.26	2244.57
607.59	2181.38
607.92	2188.40
608.26	2195.42
608.59	2181.38
608.92	2139.25
609.25	2132.23
609.58	2181.38
609.91	2153.29
610.24	2291.38
610.57	2101.80
610.90	2209.47
611.24	2165.00
611.57	2141.59
611.90	2204.78
612.23	2232.87
612.56	2244.57
612.89	2225.85
613.22	2251.60
613.55	2162.66
613.88	2148.61
614.21	2228.19
614.54	2129.89
614.87	2129.89
615.20	2183.72
615.53	2237.55
615.87	2136.91
616.20	2153.29
616.53	2228.19
616.86	2202.44
617.19	2197.76
617.52	2174.36
617.85	2150.95
618.18	2193.08
618.51	2085.42
618.84	2246.91
619.17	2150.95
619.50	2289.04
619.83	2165.00
620.16	2265.64
620.49	2155.63
620.82	2289.04
621.14	2209.47
621.47	2216.49
621.80	2160.31
622.13	2193.08
622.46	2331.17
622.79	2263.30
623.12	2111.16
623.45	2237.55
623.78	2165.00
624.11	2165.00
624.44	2214.15
624.77	2218.83
625.10	2169.68
625.43	2169.68
625.75	2188.40
626.08	2129.89
626.41	2160.31
626.74	2190.74
627.07	2181.38
627.40	2251.60
627.73	2157.97
628.06	2148.61
628.38	2174.36
628.71	2216.49
629.04	2218.83
629.37	2162.66
629.70	2139.25
630.03	2202.44
630.36	2186.06
630.68	2239.89
631.01	2197.76
631.34	2223.51
631.67	2169.68
632.00	2181.38
632.32	2122.87
632.65	2228.19
632.98	2139.25
633.31	2200.10
633.64	2258.62
633.96	2204.78
634.29	2272.66
634.62	2237.55
634.95	2141.59
635.27	2169.68
635.60	2204.78
635.93	2228.19
636.26	2160.31
636.58	2134.57
636.91	2181.38
637.24	2162.66
637.57	2160.31
637.89	2176.70
638.22	2188.40
638.55	2211.81
638.87	2169.68
639.20	2139.25
639.53	2181.38
639.86	2157.97
640.18	2188.40
640.51	2148.61
640.84	2200.10
641.16	2202.44
641.49	2204.78
641.82	2218.83
642.14	2200.10
642.47	2277.34
642.80	2263.30
643.12	2223.51
643.45	2165.00
643.78	2150.95
644.10	2239.89
644.43	2186.06
644.75	2223.51
645.08	2113.50
645.41	2232.87
645.73	2122.87
646.06	2284.36
646.39	2218.83
646.71	2200.10
647.04	2153.29
647.36	2115.84
647.69	2197.76
648.01	2141.59
648.34	2169.68
648.67	2221.17
648.99	2202.44
649.32	2153.29
649.64	2064.35
649.97	2167.34
650.29	2169.68
650.62	2314.79
650.94	2230.53
651.27	2242.23
651.59	2157.97
651.92	2190.74
652.25	2328.83
652.57	2165.00
652.90	2162.66
653.22	2214.15
653.55	2197.76
653.87	2186.06
654.20	2155.63
654.52	2267.98
654.84	2195.42
655.17	2223.51
655.49	2232.87
655.82	2150.95
656.14	2253.94
656.47	2260.96
656.79	2260.96
657.12	2195.42
657.44	2157.97
657.77	2186.06
658.09	2139.25
658.41	2115.84
658.74	2223.51
659.06	2162.66
659.39	2237.55
659.71	2232.87
660.03	2174.36
660.36	2162.66
660.68	2225.85
661.01	2310.11
661.33	2204.78
661.65	2197.76
661.98	2286.70
662.30	2298.41
662.63	2214.15
662.95	2246.91
663.27	2143.93
663.60	2127.55
663.92	2237.55
664.24	2125.21
664.57	1987.11
664.89	2193.08
665.21	2211.81
665.54	2244.57
665.86	2146.27
666.18	2235.21
666.51	2267.98
666.83	2202.44
667.15	2284.36
667.47	2258.62
667.80	2134.57
668.12	2188.40
668.44	2160.31
668.77	2239.89
669.09	2216.49
669.41	2183.72
669.73	2181.38
670.06	2172.02
670.38	2235.21
670.70	2129.89
671.02	2193.08
671.35	2165.00
671.67	2305.43
671.99	2143.93
672.31	2246.91
672.63	2150.95
672.96	2258.62
673.28	2122.87
673.60	2216.49
673.92	2230.53
674.24	2232.87
674.57	2183.72
674.89	2265.64
675.21	2129.89
675.53	2225.85
675.85	2237.55
676.17	2277.34
676.50	2197.76
676.82	2237.55
677.14	2204.78
677.46	2319.47
677.78	2094.78
678.10	2228.19
678.42	2150.95
678.75	2101.80
679.07	2228.19
679.39	2209.47
679.71	2150.95
680.03	2190.74
680.35	2157.97
680.67	2267.98
680.99	2118.18
681.31	2125.21
681.63	2188.40
681.96	2200.10
682.28	2146.27
682.60	2179.04
682.92	2183.72
683.24	2083.08
683.56	2267.98
683.88	2136.91
684.20	2223.51
684.52	2174.36
684.84	2139.25
685.16	2207.13
685.48	2305.43
685.80	2181.38
686.12	2249.25
686.44	2260.96
686.76	2218.83
687.08	2221.17
687.40	2179.04
687.72	2188.40
688.04	2143.93
688.36	2347.56
688.68	2300.75
689.00	2256.28
689.32	2181.38
689.64	2136.91
689.96	2200.10
690.28	2223.51
690.60	2150.95
690.92	2146.27
691.24	2211.81
691.56	2155.63
691.88	2148.61
692.19	2200.10
692.51	2230.53
692.83	2216.49
693.15	2282.02
693.47	2167.34
693.79	2165.00
694.11	2267.98
694.43	2218.83
694.75	2129.89
695.06	2209.47
695.38	2183.72
695.70	2221.17
696.02	2146.27
696.34	2204.78
696.66	2150.95
696.98	2193.08
697.29	2141.59
697.61	2188.40
697.93	2275.00
698.25	2635.44
698.57	2216.49
698.89	2111.16
699.20	2181.38
699.52	2221.17
699.84	2172.02
700.16	2176.70
700.48	2242.23
700.79	2188.40
701.11	2291.38
701.43	2244.57
701.75	2129.89
702.07	2181.38
702.38	2190.74
702.70	2195.42
703.02	2153.29
703.34	2195.42
703.65	2179.04
703.97	2165.00
704.29	2181.38
704.61	2118.18
704.92	2209.47
705.24	2190.74
705.56	2211.81
705.87	2216.49
706.19	2160.31
706.51	2160.31
706.82	2216.49
707.14	2169.68
707.46	2223.51
707.78	2139.25
708.09	2181.38
708.41	2190.74
708.73	2200.10
709.04	2223.51
709.36	2120.53
709.68	2165.00
709.99	2267.98
710.31	2272.66
710.62	2218.83
710.94	2153.29
711.26	2197.76
711.57	2235.21
711.89	2181.38
712.21	2296.07
712.52	2221.17
712.84	2354.58
713.15	2195.42
713.47	2235.21
713.79	2221.17
714.10	2155.63
714.42	2218.83
714.73	2256.28
715.05	2064.35
715.36	2169.68
715.68	2188.40
715.99	2150.95
716.31	2197.76
716.63	2265.64
716.94	2195.42
717.26	2349.90
717.57	2209.47
717.89	2312.45
718.20	2165.00
718.52	2279.68
718.83	2193.08
719.15	2282.02
719.46	2272.66
719.78	2216.49
720.09	2242.23
720.41	2160.31
720.72	2157.97
721.04	2157.97
721.35	2176.70
721.67	2153.29
721.98	2214.15
722.29	2148.61
722.61	2223.51
722.92	2190.74
723.24	2136.91
723.55	2157.97
723.87	2209.47
724.18	2186.06
724.50	2193.08
724.81	2188.40
725.12	2284.36
725.44	2169.68
725.75	2172.02
726.07	2225.85
726.38	2237.55
726.69	2150.95
727.01	2246.91
727.32	2136.91
727.63	2162.66
727.95	2249.25
728.26	2284.36
728.58	2188.40
728.89	2183.72
729.20	2211.81
729.52	2207.13
729.83	2263.30
730.14	2260.96
730.46	2183.72
730.77	2249.25
731.08	2214.15
731.39	2176.70
731.71	2148.61
732.02	2188.40
732.33	2179.04
732.65	2176.70
732.96	2204.78
733.27	2214.15
733.59	2307.77
733.90	2195.42
734.21	2106.48
734.52	2139.25
734.84	2321.81
735.15	2172.02
735.46	2176.70
735.77	2193.08
736.09	2181.38
736.40	2267.98
736.71	2263.30
737.02	2148.61
737.33	2160.31
737.65	2179.04
737.96	2249.25
738.27	2186.06
738.58	2317.13
738.89	2228.19
739.21	2162.66
739.52	2136.91
739.83	2228.19
740.14	2293.72
740.45	2221.17
740.76	2155.63
741.08	2216.49
741.39	2174.36
741.70	2263.30
742.01	2193.08
742.32	2193.08
742.63	2181.38
742.94	2146.27
743.26	2260.96
743.57	2253.94
743.88	2235.21
744.19	2122.87
744.50	2155.63
744.81	2242.23
745.12	2172.02
745.43	2181.38
745.74	2359.26
746.05	2253.94
746.36	2176.70
746.67	2239.89
746.99	2193.08
747.30	2155.63
747.61	2143.93
747.92	2232.87
748.23	2193.08
748.54	2160.31
748.85	2225.85
749.16	2239.89
749.47	2186.06
749.78	2202.44
750.09	2186.06
750.40	2186.06
750.71	2197.76
751.02	2181.38
751.33	2197.76
751.64	2228.19
751.95	2176.70
752.26	2256.28
752.57	2244.57
752.88	2167.34
753.19	2150.95
753.50	2256.28
753.81	2207.13
754.11	2111.16
754.42	2377.98
754.73	2214.15
755.04	2202.44
755.35	2186.06
755.66	2303.09
755.97	2155.63
756.28	2134.57
756.59	2169.68
756.90	2270.32
757.21	2230.53
757.52	2253.94
757.82	2197.76
758.13	2200.10
758.44	2270.32
758.75	2141.59
759.06	2232.87
759.37	2111.16
759.68	2221.17
759.98	2148.61
760.29	2223.51
760.60	2200.10
760.91	2134.57
761.22	2155.63
761.53	2087.76
761.83	2186.06
762.14	2160.31
762.45	2225.85
762.76	2174.36
763.07	2179.04
763.37	2354.58
763.68	2298.41
763.99	2293.72
764.30	2230.53
764.60	2134.57
764.91	2303.09
765.22	2172.02
765.53	2296.07
765.84	2188.40
766.14	2146.27
766.45	2160.31
766.76	2174.36
767.06	2249.25
767.37	2143.93
767.68	2113.50
767.99	2186.06
768.29	2221.17
768.60	2225.85
768.91	2282.02
769.21	2298.41
769.52	2195.42
769.83	2155.63
770.13	2190.74
770.44	2223.51
770.75	2270.32
771.05	2120.53
771.36	2253.94
771.67	2183.72
771.97	2181.38
772.28	2181.38
772.59	2157.97
772.89	2228.19
773.20	2188.40
773.51	2141.59
773.81	2230.53
774.12	2167.34
774.42	2169.68
774.73	2073.71
775.04	2181.38
775.34	2361.60
775.65	2200.10
775.95	2289.04
776.26	2228.19
776.56	2132.23
776.87	2216.49
777.18	3232.28
777.48	2279.68
777.79	2197.76
778.09	2265.64
778.40	2148.61
778.70	2141.59
779.01	2251.60
779.31	2214.15
779.62	2267.98
779.92	2223.51
780.23	2237.55
780.53	2153.29
780.84	2228.19
781.14	2221.17
781.45	2157.97
781.75	2300.75
782.06	2188.40
782.36	2169.68
782.67	2141.59
782.97	2246.91
783.28	2279.68
783.58	2218.83
783.89	2153.29
784.19	2190.74
784.49	2286.70
784.80	2200.10
785.10	2249.25
785.41	2165.00
785.71	2141.59
786.02	2211.81
786.32	2216.49
786.62	2286.70
786.93	2225.85
787.23	2181.38
787.54	2179.04
787.84	2312.45
788.14	2207.13
788.45	2157.97
788.75	2207.13
789.05	2209.47
789.36	2183.72
789.66	2270.32
789.96	2256.28
790.27	2232.87
790.57	2239.89
790.87	2150.95
791.18	2172.02
791.48	2183.72
791.78	2200.10
792.09	2211.81
792.39	2129.89
792.69	2286.70
793.00	2197.76
793.30	2197.76
793.60	2160.31
793.90	2120.53
794.21	2207.13
794.51	2345.22
794.81	2195.42
795.11	2143.93
795.42	2139.25
795.72	2279.68
796.02	2223.51
796.32	2237.55
796.63	2174.36
796.93	2214.15
797.23	2157.97
797.53	2176.70
797.84	2150.95
798.14	2165.00
798.44	2223.51
798.74	2162.66
799.04	2204.78
799.34	2228.19
799.65	2310.11
799.95	2218.83
800.25	2197.76
800.55	2200.10
800.85	2221.17
801.15	2190.74
801.46	2080.74
801.76	2335.85
802.06	2202.44
802.36	2258.62
802.66	2169.68
802.96	2225.85
803.26	2260.96
803.56	2239.89
803.87	2366.28
804.17	2204.78
804.47	2190.74
804.77	2251.60
805.07	2230.53
805.37	2251.60
805.67	2251.60
805.97	2179.04
806.27	2167.34
806.57	2207.13
806.87	2214.15
807.17	2232.87
807.47	2237.55
807.77	2279.68
808.07	2143.93
808.37	2214.15
808.67	2190.74
808.98	2305.43
809.28	2209.47
809.58	2300.75
809.88	2298.41
810.18	2263.30
810.47	2155.63
810.77	2127.55
811.07	2181.38
811.37	2162.66
811.67	2195.42
811.97	2179.04
812.27	2165.00
812.57	2169.68
812.87	2183.72
813.17	2200.10
813.47	2134.57
813.77	2193.08
814.07	2120.53
814.37	2211.81
814.67	2179.04
814.97	2169.68
815.27	2216.49
815.56	2162.66
815.86	2253.94
816.16	2176.70
816.46	2139.25
816.76	2176.70
817.06	2207.13
817.36	2251.60
817.66	2204.78
817.95	2162.66
818.25	2186.06
818.55	2223.51
818.85	2209.47
819.15	2153.29
819.45	2244.57
819.75	2134.57
820.04	2129.89
820.34	2342.88
820.64	2235.21
820.94	2228.19
821.24	2244.57
821.53	2200.10
821.83	2244.57
822.13	2176.70
822.43	2155.63
822.72	2190.74
823.02	2160.31
823.32	2125.21
823.62	2209.47
823.91	2342.88
824.21	2146.27
824.51	2167.34
824.81	2146.27
825.10	2108.82
825.40	2202.44
825.70	2179.04
826.00	2275.00
826.29	2108.82
826.59	2263.30
826.89	2225.85
827.18	2167.34
827.48	2207.13
827.78	2188.40
828.07	2195.42
828.37	2214.15
828.67	2143.93
828.96	2200.10
829.26	2157.97
829.56	2237.55
829.85	2181.38
830.15	2146.27
830.45	2169.68
830.74	2265.64
831.04	2169.68
831.34	2239.89
831.63	2305.43
831.93	2186.06
832.22	2160.31
832.52	2200.10
832.82	2193.08
833.11	2174.36
833.41	2129.89
833.70	2186.06
834.00	2258.62
834.29	2146.27
834.59	2099.46
834.89	2218.83
835.18	2186.06
835.48	2272.66
835.77	2165.00
836.07	2183.72
836.36	2249.25
836.66	2242.23
836.95	2139.25
837.25	2211.81
837.54	2207.13
837.84	2132.23
838.13	2209.47
838.43	2162.66
838.72	2319.47
839.02	2228.19
839.31	2176.70
839.61	2169.68
839.90	2188.40
840.20	2214.15
840.49	2165.00
840.78	2223.51
841.08	2157.97
841.37	2200.10
841.67	2157.97
841.96	2225.85
842.26	2228.19
842.55	2176.70
842.84	2197.76
843.14	2260.96
843.43	2129.89
843.73	2146.27
844.02	2172.02
844.31	2228.19
844.61	2218.83
844.90	2232.87
845.20	2211.81
845.49	2155.63
845.78	2207.13
846.08	2202.44
846.37	2148.61
846.66	2165.00
846.96	2179.04
847.25	2218.83
847.54	2155.63
847.84	2134.57
848.13	2183.72
848.42	2246.91
848.72	2230.53
849.01	2230.53
849.30	2043.29
849.59	2085.42
849.89	2155.63
850.18	2188.40
850.47	2160.31
850.76	2338.20
851.06	2303.09
851.35	2132.23
851.64	2172.02
851.93	2162.66
852.23	2312.45
852.52	2202.44
852.81	2186.06
853.10	2113.50
853.40	2188.40
853.69	2141.59
853.98	2183.72
854.27	2204.78
854.56	2153.29
854.86	2172.02
855.15	2209.47
855.44	2249.25
855.73	2134.57
856.02	2235.21
856.31	2277.34
856.61	2160.31
856.90	2080.74
857.19	2179.04
857.48	2120.53
857.77	2146.27
858.06	2129.89
858.35	2118.18
858.65	2242.23
858.94	2172.02
859.23	2169.68
859.52	2223.51
859.81	2160.31
860.10	2181.38
860.39	2216.49
860.68	2209.47
860.97	2157.97
861.26	2172.02
861.55	2179.04
861.85	2181.38
862.14	2211.81
862.43	2279.68
862.72	2183.72
863.01	2120.53
863.30	2160.31
863.59	2216.49
863.88	2153.29
864.17	2174.36
864.46	2134.57
864.75	2251.60
865.04	2223.51
865.33	2113.50
865.62	2235.21
865.91	2211.81
866.20	2176.70
866.49	2167.34
866.78	2200.10
867.07	2176.70
867.36	2235.21
867.65	2260.96
867.93	2195.42
868.22	2169.68
868.51	2218.83
868.80	2265.64
869.09	2153.29
869.38	2157.97
869.67	2209.47
869.96	2209.47
870.25	2209.47
