178.76	1724.97
179.14	1724.97
179.52	1724.97
179.90	1713.27
180.28	1813.92
180.66	1856.04
181.04	1872.43
181.42	1816.26
181.80	1781.15
182.18	1914.56
182.55	1823.28
182.93	1865.41
183.31	1851.36
183.69	1907.54
184.07	1970.73
184.45	1905.20
184.83	1888.81
185.21	1867.75
185.59	1928.60
185.97	2120.53
186.35	2008.18
186.72	1970.73
187.10	1989.46
187.48	2127.55
187.86	2092.44
188.24	2031.58
188.62	2059.67
189.00	2120.53
189.38	2118.18
189.75	2139.25
190.13	2099.46
190.51	2113.50
190.89	2214.15
191.27	2267.98
191.65	2200.10
192.03	2165.00
192.40	2195.42
192.78	2218.83
193.16	2202.44
193.54	2193.08
193.92	2188.40
194.30	2153.29
194.67	2239.89
195.05	2216.49
195.43	2193.08
195.81	2157.97
196.19	2211.81
196.56	2207.13
196.94	2172.02
197.32	2174.36
197.70	2134.57
198.08	2179.04
198.45	2139.25
198.83	2235.21
199.21	2146.27
199.59	2155.63
199.97	2186.06
200.34	2120.53
200.72	2232.87
201.10	2202.44
201.48	2202.44
201.85	2083.08
202.23	2129.89
202.61	2134.57
202.99	2296.07
203.36	2127.55
203.74	2162.66
204.12	2148.61
204.49	2160.31
204.87	2160.31
205.25	2150.95
205.63	2174.36
206.00	2176.70
206.38	2157.97
206.76	2167.34
207.14	2148.61
207.51	2038.61
207.89	2139.25
208.27	2162.66
208.64	2129.89
209.02	2111.16
209.40	2111.16
209.77	2120.53
210.15	2267.98
210.53	2129.89
210.90	2172.02
211.28	2073.71
211.66	2214.15
212.03	2127.55
212.41	2073.71
212.79	2141.59
213.16	2083.08
213.54	2181.38
213.92	2235.21
214.29	2200.10
214.67	2087.76
215.05	2101.80
215.42	2165.00
215.80	2143.93
216.17	2127.55
216.55	2197.76
216.93	2106.48
217.30	2230.53
217.68	2141.59
218.05	2193.08
218.43	2186.06
218.81	2146.27
219.18	2235.21
219.56	2176.70
219.93	2221.17
220.31	2190.74
220.69	2146.27
221.06	2125.21
221.44	2139.25
221.81	2113.50
222.19	2127.55
222.56	2160.31
222.94	2183.72
223.32	2162.66
223.69	2190.74
224.07	2165.00
224.44	2223.51
224.82	2160.31
225.19	2174.36
225.57	2136.91
225.94	2090.10
226.32	2143.93
226.69	2204.78
227.07	2207.13
227.44	2160.31
227.82	2221.17
228.19	2155.63
228.57	2157.97
228.94	2260.96
229.32	2153.29
229.69	2188.40
230.07	2122.87
230.44	2190.74
230.82	2162.66
231.19	2188.40
231.57	2097.12
231.94	2092.44
232.32	2296.07
232.69	2094.78
233.07	2167.34
233.44	2183.72
233.82	2167.34
234.19	2104.14
234.57	2134.57
234.94	2176.70
235.31	2207.13
235.69	2167.34
236.06	2120.53
236.44	2207.13
236.81	2097.12
237.19	2186.06
237.56	2181.38
237.93	2190.74
238.31	2125.21
238.68	2118.18
239.06	2129.89
239.43	2202.44
239.81	2155.63
240.18	2122.87
240.55	2094.78
240.93	2204.78
241.30	2127.55
241.67	2136.91
242.05	2134.57
242.42	2209.47
242.80	2181.38
243.17	2183.72
243.54	2090.10
243.92	2225.85
244.29	2155.63
244.66	2127.55
245.04	2225.85
245.41	2267.98
245.78	2157.97
246.16	2193.08
246.53	2216.49
246.90	2162.66
247.28	2225.85
247.65	2153.29
248.02	2183.72
248.40	2246.91
248.77	2197.76
249.14	2260.96
249.52	2179.04
249.89	2169.68
250.26	2141.59
250.64	2172.02
251.01	2265.64
251.38	2106.48
251.75	2143.93
252.13	2139.25
252.50	2165.00
252.87	2249.25
253.25	2108.82
253.62	2174.36
253.99	2176.70
254.36	2160.31
254.74	2160.31
255.11	2132.23
255.48	2188.40
255.85	2289.04
256.23	2172.02
256.60	2195.42
256.97	2129.89
257.34	2260.96
257.71	2214.15
258.09	2108.82
258.46	2256.28
258.83	2260.96
259.20	2157.97
259.58	2129.89
259.95	2146.27
260.32	2197.76
260.69	2125.21
261.06	2218.83
261.44	2148.61
261.81	2277.34
262.18	2157.97
262.55	2179.04
262.92	2179.04
263.29	2115.84
263.67	2183.72
264.04	2125.21
264.41	2176.70
264.78	2115.84
265.15	2221.17
265.52	2207.13
265.90	2174.36
266.27	2204.78
266.64	2122.87
267.01	2108.82
267.38	2195.42
267.75	2150.95
268.12	2129.89
268.50	2218.83
268.87	2132.23
269.24	2115.84
269.61	2303.09
269.98	2200.10
270.35	2169.68
270.72	2040.95
271.09	2141.59
271.46	2132.23
271.83	2150.95
272.21	2176.70
272.58	2113.50
272.95	2172.02
273.32	2153.29
273.69	2162.66
274.06	2143.93
274.43	2232.87
274.80	2202.44
275.17	2127.55
275.54	2342.88
275.91	2202.44
276.28	2195.42
276.65	2132.23
277.02	2211.81
277.39	2188.40
277.76	2183.72
278.13	2157.97
278.50	2232.87
278.87	2221.17
279.24	2176.70
279.61	2239.89
279.98	2232.87
280.35	2134.57
280.72	2193.08
281.09	2101.80
281.46	2169.68
281.83	2167.34
282.20	2239.89
282.57	2169.68
282.94	2134.57
283.31	2181.38
283.68	2176.70
284.05	2127.55
284.42	2157.97
284.79	2244.57
285.16	2174.36
285.53	2190.74
285.90	2207.13
286.27	2326.49
286.64	2190.74
287.01	2183.72
287.38	2183.72
287.75	3150.36
288.12	2167.34
288.49	2291.38
288.86	2183.72
289.23	2155.63
289.59	2157.97
289.96	2167.34
290.33	2195.42
290.70	2174.36
291.07	2160.31
291.44	2181.38
291.81	2190.74
292.18	2134.57
292.55	2225.85
292.91	2237.55
293.28	2211.81
293.65	2310.11
294.02	2136.91
294.39	2214.15
294.76	2239.89
295.13	2225.85
295.50	2223.51
295.86	2197.76
296.23	2148.61
296.60	2113.50
296.97	2167.34
297.34	2157.97
297.71	2228.19
298.07	2176.70
298.44	2167.34
298.81	2176.70
299.18	2153.29
299.55	2272.66
299.91	2143.93
300.28	2204.78
300.65	2139.25
301.02	2221.17
301.39	2143.93
301.75	2296.07
302.12	2237.55
302.49	2176.70
302.86	2282.02
303.23	2113.50
303.59	2146.27
303.96	2310.11
304.33	2209.47
304.70	2312.45
305.06	2162.66
305.43	2165.00
305.80	2204.78
306.17	2249.25
306.53	2015.20
306.90	2122.87
307.27	2169.68
307.64	2265.64
308.00	2179.04
308.37	2179.04
308.74	2237.55
309.11	2228.19
309.47	2122.87
309.84	2167.34
310.21	2172.02
310.57	2141.59
310.94	2169.68
311.31	2176.70
311.67	2195.42
312.04	2155.63
312.41	2195.42
312.77	2200.10
313.14	2083.08
313.51	2200.10
313.87	2141.59
314.24	2181.38
314.61	2155.63
314.97	2181.38
315.34	2235.21
315.71	2153.29
316.07	2202.44
316.44	2183.72
316.81	2165.00
317.17	2204.78
317.54	2277.34
317.91	2207.13
318.27	2174.36
318.64	2174.36
319.00	2190.74
319.37	2207.13
319.74	2237.55
320.10	2225.85
320.47	2155.63
320.83	2216.49
321.20	2120.53
321.57	2160.31
321.93	2157.97
322.30	2122.87
322.66	2162.66
323.03	2279.68
323.40	2083.08
323.76	2143.93
324.13	2153.29
324.49	2235.21
324.86	2396.71
325.22	2176.70
325.59	2211.81
325.95	2253.94
326.32	2157.97
326.68	2277.34
327.05	2176.70
327.42	2122.87
327.78	2078.40
328.15	2242.23
328.51	2197.76
328.88	2139.25
329.24	2265.64
329.61	2235.21
329.97	2256.28
330.34	2125.21
330.70	2157.97
331.07	2239.89
331.43	2190.74
331.80	2296.07
332.16	2253.94
332.52	2190.74
332.89	2249.25
333.25	2094.78
333.62	2291.38
333.98	2157.97
334.35	2183.72
334.71	2221.17
335.08	2162.66
335.44	2293.72
335.81	2256.28
336.17	2202.44
336.53	2165.00
336.90	2207.13
337.26	2150.95
337.63	2314.79
337.99	2150.95
338.36	2136.91
338.72	2162.66
339.08	2228.19
339.45	2127.55
339.81	2242.23
340.18	2188.40
340.54	2230.53
340.90	2193.08
341.27	2146.27
341.63	2232.87
341.99	2139.25
342.36	2263.30
342.72	2169.68
343.09	2282.02
343.45	2209.47
343.81	2228.19
344.18	2125.21
344.54	2200.10
344.90	2195.42
345.27	2272.66
345.63	2146.27
345.99	2230.53
346.36	2179.04
346.72	2162.66
347.08	2214.15
347.45	2193.08
347.81	2197.76
348.17	2120.53
348.54	2080.74
348.90	2251.60
349.26	2188.40
349.62	2223.51
349.99	2139.25
350.35	2122.87
350.71	2190.74
351.08	2190.74
351.44	2176.70
351.80	2232.87
352.16	2223.51
352.53	2146.27
352.89	2141.59
353.25	2251.60
353.61	2172.02
353.98	2223.51
354.34	2230.53
354.70	2237.55
355.06	2101.80
355.43	2141.59
355.79	2195.42
356.15	2165.00
356.51	2202.44
356.88	2162.66
357.24	2143.93
357.60	2176.70
357.96	2174.36
358.32	2352.24
358.69	2169.68
359.05	2179.04
359.41	2153.29
359.77	2197.76
360.13	2169.68
360.49	2186.06
360.86	2228.19
361.22	2155.63
361.58	2190.74
361.94	2265.64
362.30	2157.97
362.66	2221.17
363.03	2202.44
363.39	2179.04
363.75	2169.68
364.11	2232.87
364.47	2169.68
364.83	2282.02
365.19	2190.74
365.56	2176.70
365.92	2209.47
366.28	2284.36
366.64	2218.83
367.00	2169.68
367.36	2087.76
367.72	2239.89
368.08	2165.00
368.44	2188.40
368.80	2242.23
369.17	2141.59
369.53	2244.57
369.89	2193.08
370.25	2120.53
370.61	2106.48
370.97	2200.10
371.33	2153.29
371.69	2216.49
372.05	2232.87
372.41	2165.00
372.77	2183.72
373.13	2291.38
373.49	2153.29
373.85	2232.87
374.21	2193.08
374.57	2160.31
374.93	2232.87
375.29	2202.44
375.65	2209.47
376.01	2216.49
376.37	2242.23
376.73	2270.32
377.09	2207.13
377.45	2230.53
377.81	2167.34
378.17	2200.10
378.53	2204.78
378.89	2200.10
379.25	2216.49
379.61	2317.13
379.97	2291.38
380.33	2209.47
380.69	2179.04
381.05	2181.38
381.41	2218.83
381.77	2176.70
382.13	2207.13
382.49	2317.13
382.85	2239.89
383.21	2202.44
383.57	2204.78
383.93	2237.55
384.28	2186.06
384.64	2179.04
385.00	2202.44
385.36	2204.78
385.72	2165.00
386.08	2129.89
386.44	2195.42
386.80	2188.40
387.16	2279.68
387.52	2230.53
387.87	2298.41
388.23	2167.34
388.59	2172.02
388.95	2073.71
389.31	2165.00
389.67	2200.10
390.03	2223.51
390.38	2169.68
390.74	2176.70
391.10	2291.38
391.46	2249.25
391.82	2143.93
392.18	2214.15
392.54	2097.12
392.89	2134.57
393.25	2239.89
393.61	2150.95
393.97	2129.89
394.33	2193.08
394.68	2244.57
395.04	2146.27
395.40	2251.60
395.76	2218.83
396.12	2174.36
396.47	2162.66
396.83	2183.72
397.19	2260.96
397.55	2118.18
397.90	2193.08
398.26	2207.13
398.62	2197.76
398.98	2162.66
399.33	2132.23
399.69	2459.90
400.05	2228.19
400.41	2162.66
400.76	2202.44
401.12	2204.78
401.48	2242.23
401.84	2216.49
402.19	2165.00
402.55	2155.63
402.91	2176.70
403.26	2176.70
403.62	2167.34
403.98	2202.44
404.34	2132.23
404.69	2228.19
405.05	2195.42
405.41	2293.72
405.76	2165.00
406.12	2162.66
406.48	2169.68
406.83	2181.38
407.19	2165.00
407.55	2267.98
407.90	2267.98
408.26	2186.06
408.62	2169.68
408.97	2122.87
409.33	2113.50
409.68	2122.87
410.04	2176.70
410.40	2111.16
410.75	2218.83
411.11	2195.42
411.47	2204.78
411.82	2214.15
412.18	2172.02
412.53	2179.04
412.89	2195.42
413.25	2129.89
413.60	2181.38
413.96	2150.95
414.31	2232.87
414.67	2087.76
415.03	2097.12
415.38	2066.69
415.74	2162.66
416.09	2167.34
416.45	2207.13
416.80	2169.68
417.16	2200.10
417.51	2174.36
417.87	2209.47
418.23	2134.57
418.58	2186.06
418.94	2146.27
419.29	2174.36
419.65	2216.49
420.00	2179.04
420.36	2200.10
420.71	2174.36
421.07	2216.49
421.42	2214.15
421.78	2228.19
422.13	2193.08
422.49	2090.10
422.84	2270.32
423.20	2134.57
423.55	2136.91
423.91	2150.95
424.26	2286.70
424.61	2176.70
424.97	2225.85
425.32	2141.59
425.68	2157.97
426.03	2165.00
426.39	2242.23
426.74	2218.83
427.10	2237.55
427.45	2153.29
427.80	2197.76
428.16	2190.74
428.51	2085.42
428.87	2165.00
429.22	2141.59
429.58	2228.19
429.93	2225.85
430.28	2195.42
430.64	2225.85
430.99	2134.57
431.35	2165.00
431.70	2209.47
432.05	2190.74
432.41	2186.06
432.76	2165.00
433.11	2216.49
433.47	2267.98
433.82	2300.75
434.17	2190.74
434.53	2216.49
434.88	2359.26
435.24	2179.04
435.59	2186.06
435.94	2239.89
436.30	2167.34
436.65	2197.76
437.00	2232.87
437.35	2335.85
437.71	2197.76
438.06	2134.57
438.41	2176.70
438.77	2195.42
439.12	2223.51
439.47	2186.06
439.83	2202.44
440.18	2223.51
440.53	2106.48
440.88	2251.60
441.24	2186.06
441.59	2141.59
441.94	2176.70
442.30	2244.57
442.65	2326.49
443.00	2157.97
443.35	2237.55
443.71	2134.57
444.06	2246.91
444.41	2256.28
444.76	2251.60
445.11	2202.44
445.47	2249.25
445.82	2253.94
446.17	2155.63
446.52	2209.47
446.88	2132.23
447.23	2174.36
447.58	2214.15
447.93	2183.72
448.28	2525.44
448.63	2232.87
448.99	2146.27
449.34	2186.06
449.69	2174.36
450.04	2275.00
450.39	2265.64
450.74	2183.72
451.10	2157.97
451.45	2244.57
451.80	2207.13
452.15	2211.81
452.50	2197.76
452.85	2265.64
453.21	2228.19
453.56	2153.29
453.91	2155.63
454.26	2209.47
454.61	2193.08
454.96	2193.08
455.31	2122.87
455.66	2113.50
456.01	2272.66
456.36	2155.63
456.72	2202.44
457.07	2256.28
457.42	2214.15
457.77	2209.47
458.12	2169.68
458.47	2230.53
458.82	2253.94
459.17	2186.06
459.52	2179.04
459.87	2541.82
460.22	2183.72
460.57	2195.42
460.92	2209.47
461.27	2157.97
461.62	2209.47
461.97	2174.36
462.32	2237.55
462.67	2193.08
463.02	2223.51
463.38	2282.02
463.73	2263.30
464.08	2169.68
464.43	2122.87
464.78	2157.97
465.12	2214.15
465.47	2237.55
465.82	2466.92
466.17	2214.15
466.52	2232.87
466.87	2172.02
467.22	2188.40
467.57	2134.57
467.92	2157.97
468.27	2265.64
468.62	2300.75
468.97	2176.70
469.32	2160.31
469.67	2256.28
470.02	2272.66
470.37	2228.19
470.72	2289.04
471.07	2129.89
471.42	2235.21
471.76	2209.47
472.11	2155.63
472.46	2200.10
472.81	2340.54
473.16	2157.97
473.51	2211.81
473.86	2146.27
474.21	2179.04
474.56	2216.49
474.90	2162.66
475.25	2207.13
475.60	2244.57
475.95	2223.51
476.30	2214.15
476.65	2221.17
477.00	2298.41
477.34	2279.68
477.69	2200.10
478.04	2157.97
478.39	2216.49
478.74	2106.48
479.09	2167.34
479.43	2375.64
479.78	2204.78
480.13	2176.70
480.48	2211.81
480.83	2232.87
481.17	2143.93
481.52	2237.55
481.87	2125.21
482.22	2197.76
482.57	2162.66
482.91	2165.00
483.26	2230.53
483.61	2225.85
483.96	2190.74
484.30	3967.21
484.65	2314.79
485.00	2146.27
485.35	2218.83
485.69	2239.89
486.04	2218.83
486.39	2211.81
486.74	2230.53
487.08	2174.36
487.43	2253.94
487.78	2174.36
488.12	2179.04
488.47	2165.00
488.82	2282.02
489.17	2190.74
489.51	2066.69
489.86	2251.60
490.21	2193.08
490.55	2218.83
490.90	2179.04
491.25	2186.06
491.59	2190.74
491.94	2207.13
492.29	2197.76
492.63	2181.38
492.98	2232.87
493.33	2183.72
493.67	2143.93
494.02	2181.38
494.37	2193.08
494.71	2190.74
495.06	2188.40
495.40	2239.89
495.75	2197.76
496.10	2244.57
496.44	2197.76
496.79	2232.87
497.13	2235.21
497.48	2340.54
497.83	2237.55
498.17	2317.13
498.52	2097.12
498.86	2232.87
499.21	2183.72
499.56	2211.81
499.90	2256.28
500.25	2155.63
500.59	2162.66
500.94	2225.85
501.28	2230.53
501.63	2150.95
501.97	2127.55
502.32	2286.70
502.67	2232.87
503.01	2165.00
503.36	2186.06
503.70	2165.00
504.05	2235.21
504.39	2228.19
504.74	2136.91
505.08	2307.77
505.43	2225.85
505.77	2209.47
506.12	2183.72
506.46	2188.40
506.81	2157.97
507.15	2097.12
507.49	2160.31
507.84	2221.17
508.18	2172.02
508.53	2195.42
508.87	2165.00
509.22	2129.89
509.56	14686.86
509.91	2764.17
510.25	2125.21
510.60	2183.72
510.94	2279.68
511.28	2157.97
511.63	2197.76
511.97	2141.59
512.32	2239.89
512.66	2190.74
513.00	2157.97
513.35	2265.64
513.69	2167.34
514.04	2211.81
514.38	2225.85
514.72	2172.02
515.07	2193.08
515.41	2167.34
515.76	2127.55
516.10	2256.28
516.44	2174.36
516.79	2169.68
517.13	2209.47
517.47	2127.55
517.82	2263.30
518.16	2179.04
518.50	2167.34
518.85	2179.04
519.19	2263.30
519.53	2275.00
519.88	2232.87
520.22	2167.34
520.56	2162.66
520.91	2143.93
521.25	2122.87
521.59	2139.25
521.93	2214.15
522.28	2235.21
522.62	2221.17
522.96	2172.02
523.31	2106.48
523.65	2153.29
523.99	2270.32
524.33	2244.57
524.68	2183.72
525.02	2136.91
525.36	2193.08
525.70	2139.25
526.05	2111.16
526.39	2165.00
526.73	2183.72
527.07	2235.21
527.41	2237.55
527.76	2200.10
528.10	2193.08
528.44	2216.49
528.78	2218.83
529.12	2216.49
529.47	2272.66
529.81	2230.53
530.15	2214.15
530.49	2235.21
530.83	2101.80
531.18	2162.66
531.52	2225.85
531.86	2111.16
532.20	2181.38
532.54	2270.32
532.88	2141.59
533.22	2195.42
533.57	2148.61
533.91	2230.53
534.25	2148.61
534.59	2209.47
534.93	2162.66
535.27	2143.93
535.61	2160.31
535.95	2204.78
536.30	2202.44
536.64	2047.97
536.98	2155.63
537.32	2162.66
537.66	2172.02
538.00	2239.89
538.34	2195.42
538.68	2188.40
539.02	2221.17
539.36	2211.81
539.70	2174.36
540.04	2209.47
540.39	2359.26
540.73	2150.95
541.07	2221.17
541.41	2197.76
541.75	2211.81
542.09	2244.57
542.43	2265.64
542.77	2216.49
543.11	2195.42
543.45	2150.95
543.79	2246.91
544.13	2165.00
544.47	2157.97
544.81	2134.57
545.15	2242.23
545.49	2202.44
545.83	2160.31
546.17	2120.53
546.51	2165.00
546.85	2176.70
547.19	2225.85
547.53	2143.93
547.87	2209.47
548.21	2244.57
548.54	2209.47
548.88	2195.42
549.22	2150.95
549.56	2122.87
549.90	2157.97
550.24	2188.40
550.58	2134.57
550.92	2232.87
551.26	2195.42
551.60	2298.41
551.94	2134.57
552.28	2174.36
552.61	2242.23
552.95	2186.06
553.29	2167.34
553.63	2165.00
553.97	2202.44
554.31	2284.36
554.65	2246.91
554.99	2143.93
555.32	2122.87
555.66	2193.08
556.00	2221.17
556.34	2216.49
556.68	2193.08
557.02	2195.42
557.36	2165.00
557.69	2146.27
558.03	2148.61
558.37	2249.25
558.71	2265.64
559.05	2272.66
559.38	2197.76
559.72	2242.23
560.06	2183.72
560.40	2141.59
560.74	2242.23
561.07	2148.61
561.41	2326.49
561.75	2188.40
562.09	2237.55
562.42	2246.91
562.76	2167.34
563.10	2134.57
563.44	2452.88
563.77	2146.27
564.11	2239.89
564.45	2307.77
564.79	2188.40
565.12	2221.17
565.46	2183.72
565.80	2202.44
566.14	2209.47
566.47	2228.19
566.81	2179.04
567.15	2188.40
567.48	2197.76
567.82	2155.63
568.16	2221.17
568.49	2214.15
568.83	2153.29
569.17	2209.47
569.50	2207.13
569.84	2272.66
570.18	2125.21
570.51	2389.69
570.85	2174.36
571.19	2148.61
571.52	2153.29
571.86	2160.31
572.20	2207.13
572.53	2183.72
572.87	2083.08
573.21	2104.14
573.54	2153.29
573.88	2181.38
574.21	2188.40
574.55	2111.16
574.89	2204.78
575.22	2272.66
575.56	2141.59
575.89	2134.57
576.23	2153.29
576.57	2162.66
576.90	2143.93
577.24	2204.78
577.57	2155.63
577.91	2216.49
578.24	2150.95
578.58	2179.04
578.91	2200.10
579.25	2141.59
579.59	2190.74
579.92	2172.02
580.26	2162.66
580.59	2230.53
580.93	2228.19
581.26	2179.04
581.60	2239.89
581.93	2150.95
582.27	2225.85
582.60	2165.00
582.94	2143.93
583.27	2122.87
583.61	2139.25
583.94	2195.42
584.28	2155.63
584.61	2197.76
584.94	2218.83
585.28	2176.70
585.61	2209.47
585.95	2244.57
586.28	2289.04
586.62	2267.98
586.95	2157.97
587.29	2221.17
587.62	2251.60
587.95	2115.84
588.29	2174.36
588.62	2204.78
588.96	2202.44
589.29	2242.23
589.62	2193.08
589.96	2183.72
590.29	2139.25
590.63	2108.82
590.96	2260.96
591.29	2253.94
591.63	2253.94
591.96	2125.21
592.29	2113.50
592.63	2176.70
592.96	2167.34
593.30	2251.60
593.63	2267.98
593.96	2218.83
594.30	2200.10
594.63	2223.51
594.96	2223.51
595.30	2104.14
595.63	2174.36
595.96	2174.36
596.29	2181.38
596.63	2167.34
596.96	2289.04
597.29	2193.08
597.63	2108.82
597.96	2267.98
598.29	2204.78
598.63	2218.83
598.96	2197.76
599.29	2085.42
599.62	2183.72
599.96	2172.02
600.29	2179.04
600.62	2153.29
600.95	2129.89
601.29	2104.14
601.62	2253.94
601.95	2167.34
602.28	2141.59
602.61	2878.86
602.95	2242.23
603.28	2270.32
603.61	2167.34
603.94	2214.15
604.27	2223.51
604.61	2256.28
604.94	2204.78
605.27	2167.34
605.60	2186.06
605.93	2125.21
606.27	2225.85
606.60	2153.29
606.93	2162.66
607.26	2223.51
607.59	2174.36
607.92	2256.28
608.26	2197.76
608.59	2165.00
608.92	2148.61
609.25	2174.36
609.58	2239.89
609.91	2256.28
610.24	2305.43
610.57	2162.66
610.90	2211.81
611.24	2127.55
611.57	2202.44
611.90	2225.85
612.23	2174.36
612.56	2118.18
612.89	2253.94
613.22	2188.40
613.55	2153.29
613.88	2235.21
614.21	2155.63
614.54	2162.66
614.87	2153.29
615.20	2155.63
615.53	2162.66
615.87	2136.91
616.20	2207.13
616.53	2197.76
616.86	2155.63
617.19	2207.13
617.52	2136.91
617.85	2209.47
618.18	2153.29
618.51	2146.27
618.84	2209.47
619.17	2207.13
619.50	2305.43
619.83	2211.81
620.16	2249.25
620.49	2282.02
620.82	2349.90
621.14	2296.07
621.47	2188.40
621.80	2211.81
622.13	2148.61
622.46	2286.70
622.79	2193.08
623.12	2162.66
623.45	2216.49
623.78	2214.15
624.11	2136.91
624.44	2146.27
624.77	2169.68
625.10	2190.74
625.43	2157.97
625.75	2221.17
626.08	2174.36
626.41	2157.97
626.74	2239.89
627.07	2143.93
627.40	2291.38
627.73	2179.04
628.06	2200.10
628.38	2155.63
628.71	2249.25
629.04	2228.19
629.37	2260.96
629.70	2244.57
630.03	2155.63
630.36	2150.95
630.68	2235.21
631.01	2129.89
631.34	2265.64
631.67	2216.49
632.00	2153.29
632.32	2200.10
632.65	2270.32
632.98	2197.76
633.31	2190.74
633.64	2221.17
633.96	2193.08
634.29	2190.74
634.62	2125.21
634.95	2197.76
635.27	2202.44
635.60	2169.68
635.93	2197.76
636.26	2174.36
636.58	2083.08
636.91	2132.23
637.24	2087.76
637.57	2134.57
637.89	2193.08
638.22	2176.70
638.55	2186.06
638.87	2211.81
639.20	2169.68
639.53	2249.25
639.86	2143.93
640.18	2157.97
640.51	2165.00
640.84	2157.97
641.16	2169.68
641.49	2211.81
641.82	2228.19
642.14	2150.95
642.47	2293.72
642.80	2176.70
643.12	2193.08
643.45	2155.63
643.78	2200.10
644.10	2211.81
644.43	2200.10
644.75	2244.57
645.08	2179.04
645.41	2207.13
645.73	2113.50
646.06	2267.98
646.39	2181.38
646.71	2157.97
647.04	2134.57
647.36	2172.02
647.69	2202.44
648.01	2132.23
648.34	2153.29
648.67	2174.36
648.99	2244.57
649.32	2127.55
649.64	2172.02
649.97	2197.76
650.29	2160.31
650.62	2331.17
650.94	2179.04
651.27	2221.17
651.59	2134.57
651.92	2204.78
652.25	2225.85
652.57	2195.42
652.90	2136.91
653.22	2216.49
653.55	2111.16
653.87	2134.57
654.20	2275.00
654.52	2277.34
654.84	2129.89
655.17	2214.15
655.49	2202.44
655.82	2202.44
656.14	2221.17
656.47	2228.19
656.79	2228.19
657.12	2118.18
657.44	2113.50
657.77	2230.53
658.09	2174.36
658.41	2160.31
658.74	2193.08
659.06	2134.57
659.39	2179.04
659.71	2207.13
660.03	2204.78
660.36	2211.81
660.68	2183.72
661.01	2218.83
661.33	2214.15
661.65	2214.15
661.98	2310.11
662.30	2253.94
662.63	2202.44
662.95	2186.06
663.27	2167.34
663.60	2162.66
663.92	2143.93
664.24	2146.27
664.57	2242.23
664.89	2246.91
665.21	2165.00
665.54	2305.43
665.86	2230.53
666.18	2190.74
666.51	2230.53
666.83	2169.68
667.15	2347.56
667.47	2235.21
667.80	2169.68
668.12	2207.13
668.44	2232.87
668.77	2204.78
669.09	2382.67
669.41	2228.19
669.73	2223.51
670.06	2246.91
670.38	2200.10
670.70	2246.91
671.02	2150.95
671.35	2176.70
671.67	2197.76
671.99	2239.89
672.31	2230.53
672.63	2148.61
672.96	2237.55
673.28	2172.02
673.60	2165.00
673.92	2235.21
674.24	2251.60
674.57	2216.49
674.89	2211.81
675.21	2221.17
675.53	2256.28
675.85	2218.83
676.17	2228.19
676.50	2160.31
676.82	2305.43
677.14	2141.59
677.46	2258.62
677.78	2207.13
678.10	2204.78
678.42	2207.13
678.75	2223.51
679.07	2179.04
679.39	2167.34
679.71	2181.38
680.03	2181.38
680.35	2162.66
680.67	2167.34
680.99	2176.70
681.31	2244.57
681.63	2225.85
681.96	2338.20
682.28	2092.44
682.60	2167.34
682.92	2181.38
683.24	2153.29
683.56	2195.42
683.88	2134.57
684.20	2195.42
684.52	2179.04
684.84	2122.87
685.16	2209.47
685.48	2310.11
685.80	2209.47
686.12	2200.10
686.44	2275.00
686.76	2150.95
687.08	2176.70
687.40	2122.87
687.72	2225.85
688.04	2104.14
688.36	2317.13
688.68	2237.55
689.00	2218.83
689.32	2209.47
689.64	2200.10
689.96	2195.42
690.28	2235.21
690.60	2239.89
690.92	2165.00
691.24	2150.95
691.56	2097.12
691.88	2167.34
692.19	2188.40
692.51	2174.36
692.83	2251.60
693.15	2174.36
693.47	2214.15
693.79	2232.87
694.11	2216.49
694.43	2242.23
694.75	2193.08
695.06	2172.02
695.38	2265.64
695.70	2148.61
696.02	2176.70
696.34	2216.49
696.66	2174.36
696.98	2141.59
697.29	2157.97
697.61	2246.91
697.93	2195.42
698.25	2670.55
698.57	2265.64
698.89	2157.97
699.20	2221.17
699.52	2237.55
699.84	2108.82
700.16	2179.04
700.48	2204.78
700.79	2165.00
701.11	2235.21
701.43	2230.53
701.75	2176.70
702.07	2120.53
702.38	2216.49
702.70	2195.42
703.02	2207.13
703.34	2232.87
703.65	2186.06
703.97	2153.29
704.29	2125.21
704.61	2115.84
704.92	2134.57
705.24	2195.42
705.56	2193.08
705.87	2239.89
706.19	2118.18
706.51	2183.72
706.82	2195.42
707.14	2160.31
707.46	2122.87
707.78	2146.27
708.09	2183.72
708.41	2214.15
708.73	2139.25
709.04	2228.19
709.36	2160.31
709.68	2155.63
709.99	2246.91
710.31	2200.10
710.62	2165.00
710.94	2204.78
711.26	2207.13
711.57	2235.21
711.89	2221.17
712.21	2356.92
712.52	2172.02
712.84	2125.21
713.15	2186.06
713.47	2155.63
713.79	2195.42
714.10	2188.40
714.42	2216.49
714.73	2251.60
715.05	2160.31
715.36	2143.93
715.68	2129.89
715.99	2162.66
716.31	2200.10
716.63	2176.70
716.94	2230.53
717.26	2270.32
717.57	2267.98
717.89	2300.75
718.20	2195.42
718.52	2263.30
718.83	2176.70
719.15	2380.32
719.46	2289.04
719.78	2181.38
720.09	2106.48
720.41	2181.38
720.72	2188.40
721.04	2087.76
721.35	2132.23
721.67	2193.08
721.98	2202.44
722.29	2186.06
722.61	2183.72
722.92	2186.06
723.24	2221.17
723.55	2146.27
723.87	2172.02
724.18	2235.21
724.50	2036.27
724.81	2179.04
725.12	2239.89
725.44	2244.57
725.75	2172.02
726.07	2260.96
726.38	2218.83
726.69	2150.95
727.01	2200.10
727.32	2207.13
727.63	2186.06
727.95	2296.07
728.26	2232.87
728.58	2160.31
728.89	2162.66
729.20	2218.83
729.52	2202.44
729.83	2335.85
730.14	2176.70
730.46	2118.18
730.77	2216.49
731.08	2207.13
731.39	2120.53
731.71	2204.78
732.02	2207.13
732.33	2218.83
732.65	2092.44
732.96	2317.13
733.27	2204.78
733.59	2270.32
733.90	2188.40
734.21	2129.89
734.52	2181.38
734.84	2321.81
735.15	2256.28
735.46	2125.21
735.77	2162.66
736.09	2169.68
736.40	2197.76
736.71	2160.31
737.02	2113.50
737.33	2165.00
737.65	2190.74
737.96	2200.10
738.27	2204.78
738.58	2331.17
738.89	2183.72
739.21	2122.87
739.52	2174.36
739.83	2162.66
740.14	2160.31
740.45	2277.34
740.76	2181.38
741.08	2108.82
741.39	2235.21
741.70	2195.42
742.01	2235.21
742.32	2221.17
742.63	2165.00
742.94	2186.06
743.26	2139.25
743.57	2195.42
743.88	2202.44
744.19	2179.04
744.50	2167.34
744.81	2242.23
745.12	2176.70
745.43	2174.36
745.74	2331.17
746.05	2237.55
746.36	2162.66
746.67	2265.64
746.99	2221.17
747.30	2193.08
747.61	2174.36
747.92	2150.95
748.23	2179.04
748.54	2197.76
748.85	2113.50
749.16	2179.04
749.47	2054.99
749.78	2143.93
750.09	2148.61
750.40	2176.70
750.71	2195.42
751.02	2228.19
751.33	2165.00
751.64	2176.70
751.95	2143.93
752.26	2204.78
752.57	2160.31
752.88	2188.40
753.19	2228.19
753.50	2230.53
753.81	2125.21
754.11	2125.21
754.42	2331.17
754.73	2188.40
755.04	2225.85
755.35	2179.04
755.66	2183.72
755.97	2155.63
756.28	2134.57
756.59	2232.87
756.90	2349.90
757.21	2155.63
757.52	2272.66
757.82	2207.13
758.13	2195.42
758.44	2230.53
758.75	2221.17
759.06	2092.44
759.37	2172.02
759.68	2157.97
759.98	2141.59
760.29	2197.76
760.60	2223.51
760.91	2183.72
761.22	2153.29
761.53	2157.97
761.83	2167.34
762.14	2186.06
762.45	2207.13
762.76	2188.40
763.07	2223.51
763.37	2270.32
763.68	2209.47
763.99	2172.02
764.30	2368.62
764.60	2167.34
764.91	2195.42
765.22	2207.13
765.53	2366.28
765.84	2155.63
766.14	2209.47
766.45	2101.80
766.76	2209.47
767.06	2298.41
767.37	2155.63
767.68	2179.04
767.99	2111.16
768.29	2165.00
768.60	2101.80
768.91	2150.95
769.21	2284.36
769.52	2218.83
769.83	2165.00
770.13	2153.29
770.44	2129.89
770.75	2207.13
771.05	2207.13
771.36	2188.40
771.67	2244.57
771.97	2167.34
772.28	2228.19
772.59	2204.78
772.89	2204.78
773.20	2246.91
773.51	2190.74
773.81	2207.13
774.12	2139.25
774.42	2176.70
774.73	2174.36
775.04	2136.91
775.34	2377.98
775.65	2162.66
775.95	2284.36
776.26	2235.21
776.56	2179.04
776.87	2202.44
777.18	3265.05
777.48	2347.56
777.79	2204.78
778.09	2218.83
778.40	2136.91
778.70	2162.66
779.01	2345.22
779.31	2134.57
779.62	2258.62
779.92	2211.81
780.23	2225.85
780.53	2209.47
780.84	2160.31
781.14	2179.04
781.45	2188.40
781.75	2270.32
782.06	2169.68
782.36	2172.02
782.67	2134.57
782.97	2120.53
783.28	2242.23
783.58	2181.38
783.89	2202.44
784.19	2174.36
784.49	2232.87
784.80	2167.34
785.10	2244.57
785.41	2132.23
785.71	2225.85
786.02	2181.38
786.32	2349.90
786.62	2214.15
786.93	2251.60
787.23	2200.10
787.54	2160.31
787.84	2249.25
788.14	2270.32
788.45	2228.19
788.75	2108.82
789.05	2204.78
789.36	2197.76
789.66	2312.45
789.96	2188.40
790.27	2118.18
790.57	2223.51
790.87	2129.89
791.18	2141.59
791.48	2148.61
791.78	2216.49
792.09	2200.10
792.39	2172.02
792.69	2251.60
793.00	2139.25
793.30	2200.10
793.60	2188.40
793.90	2136.91
794.21	2200.10
794.51	2326.49
794.81	2225.85
795.11	2176.70
795.42	2202.44
795.72	2277.34
796.02	2223.51
796.32	2172.02
796.63	2190.74
796.93	2253.94
797.23	2216.49
797.53	2228.19
797.84	2122.87
798.14	2193.08
798.44	2172.02
798.74	2176.70
799.04	2179.04
799.34	2218.83
799.65	2347.56
799.95	2230.53
800.25	2143.93
800.55	2176.70
800.85	2174.36
801.15	2200.10
801.46	2235.21
801.76	2366.28
802.06	2214.15
802.36	2188.40
802.66	2183.72
802.96	2209.47
803.26	2246.91
803.56	2312.45
803.87	2326.49
804.17	2211.81
804.47	2370.96
804.77	2179.04
805.07	2221.17
805.37	2218.83
805.67	2207.13
805.97	2202.44
806.27	2209.47
806.57	2216.49
806.87	2183.72
807.17	2190.74
807.47	2258.62
807.77	2258.62
808.07	2125.21
808.37	2160.31
808.67	2272.66
808.98	2296.07
809.28	2197.76
809.58	2338.20
809.88	2298.41
810.18	2321.81
810.47	2179.04
810.77	2143.93
811.07	2246.91
811.37	2181.38
811.67	2108.82
811.97	2172.02
812.27	2174.36
812.57	2062.01
812.87	2202.44
813.17	2183.72
813.47	2239.89
813.77	2193.08
814.07	2188.40
814.37	2249.25
814.67	2165.00
814.97	2179.04
815.27	2188.40
815.56	2246.91
815.86	2211.81
816.16	2193.08
816.46	2148.61
816.76	2139.25
817.06	2239.89
817.36	2272.66
817.66	2174.36
817.95	2214.15
818.25	2181.38
818.55	2211.81
818.85	2246.91
819.15	2146.27
819.45	2228.19
819.75	2174.36
820.04	2239.89
820.34	2380.32
820.64	2235.21
820.94	2305.43
821.24	2211.81
821.53	2230.53
821.83	2169.68
822.13	2143.93
822.43	2113.50
822.72	2197.76
823.02	2150.95
823.32	2214.15
823.62	2239.89
823.91	2321.81
824.21	2195.42
824.51	2251.60
824.81	2129.89
825.10	2136.91
825.40	2141.59
825.70	2209.47
826.00	2284.36
826.29	2190.74
826.59	2211.81
826.89	2172.02
827.18	2160.31
827.48	2193.08
827.78	2136.91
828.07	2216.49
828.37	2150.95
828.67	2200.10
828.96	2169.68
829.26	2239.89
829.56	2223.51
829.85	2153.29
830.15	2179.04
830.45	2101.80
830.74	2277.34
831.04	2279.68
831.34	2179.04
831.63	2270.32
831.93	2190.74
832.22	2235.21
832.52	2134.57
832.82	2223.51
833.11	2181.38
833.41	2239.89
833.70	2167.34
834.00	2174.36
834.29	2256.28
834.59	2136.91
834.89	2235.21
835.18	2209.47
835.48	2267.98
835.77	2197.76
836.07	2197.76
836.36	2204.78
836.66	2197.76
836.95	2183.72
837.25	2181.38
837.54	2237.55
837.84	2181.38
838.13	2214.15
838.43	2169.68
838.72	2305.43
839.02	2244.57
839.31	2197.76
839.61	2157.97
839.90	2106.48
840.20	2165.00
840.49	2162.66
840.78	2181.38
841.08	2157.97
841.37	2188.40
841.67	2127.55
841.96	2230.53
842.26	2249.25
842.55	2157.97
842.84	2157.97
843.14	2239.89
843.43	2179.04
843.73	2207.13
844.02	2214.15
844.31	2153.29
844.61	2169.68
844.90	2204.78
845.20	2153.29
845.49	2134.57
845.78	2165.00
846.08	2148.61
846.37	2157.97
846.66	2197.76
846.96	2197.76
847.25	2239.89
847.54	2120.53
847.84	2176.70
848.13	2181.38
848.42	2195.42
848.72	2150.95
849.01	2232.87
849.30	2157.97
849.59	2127.55
849.89	2237.55
850.18	2237.55
850.47	2139.25
850.76	2298.41
851.06	2277.34
851.35	2267.98
851.64	2277.34
851.93	2214.15
852.23	2317.13
852.52	2188.40
852.81	2150.95
853.10	2150.95
853.40	2143.93
853.69	2064.35
853.98	2172.02
854.27	2162.66
854.56	2134.57
854.86	2221.17
855.15	2172.02
855.44	2225.85
855.73	2136.91
856.02	2150.95
856.31	2253.94
856.61	2188.40
856.90	2157.97
857.19	2141.59
857.48	2069.03
857.77	2214.15
858.06	2167.34
858.35	2129.89
858.65	2214.15
858.94	2150.95
859.23	2153.29
859.52	2218.83
859.81	2242.23
860.10	2190.74
860.39	2242.23
860.68	2202.44
860.97	2141.59
861.26	2190.74
861.55	2305.43
861.85	2186.06
862.14	2146.27
862.43	2186.06
862.72	2239.89
863.01	2169.68
863.30	2218.83
863.59	2165.00
863.88	2176.70
864.17	2174.36
864.46	2172.02
864.75	2319.47
865.04	2127.55
865.33	2209.47
865.62	2216.49
865.91	2179.04
866.20	2143.93
866.49	2108.82
866.78	2122.87
867.07	2157.97
867.36	2186.06
867.65	2310.11
867.93	2230.53
868.22	1928.60
868.51	2078.40
868.80	2167.34
869.09	2111.16
869.38	2179.04
869.67	2188.40
869.96	2188.40
870.25	2188.40
