178.76	1757.74
179.14	1757.74
179.52	1757.74
179.90	1703.91
180.28	1842.00
180.66	1849.02
181.04	1797.53
181.42	1884.13
181.80	1818.60
182.18	1891.15
182.55	1830.30
182.93	1818.60
183.31	1888.81
183.69	1879.45
184.07	1935.62
184.45	1872.43
184.83	1926.26
185.21	1947.33
185.59	2026.90
185.97	2148.61
186.35	2066.69
186.72	2045.63
187.10	2057.33
187.48	2050.31
187.86	2059.67
188.24	2008.18
188.62	2097.12
189.00	2129.89
189.38	2090.10
189.75	2132.23
190.13	2120.53
190.51	2080.74
190.89	2251.60
191.27	2342.88
191.65	2176.70
192.03	2143.93
192.40	2113.50
192.78	2101.80
193.16	2136.91
193.54	2232.87
193.92	2244.57
194.30	2087.76
194.67	2186.06
195.05	2155.63
195.43	2125.21
195.81	2157.97
196.19	2150.95
196.56	2237.55
196.94	2155.63
197.32	2253.94
197.70	2186.06
198.08	2186.06
198.45	2202.44
198.83	2099.46
199.21	2087.76
199.59	2242.23
199.97	2176.70
200.34	2113.50
200.72	2094.78
201.10	2267.98
201.48	2190.74
201.85	2097.12
202.23	2106.48
202.61	2181.38
202.99	2249.25
203.36	2141.59
203.74	2080.74
204.12	2155.63
204.49	2122.87
204.87	2183.72
205.25	2101.80
205.63	2136.91
206.00	2160.31
206.38	2195.42
206.76	2132.23
207.14	2101.80
207.51	2160.31
207.89	2120.53
208.27	2073.71
208.64	2111.16
209.02	2115.84
209.40	2101.80
209.77	2148.61
210.15	2195.42
210.53	2115.84
210.90	2211.81
211.28	2153.29
211.66	2260.96
212.03	2125.21
212.41	2099.46
212.79	2165.00
213.16	2080.74
213.54	2101.80
213.92	2113.50
214.29	2122.87
214.67	2015.20
215.05	2132.23
215.42	2106.48
215.80	2106.48
216.17	2134.57
216.55	2174.36
216.93	2106.48
217.30	2132.23
217.68	2193.08
218.05	2136.91
218.43	2150.95
218.81	2197.76
219.18	2214.15
219.56	2113.50
219.93	2094.78
220.31	2162.66
220.69	2153.29
221.06	2111.16
221.44	2125.21
221.81	2026.90
222.19	2057.33
222.56	2113.50
222.94	2092.44
223.32	2127.55
223.69	2083.08
224.07	2162.66
224.44	2176.70
224.82	2097.12
225.19	2183.72
225.57	2129.89
225.94	2080.74
226.32	2115.84
226.69	2211.81
227.07	2225.85
227.44	2120.53
227.82	2183.72
228.19	2108.82
228.57	2141.59
228.94	2204.78
229.32	2246.91
229.69	2211.81
230.07	2160.31
230.44	2115.84
230.82	2214.15
231.19	2174.36
231.57	2132.23
231.94	2125.21
232.32	2300.75
232.69	2139.25
233.07	2141.59
233.44	2143.93
233.82	2193.08
234.19	2153.29
234.57	2172.02
234.94	2092.44
235.31	2094.78
235.69	2085.42
236.06	2155.63
236.44	2169.68
236.81	2172.02
237.19	2129.89
237.56	2181.38
237.93	2160.31
238.31	2106.48
238.68	2211.81
239.06	2083.08
239.43	2179.04
239.81	2139.25
240.18	2104.14
240.55	1991.80
240.93	2125.21
241.30	2139.25
241.67	2026.90
242.05	2223.51
242.42	2204.78
242.80	2165.00
243.17	2157.97
243.54	2157.97
243.92	2167.34
244.29	2157.97
244.66	2183.72
245.04	2195.42
245.41	2251.60
245.78	2167.34
246.16	2186.06
246.53	2160.31
246.90	2181.38
247.28	2293.72
247.65	2176.70
248.02	2139.25
248.40	2228.19
248.77	2127.55
249.14	2197.76
249.52	2181.38
249.89	2228.19
250.26	2085.42
250.64	2193.08
251.01	2307.77
251.38	2165.00
251.75	2202.44
252.13	2167.34
252.50	2155.63
252.87	2251.60
253.25	2062.01
253.62	2136.91
253.99	2111.16
254.36	2249.25
254.74	2209.47
255.11	2235.21
255.48	2179.04
255.85	2256.28
256.23	2104.14
256.60	2127.55
256.97	2148.61
257.34	2200.10
257.71	2136.91
258.09	2143.93
258.46	2211.81
258.83	2228.19
259.20	2319.47
259.58	2244.57
259.95	2183.72
260.32	2211.81
260.69	2146.27
261.06	2214.15
261.44	2120.53
261.81	2277.34
262.18	2146.27
262.55	2202.44
262.92	2106.48
263.29	2153.29
263.67	2122.87
264.04	2127.55
264.41	2136.91
264.78	2207.13
265.15	2179.04
265.52	2204.78
265.90	2202.44
266.27	2188.40
266.64	2143.93
267.01	2134.57
267.38	2232.87
267.75	2150.95
268.12	2143.93
268.50	2188.40
268.87	2150.95
269.24	2120.53
269.61	2223.51
269.98	2136.91
270.35	2186.06
270.72	2139.25
271.09	2134.57
271.46	2143.93
271.83	2188.40
272.21	2218.83
272.58	2218.83
272.95	2165.00
273.32	2197.76
273.69	2186.06
274.06	2141.59
274.43	2099.46
274.80	2169.68
275.17	2190.74
275.54	2349.90
275.91	2139.25
276.28	2183.72
276.65	2162.66
277.02	2183.72
277.39	2179.04
277.76	2256.28
278.13	2141.59
278.50	2221.17
278.87	2221.17
279.24	2153.29
279.61	2179.04
279.98	2284.36
280.35	2211.81
280.72	2202.44
281.09	2225.85
281.46	2167.34
281.83	2094.78
282.20	2197.76
282.57	2169.68
282.94	2209.47
283.31	2139.25
283.68	2190.74
284.05	2134.57
284.42	2181.38
284.79	2193.08
285.16	2214.15
285.53	2150.95
285.90	2193.08
286.27	2253.94
286.64	2179.04
287.01	2172.02
287.38	2176.70
287.75	3133.98
288.12	2265.64
288.49	2331.17
288.86	2160.31
289.23	2167.34
289.59	2148.61
289.96	2132.23
290.33	2118.18
290.70	2153.29
291.07	2214.15
291.44	2115.84
291.81	2186.06
292.18	2155.63
292.55	2179.04
292.91	2321.81
293.28	2169.68
293.65	2232.87
294.02	2165.00
294.39	2115.84
294.76	2239.89
295.13	2228.19
295.50	2172.02
295.86	2080.74
296.23	2043.29
296.60	2207.13
296.97	2211.81
297.34	2169.68
297.71	2244.57
298.07	2174.36
298.44	2139.25
298.81	2197.76
299.18	2190.74
299.55	2275.00
299.91	2179.04
300.28	2195.42
300.65	2195.42
301.02	2188.40
301.39	2216.49
301.75	2321.81
302.12	2218.83
302.49	2214.15
302.86	2223.51
303.23	2134.57
303.59	2155.63
303.96	2333.51
304.33	2172.02
304.70	2363.94
305.06	2193.08
305.43	2197.76
305.80	2230.53
306.17	2155.63
306.53	2153.29
306.90	2174.36
307.27	2172.02
307.64	2225.85
308.00	2211.81
308.37	2150.95
308.74	2291.38
309.11	2202.44
309.47	2134.57
309.84	2113.50
310.21	2214.15
310.57	2134.57
310.94	2122.87
311.31	2183.72
311.67	2129.89
312.04	2139.25
312.41	2230.53
312.77	2157.97
313.14	2146.27
313.51	2195.42
313.87	2148.61
314.24	2136.91
314.61	2176.70
314.97	2258.62
315.34	2209.47
315.71	2101.80
316.07	2211.81
316.44	2167.34
316.81	2155.63
317.17	2127.55
317.54	2307.77
317.91	2183.72
318.27	2214.15
318.64	2193.08
319.00	2221.17
319.37	2139.25
319.74	2179.04
320.10	2153.29
320.47	2183.72
320.83	2249.25
321.20	2195.42
321.57	2167.34
321.93	2146.27
322.30	2202.44
322.66	2155.63
323.03	2195.42
323.40	2172.02
323.76	2118.18
324.13	2155.63
324.49	2160.31
324.86	2392.03
325.22	2211.81
325.59	2127.55
325.95	2183.72
326.32	2223.51
326.68	2214.15
327.05	2202.44
327.42	2211.81
327.78	2160.31
328.15	2256.28
328.51	2139.25
328.88	2235.21
329.24	2328.83
329.61	2195.42
329.97	2183.72
330.34	2223.51
330.70	2129.89
331.07	2260.96
331.43	2256.28
331.80	2324.15
332.16	2223.51
332.52	2045.63
332.89	2232.87
333.25	2090.10
333.62	2235.21
333.98	2242.23
334.35	2101.80
334.71	2148.61
335.08	2211.81
335.44	2242.23
335.81	2293.72
336.17	2209.47
336.53	2232.87
336.90	2136.91
337.26	2251.60
337.63	2239.89
337.99	2216.49
338.36	2209.47
338.72	2193.08
339.08	2232.87
339.45	2188.40
339.81	2223.51
340.18	2155.63
340.54	2160.31
340.90	2139.25
341.27	2251.60
341.63	2256.28
341.99	2183.72
342.36	2251.60
342.72	2181.38
343.09	2260.96
343.45	2174.36
343.81	2253.94
344.18	2200.10
344.54	2211.81
344.90	2200.10
345.27	2207.13
345.63	2223.51
345.99	2188.40
346.36	2188.40
346.72	2174.36
347.08	2172.02
347.45	2195.42
347.81	2186.06
348.17	2251.60
348.54	2165.00
348.90	2258.62
349.26	2270.32
349.62	2223.51
349.99	2232.87
350.35	2165.00
350.71	2202.44
351.08	2279.68
351.44	2111.16
351.80	2214.15
352.16	2225.85
352.53	2155.63
352.89	2223.51
353.25	2223.51
353.61	2195.42
353.98	2223.51
354.34	2183.72
354.70	2167.34
355.06	2167.34
355.43	2181.38
355.79	2176.70
356.15	2216.49
356.51	2167.34
356.88	2186.06
357.24	2165.00
357.60	2176.70
357.96	2251.60
358.32	2307.77
358.69	2129.89
359.05	2183.72
359.41	2204.78
359.77	2167.34
360.13	2190.74
360.49	2186.06
360.86	2202.44
361.22	2190.74
361.58	2167.34
361.94	2221.17
362.30	2148.61
362.66	2230.53
363.03	2155.63
363.39	2162.66
363.75	2211.81
364.11	2246.91
364.47	2160.31
364.83	2183.72
365.19	2225.85
365.56	2221.17
365.92	2165.00
366.28	2157.97
366.64	2249.25
367.00	2120.53
367.36	2146.27
367.72	2174.36
368.08	2228.19
368.44	2211.81
368.80	2317.13
369.17	2174.36
369.53	2174.36
369.89	2146.27
370.25	2207.13
370.61	2167.34
370.97	2286.70
371.33	2179.04
371.69	2267.98
372.05	2181.38
372.41	2120.53
372.77	2165.00
373.13	2167.34
373.49	2169.68
373.85	2221.17
374.21	2200.10
374.57	2202.44
374.93	2186.06
375.29	2223.51
375.65	2183.72
376.01	2216.49
376.37	2221.17
376.73	2260.96
377.09	2190.74
377.45	2193.08
377.81	2073.71
378.17	2169.68
378.53	2157.97
378.89	2193.08
379.25	2258.62
379.61	2251.60
379.97	2209.47
380.33	2172.02
380.69	2165.00
381.05	2207.13
381.41	2293.72
381.77	2183.72
382.13	2188.40
382.49	2338.20
382.85	2186.06
383.21	2272.66
383.57	2165.00
383.93	2275.00
384.28	2204.78
384.64	2232.87
385.00	2204.78
385.36	2146.27
385.72	2202.44
386.08	2167.34
386.44	2204.78
386.80	2214.15
387.16	2263.30
387.52	2136.91
387.87	2246.91
388.23	2218.83
388.59	2195.42
388.95	2139.25
389.31	2155.63
389.67	2080.74
390.03	2155.63
390.38	2214.15
390.74	2214.15
391.10	2193.08
391.46	2150.95
391.82	2160.31
392.18	2190.74
392.54	2148.61
392.89	2207.13
393.25	2167.34
393.61	2120.53
393.97	2118.18
394.33	2251.60
394.68	2232.87
395.04	2134.57
395.40	2260.96
395.76	2263.30
396.12	2204.78
396.47	2176.70
396.83	2188.40
397.19	2181.38
397.55	2204.78
397.90	2204.78
398.26	2232.87
398.62	2157.97
398.98	2193.08
399.33	2181.38
399.69	2509.05
400.05	2237.55
400.41	2162.66
400.76	2193.08
401.12	2225.85
401.48	2193.08
401.84	2076.06
402.19	2174.36
402.55	2155.63
402.91	2181.38
403.26	2146.27
403.62	2237.55
403.98	2169.68
404.34	2118.18
404.69	2165.00
405.05	2310.11
405.41	2286.70
405.76	2228.19
406.12	2244.57
406.48	2193.08
406.83	2148.61
407.19	2207.13
407.55	2216.49
407.90	2237.55
408.26	2183.72
408.62	2246.91
408.97	2176.70
409.33	2097.12
409.68	2197.76
410.04	2216.49
410.40	2174.36
410.75	2232.87
411.11	2183.72
411.47	2209.47
411.82	2232.87
412.18	2202.44
412.53	2209.47
412.89	2118.18
413.25	2146.27
413.60	2237.55
413.96	2136.91
414.31	2202.44
414.67	2188.40
415.03	2136.91
415.38	2141.59
415.74	2169.68
416.09	2169.68
416.45	2195.42
416.80	2179.04
417.16	2181.38
417.51	2242.23
417.87	2153.29
418.23	2209.47
418.58	2218.83
418.94	2113.50
419.29	2125.21
419.65	2183.72
420.00	2239.89
420.36	2202.44
420.71	2204.78
421.07	2146.27
421.42	2183.72
421.78	2258.62
422.13	2193.08
422.49	2157.97
422.84	2155.63
423.20	2300.75
423.55	2183.72
423.91	2150.95
424.26	2275.00
424.61	2211.81
424.97	2279.68
425.32	2146.27
425.68	2139.25
426.03	2155.63
426.39	2207.13
426.74	2242.23
427.10	2174.36
427.45	2134.57
427.80	2141.59
428.16	2209.47
428.51	2176.70
428.87	2146.27
429.22	2249.25
429.58	2298.41
429.93	2249.25
430.28	2120.53
430.64	2183.72
430.99	2113.50
431.35	2186.06
431.70	2160.31
432.05	2101.80
432.41	2183.72
432.76	2162.66
433.11	2125.21
433.47	2242.23
433.82	2120.53
434.17	2179.04
434.53	2174.36
434.88	2314.79
435.24	2195.42
435.59	2218.83
435.94	2097.12
436.30	2169.68
436.65	2132.23
437.00	2256.28
437.35	2352.24
437.71	2211.81
438.06	2129.89
438.41	2120.53
438.77	2179.04
439.12	2183.72
439.47	2150.95
439.83	2181.38
440.18	2214.15
440.53	2167.34
440.88	2225.85
441.24	2167.34
441.59	2225.85
441.94	2148.61
442.30	2186.06
442.65	2223.51
443.00	2134.57
443.35	2256.28
443.71	2106.48
444.06	2209.47
444.41	2223.51
444.76	2202.44
445.11	2169.68
445.47	2207.13
445.82	2235.21
446.17	2129.89
446.52	2160.31
446.88	2242.23
447.23	2172.02
447.58	2195.42
447.93	2223.51
448.28	2452.88
448.63	2242.23
448.99	2202.44
449.34	2181.38
449.69	2181.38
450.04	2193.08
450.39	2172.02
450.74	2216.49
451.10	2253.94
451.45	2253.94
451.80	2230.53
452.15	2244.57
452.50	2237.55
452.85	2279.68
453.21	2218.83
453.56	2263.30
453.91	2190.74
454.26	2193.08
454.61	2200.10
454.96	2150.95
455.31	2181.38
455.66	2127.55
456.01	2193.08
456.36	2136.91
456.72	2186.06
457.07	2183.72
457.42	2235.21
457.77	2221.17
458.12	2146.27
458.47	2157.97
458.82	2216.49
459.17	2120.53
459.52	2197.76
459.87	2614.38
460.22	2232.87
460.57	2139.25
460.92	2120.53
461.27	2204.78
461.62	2169.68
461.97	2153.29
462.32	2260.96
462.67	2242.23
463.02	2284.36
463.38	2218.83
463.73	2225.85
464.08	2284.36
464.43	2223.51
464.78	2183.72
465.12	2244.57
465.47	2186.06
465.82	2530.12
466.17	2143.93
466.52	2122.87
466.87	2167.34
467.22	2181.38
467.57	2113.50
467.92	2230.53
468.27	2246.91
468.62	2335.85
468.97	2155.63
469.32	2143.93
469.67	2347.56
470.02	2342.88
470.37	2172.02
470.72	2193.08
471.07	2188.40
471.42	2228.19
471.76	2211.81
472.11	2225.85
472.46	2197.76
472.81	2279.68
473.16	2136.91
473.51	2136.91
473.86	2157.97
474.21	2162.66
474.56	2176.70
474.90	2165.00
475.25	2099.46
475.60	2260.96
475.95	2165.00
476.30	2265.64
476.65	2239.89
477.00	2305.43
477.34	2228.19
477.69	2071.37
478.04	2230.53
478.39	2216.49
478.74	2141.59
479.09	2090.10
479.43	2352.24
479.78	2127.55
480.13	2279.68
480.48	2232.87
480.83	2160.31
481.17	2113.50
481.52	2239.89
481.87	2162.66
482.22	2335.85
482.57	2242.23
482.91	2153.29
483.26	2165.00
483.61	2211.81
483.96	2181.38
484.30	4039.76
484.65	2249.25
485.00	2193.08
485.35	2155.63
485.69	2230.53
486.04	2251.60
486.39	2150.95
486.74	2174.36
487.08	2150.95
487.43	2207.13
487.78	2214.15
488.12	2251.60
488.47	2150.95
488.82	2284.36
489.17	2186.06
489.51	2101.80
489.86	2200.10
490.21	2148.61
490.55	2221.17
490.90	2167.34
491.25	2167.34
491.59	2127.55
491.94	2214.15
492.29	2230.53
492.63	2134.57
492.98	2186.06
493.33	2062.01
493.67	2148.61
494.02	2169.68
494.37	2146.27
494.71	2237.55
495.06	2165.00
495.40	2279.68
495.75	2134.57
496.10	2286.70
496.44	2235.21
496.79	2193.08
497.13	2115.84
497.48	2277.34
497.83	2267.98
498.17	2260.96
498.52	2188.40
498.86	2165.00
499.21	2211.81
499.56	2193.08
499.90	2167.34
500.25	2209.47
500.59	2211.81
500.94	2239.89
501.28	2253.94
501.63	2265.64
501.97	2267.98
502.32	2113.50
502.67	2141.59
503.01	2186.06
503.36	2193.08
503.70	2146.27
504.05	2181.38
504.39	2228.19
504.74	2218.83
505.08	2253.94
505.43	2211.81
505.77	2179.04
506.12	2244.57
506.46	2202.44
506.81	2186.06
507.15	2132.23
507.49	2232.87
507.84	2162.66
508.18	2211.81
508.53	2195.42
508.87	2195.42
509.22	2172.02
509.56	12248.02
509.91	2708.00
510.25	2101.80
510.60	2167.34
510.94	2235.21
511.28	2179.04
511.63	2282.02
511.97	2228.19
512.32	2181.38
512.66	2195.42
513.00	2209.47
513.35	2214.15
513.69	2155.63
514.04	2174.36
514.38	2172.02
514.72	2193.08
515.07	2129.89
515.41	2150.95
515.76	2122.87
516.10	2202.44
516.44	2207.13
516.79	2218.83
517.13	2186.06
517.47	2214.15
517.82	2225.85
518.16	2204.78
518.50	2179.04
518.85	2143.93
519.19	2218.83
519.53	2260.96
519.88	2176.70
520.22	2162.66
520.56	2155.63
520.91	2160.31
521.25	2148.61
521.59	2181.38
521.93	2179.04
522.28	2202.44
522.62	2186.06
522.96	2251.60
523.31	2169.68
523.65	2204.78
523.99	2183.72
524.33	2204.78
524.68	2186.06
525.02	2200.10
525.36	2242.23
525.70	2211.81
526.05	2181.38
526.39	2157.97
526.73	2235.21
527.07	2331.17
527.41	2235.21
527.76	2193.08
528.10	2223.51
528.44	2190.74
528.78	2132.23
529.12	2181.38
529.47	2193.08
529.81	2223.51
530.15	2244.57
530.49	2209.47
530.83	2076.06
531.18	2099.46
531.52	2204.78
531.86	2190.74
532.20	2165.00
532.54	2275.00
532.88	2165.00
533.22	2214.15
533.57	2183.72
533.91	2155.63
534.25	2197.76
534.59	2267.98
534.93	2218.83
535.27	2160.31
535.61	2197.76
535.95	2195.42
536.30	2291.38
536.64	2197.76
536.98	2115.84
537.32	2218.83
537.66	2120.53
538.00	2200.10
538.34	2162.66
538.68	2169.68
539.02	2235.21
539.36	2223.51
539.70	2136.91
540.04	2179.04
540.39	2434.16
540.73	2139.25
541.07	2181.38
541.41	2155.63
541.75	2200.10
542.09	2221.17
542.43	2181.38
542.77	2193.08
543.11	2179.04
543.45	2207.13
543.79	2221.17
544.13	2090.10
544.47	2235.21
544.81	2214.15
545.15	2246.91
545.49	2090.10
545.83	2174.36
546.17	2143.93
546.51	2120.53
546.85	2225.85
547.19	2244.57
547.53	2174.36
547.87	2160.31
548.21	2317.13
548.54	2214.15
548.88	2190.74
549.22	2150.95
549.56	2143.93
549.90	2162.66
550.24	2181.38
550.58	2113.50
550.92	2214.15
551.26	2108.82
551.60	2216.49
551.94	2183.72
552.28	2111.16
552.61	2172.02
552.95	2207.13
553.29	2186.06
553.63	2174.36
553.97	2242.23
554.31	2319.47
554.65	2195.42
554.99	2260.96
555.32	2183.72
555.66	2218.83
556.00	2120.53
556.34	2157.97
556.68	2200.10
557.02	2150.95
557.36	2193.08
557.69	2176.70
558.03	2176.70
558.37	2328.83
558.71	2349.90
559.05	2258.62
559.38	2260.96
559.72	2101.80
560.06	2186.06
560.40	2207.13
560.74	2249.25
561.07	2275.00
561.41	2190.74
561.75	2218.83
562.09	2260.96
562.42	2183.72
562.76	2207.13
563.10	2197.76
563.44	2511.39
563.77	2186.06
564.11	2202.44
564.45	2181.38
564.79	2214.15
565.12	2207.13
565.46	2256.28
565.80	2179.04
566.14	2113.50
566.47	2167.34
566.81	2143.93
567.15	2169.68
567.48	2214.15
567.82	2237.55
568.16	2176.70
568.49	2122.87
568.83	2167.34
569.17	2256.28
569.50	2188.40
569.84	2228.19
570.18	2251.60
570.51	2218.83
570.85	2221.17
571.19	2153.29
571.52	2169.68
571.86	2162.66
572.20	2202.44
572.53	2235.21
572.87	2136.91
573.21	2200.10
573.54	2155.63
573.88	2150.95
574.21	2176.70
574.55	2202.44
574.89	2155.63
575.22	2202.44
575.56	2190.74
575.89	2143.93
576.23	2169.68
576.57	2235.21
576.90	2183.72
577.24	2207.13
577.57	2150.95
577.91	2204.78
578.24	2209.47
578.58	2113.50
578.91	2195.42
579.25	2162.66
579.59	2200.10
579.92	2193.08
580.26	2143.93
580.59	2190.74
580.93	2197.76
581.26	2216.49
581.60	2225.85
581.93	2174.36
582.27	2253.94
582.60	2157.97
582.94	2172.02
583.27	2143.93
583.61	2160.31
583.94	2176.70
584.28	2172.02
584.61	2211.81
584.94	2193.08
585.28	2129.89
585.61	2204.78
585.95	2174.36
586.28	2267.98
586.62	2305.43
586.95	2139.25
587.29	2270.32
587.62	2277.34
587.95	2239.89
588.29	2207.13
588.62	2176.70
588.96	2214.15
589.29	2207.13
589.62	2202.44
589.96	2181.38
590.29	2200.10
590.63	2214.15
590.96	2284.36
591.29	2263.30
591.63	2239.89
591.96	2160.31
592.29	2157.97
592.63	2179.04
592.96	2204.78
593.30	2305.43
593.63	2148.61
593.96	2242.23
594.30	2129.89
594.63	2251.60
594.96	2183.72
595.30	2167.34
595.63	2181.38
595.96	2167.34
596.29	2204.78
596.63	2155.63
596.96	2195.42
597.29	2207.13
597.63	2111.16
597.96	2279.68
598.29	2165.00
598.63	2242.23
598.96	2176.70
599.29	2139.25
599.62	2218.83
599.96	2235.21
600.29	2190.74
600.62	2167.34
600.95	2125.21
601.29	2118.18
601.62	2186.06
601.95	2146.27
602.28	2157.97
602.61	2839.07
602.95	2197.76
603.28	2242.23
603.61	2174.36
603.94	2162.66
604.27	2155.63
604.61	2200.10
604.94	2204.78
605.27	2155.63
605.60	2188.40
605.93	2127.55
606.27	2202.44
606.60	2223.51
606.93	2169.68
607.26	2181.38
607.59	2207.13
607.92	2272.66
608.26	2204.78
608.59	2172.02
608.92	2183.72
609.25	2172.02
609.58	2195.42
609.91	2157.97
610.24	2291.38
610.57	2155.63
610.90	2183.72
611.24	2064.35
611.57	2148.61
611.90	2228.19
612.23	2169.68
612.56	2221.17
612.89	2195.42
613.22	2195.42
613.55	2165.00
613.88	2181.38
614.21	2160.31
614.54	2143.93
614.87	2125.21
615.20	2108.82
615.53	2188.40
615.87	2157.97
616.20	2179.04
616.53	2179.04
616.86	2160.31
617.19	2260.96
617.52	2148.61
617.85	2148.61
618.18	2129.89
618.51	2125.21
618.84	2223.51
619.17	2200.10
619.50	2209.47
619.83	2204.78
620.16	2225.85
620.49	2162.66
620.82	2296.07
621.14	2235.21
621.47	2115.84
621.80	2200.10
622.13	2146.27
622.46	2282.02
622.79	2214.15
623.12	2132.23
623.45	2235.21
623.78	2146.27
624.11	2153.29
624.44	2181.38
624.77	2181.38
625.10	2190.74
625.43	2174.36
625.75	2169.68
626.08	2202.44
626.41	2197.76
626.74	2193.08
627.07	2155.63
627.40	2317.13
627.73	2043.29
628.06	2139.25
628.38	2136.91
628.71	2174.36
629.04	2209.47
629.37	2197.76
629.70	2157.97
630.03	2150.95
630.36	2216.49
630.68	2202.44
631.01	2186.06
631.34	2270.32
631.67	2176.70
632.00	2200.10
632.32	2286.70
632.65	2190.74
632.98	2111.16
633.31	2153.29
633.64	2188.40
633.96	2141.59
634.29	2230.53
634.62	2209.47
634.95	2202.44
635.27	2111.16
635.60	2111.16
635.93	2174.36
636.26	2197.76
636.58	2141.59
636.91	2167.34
637.24	2139.25
637.57	2230.53
637.89	2214.15
638.22	2162.66
638.55	2181.38
638.87	2167.34
639.20	2160.31
639.53	2279.68
639.86	2179.04
640.18	2207.13
640.51	2190.74
640.84	2195.42
641.16	2125.21
641.49	2162.66
641.82	2167.34
642.14	2216.49
642.47	2289.04
642.80	2179.04
643.12	2230.53
643.45	2228.19
643.78	2162.66
644.10	2251.60
644.43	2143.93
644.75	2188.40
645.08	2118.18
645.41	2150.95
645.73	2106.48
646.06	2361.60
646.39	2270.32
646.71	2141.59
647.04	2200.10
647.36	2127.55
647.69	2225.85
648.01	2181.38
648.34	2260.96
648.67	2239.89
648.99	2211.81
649.32	2148.61
649.64	2188.40
649.97	2162.66
650.29	2141.59
650.62	2366.28
650.94	2270.32
651.27	2223.51
651.59	2202.44
651.92	2148.61
652.25	2232.87
652.57	2092.44
652.90	2157.97
653.22	2249.25
653.55	2218.83
653.87	2111.16
654.20	2115.84
654.52	2232.87
654.84	2211.81
655.17	2183.72
655.49	2251.60
655.82	2207.13
656.14	2181.38
656.47	2239.89
656.79	2216.49
657.12	2218.83
657.44	2209.47
657.77	2239.89
658.09	2197.76
658.41	2209.47
658.74	2188.40
659.06	2146.27
659.39	2165.00
659.71	2186.06
660.03	2174.36
660.36	2176.70
660.68	2282.02
661.01	2258.62
661.33	2256.28
661.65	2188.40
661.98	2298.41
662.30	2312.45
662.63	2165.00
662.95	2188.40
663.27	2097.12
663.60	2139.25
663.92	2183.72
664.24	2174.36
664.57	2190.74
664.89	2169.68
665.21	2214.15
665.54	2277.34
665.86	2179.04
666.18	2169.68
666.51	2228.19
666.83	2190.74
667.15	2267.98
667.47	2242.23
667.80	2218.83
668.12	2099.46
668.44	2179.04
668.77	2239.89
669.09	2223.51
669.41	2193.08
669.73	2122.87
670.06	2153.29
670.38	2183.72
670.70	2129.89
671.02	2179.04
671.35	2125.21
671.67	2216.49
671.99	2169.68
672.31	2223.51
672.63	2228.19
672.96	2239.89
673.28	2181.38
673.60	2209.47
673.92	2167.34
674.24	2197.76
674.57	2150.95
674.89	2277.34
675.21	2211.81
675.53	2237.55
675.85	2228.19
676.17	2186.06
676.50	2150.95
676.82	2216.49
677.14	2188.40
677.46	2258.62
677.78	2069.03
678.10	2195.42
678.42	2125.21
678.75	2190.74
679.07	2174.36
679.39	2207.13
679.71	2167.34
680.03	2150.95
680.35	2132.23
680.67	2183.72
680.99	2232.87
681.31	2186.06
681.63	2251.60
681.96	2260.96
682.28	2225.85
682.60	2204.78
682.92	2190.74
683.24	2083.08
683.56	2176.70
683.88	2083.08
684.20	2162.66
684.52	2132.23
684.84	2167.34
685.16	2228.19
685.48	2218.83
685.80	2183.72
686.12	2214.15
686.44	2279.68
686.76	2169.68
687.08	2132.23
687.40	2193.08
687.72	2270.32
688.04	2218.83
688.36	2284.36
688.68	2270.32
689.00	2174.36
689.32	2134.57
689.64	2155.63
689.96	2141.59
690.28	2218.83
690.60	2193.08
690.92	2197.76
691.24	2188.40
691.56	2172.02
691.88	2230.53
692.19	2221.17
692.51	2298.41
692.83	2260.96
693.15	2244.57
693.47	2160.31
693.79	2122.87
694.11	2200.10
694.43	2204.78
694.75	2143.93
695.06	2204.78
695.38	2228.19
695.70	2136.91
696.02	2172.02
696.34	2136.91
696.66	2167.34
696.98	2085.42
697.29	2136.91
697.61	2230.53
697.93	2202.44
698.25	2691.62
698.57	2200.10
698.89	2169.68
699.20	2197.76
699.52	2263.30
699.84	2167.34
700.16	2085.42
700.48	2237.55
700.79	2200.10
701.11	2279.68
701.43	2172.02
701.75	2204.78
702.07	2188.40
702.38	2179.04
702.70	2190.74
703.02	2160.31
703.34	2162.66
703.65	2176.70
703.97	2139.25
704.29	2136.91
704.61	2176.70
704.92	2197.76
705.24	2186.06
705.56	2246.91
705.87	2188.40
706.19	2143.93
706.51	2223.51
706.82	2237.55
707.14	2136.91
707.46	2167.34
707.78	2132.23
708.09	2134.57
708.41	2221.17
708.73	2179.04
709.04	2200.10
709.36	2101.80
709.68	2160.31
709.99	2239.89
710.31	2270.32
710.62	2160.31
710.94	2172.02
711.26	2181.38
711.57	2108.82
711.89	2162.66
712.21	2326.49
712.52	2225.85
712.84	2258.62
713.15	2169.68
713.47	2169.68
713.79	2129.89
714.10	2218.83
714.42	2202.44
714.73	2260.96
715.05	2097.12
715.36	2129.89
715.68	2127.55
715.99	2230.53
716.31	2214.15
716.63	2230.53
716.94	2200.10
717.26	2361.60
717.57	2230.53
717.89	2321.81
718.20	2169.68
718.52	2179.04
718.83	2146.27
719.15	2282.02
719.46	2310.11
719.78	2218.83
720.09	2284.36
720.41	2211.81
720.72	2204.78
721.04	2120.53
721.35	2113.50
721.67	2099.46
721.98	2258.62
722.29	2214.15
722.61	2120.53
722.92	2218.83
723.24	2146.27
723.55	2221.17
723.87	2237.55
724.18	2176.70
724.50	2221.17
724.81	2193.08
725.12	2197.76
725.44	2235.21
725.75	2209.47
726.07	2258.62
726.38	2258.62
726.69	2172.02
727.01	2139.25
727.32	2188.40
727.63	2169.68
727.95	2272.66
728.26	2150.95
728.58	2232.87
728.89	2176.70
729.20	2190.74
729.52	2139.25
729.83	2246.91
730.14	2148.61
730.46	2167.34
730.77	2230.53
731.08	2176.70
731.39	2136.91
731.71	2190.74
732.02	2172.02
732.33	2150.95
732.65	2190.74
732.96	2207.13
733.27	2207.13
733.59	2286.70
733.90	2242.23
734.21	2160.31
734.52	2242.23
734.84	2415.43
735.15	2211.81
735.46	2172.02
735.77	2115.84
736.09	2176.70
736.40	2193.08
736.71	2282.02
737.02	2160.31
737.33	2230.53
737.65	2125.21
737.96	2155.63
738.27	2214.15
738.58	2321.81
738.89	2272.66
739.21	2179.04
739.52	2342.88
739.83	2186.06
740.14	2136.91
740.45	2200.10
740.76	2246.91
741.08	2165.00
741.39	2120.53
741.70	2132.23
742.01	2188.40
742.32	2188.40
742.63	2118.18
742.94	2129.89
743.26	2246.91
743.57	2186.06
743.88	2200.10
744.19	2239.89
744.50	2157.97
744.81	2216.49
745.12	2204.78
745.43	2202.44
745.74	2291.38
746.05	2275.00
746.36	2228.19
746.67	2275.00
746.99	2179.04
747.30	2181.38
747.61	2197.76
747.92	2193.08
748.23	2235.21
748.54	2186.06
748.85	2188.40
749.16	2153.29
749.47	2179.04
749.78	2237.55
750.09	2148.61
750.40	2223.51
750.71	2160.31
751.02	2162.66
751.33	2165.00
751.64	2157.97
751.95	2176.70
752.26	2223.51
752.57	2230.53
752.88	2216.49
753.19	2246.91
753.50	2232.87
753.81	2148.61
754.11	2155.63
754.42	2382.67
754.73	2207.13
755.04	2260.96
755.35	2181.38
755.66	2263.30
755.97	2139.25
756.28	2153.29
756.59	2195.42
756.90	2328.83
757.21	2218.83
757.52	2289.04
757.82	2150.95
758.13	2157.97
758.44	2265.64
758.75	2300.75
759.06	2120.53
759.37	2186.06
759.68	2209.47
759.98	2216.49
760.29	2214.15
760.60	2218.83
760.91	2209.47
761.22	2202.44
761.53	2237.55
761.83	2167.34
762.14	2141.59
762.45	2211.81
762.76	2136.91
763.07	2221.17
763.37	2312.45
763.68	2256.28
763.99	2267.98
764.30	2183.72
764.60	2155.63
764.91	2225.85
765.22	2207.13
765.53	2267.98
765.84	2193.08
766.14	2122.87
766.45	2129.89
766.76	2284.36
767.06	2314.79
767.37	2165.00
767.68	2186.06
767.99	2167.34
768.29	2155.63
768.60	2188.40
768.91	2244.57
769.21	2200.10
769.52	2270.32
769.83	2169.68
770.13	2209.47
770.44	2172.02
770.75	2305.43
771.05	2125.21
771.36	2190.74
771.67	2104.14
771.97	2207.13
772.28	2202.44
772.59	2207.13
772.89	2221.17
773.20	2176.70
773.51	2134.57
773.81	2169.68
774.12	2120.53
774.42	2179.04
774.73	2148.61
775.04	2211.81
775.34	2434.16
775.65	2209.47
775.95	2312.45
776.26	2246.91
776.56	2165.00
776.87	2136.91
777.18	5118.75
777.48	2403.73
777.79	2193.08
778.09	2267.98
778.40	2179.04
778.70	2204.78
779.01	2209.47
779.31	2146.27
779.62	2169.68
779.92	2242.23
780.23	2214.15
780.53	2169.68
780.84	2183.72
781.14	2186.06
781.45	2190.74
781.75	2195.42
782.06	2157.97
782.36	2216.49
782.67	2190.74
782.97	2183.72
783.28	2256.28
783.58	2134.57
783.89	2223.51
784.19	2207.13
784.49	2267.98
784.80	2207.13
785.10	2230.53
785.41	2204.78
785.71	2115.84
786.02	2169.68
786.32	2331.17
786.62	2216.49
786.93	2195.42
787.23	2193.08
787.54	2176.70
787.84	2230.53
788.14	2223.51
788.45	2204.78
788.75	2174.36
789.05	2157.97
789.36	2188.40
789.66	2363.94
789.96	2251.60
790.27	2211.81
790.57	2204.78
790.87	2139.25
791.18	2134.57
791.48	2143.93
791.78	2188.40
792.09	2204.78
792.39	2204.78
792.69	2197.76
793.00	2216.49
793.30	2139.25
793.60	2143.93
793.90	2143.93
794.21	2143.93
794.51	2317.13
794.81	2307.77
795.11	2193.08
795.42	2090.10
795.72	2267.98
796.02	2218.83
796.32	2157.97
796.63	2165.00
796.93	2216.49
797.23	2118.18
797.53	2146.27
797.84	2200.10
798.14	2122.87
798.44	2209.47
798.74	2179.04
799.04	2188.40
799.34	2202.44
799.65	2237.55
799.95	2146.27
800.25	2148.61
800.55	2176.70
800.85	2263.30
801.15	2141.59
801.46	2160.31
801.76	2331.17
802.06	2195.42
802.36	2195.42
802.66	2134.57
802.96	2260.96
803.26	2230.53
803.56	2270.32
803.87	2345.22
804.17	2174.36
804.47	2232.87
804.77	2282.02
805.07	2200.10
805.37	2176.70
805.67	2202.44
805.97	2228.19
806.27	2186.06
806.57	2160.31
806.87	2214.15
807.17	2225.85
807.47	2244.57
807.77	2256.28
808.07	2153.29
808.37	2260.96
808.67	2134.57
808.98	2265.64
809.28	2211.81
809.58	2286.70
809.88	2232.87
810.18	2338.20
810.47	2155.63
810.77	2165.00
811.07	2202.44
811.37	2125.21
811.67	2134.57
811.97	2099.46
812.27	2225.85
812.57	2071.37
812.87	2174.36
813.17	2122.87
813.47	2150.95
813.77	2172.02
814.07	2211.81
814.37	2244.57
814.67	2176.70
814.97	2143.93
815.27	2193.08
815.56	2155.63
815.86	2214.15
816.16	2246.91
816.46	2179.04
816.76	2197.76
817.06	2211.81
817.36	2251.60
817.66	2150.95
817.95	2172.02
818.25	2106.48
818.55	2249.25
818.85	2289.04
819.15	2143.93
819.45	2277.34
819.75	2202.44
820.04	2132.23
820.34	2293.72
820.64	2160.31
820.94	2183.72
821.24	2235.21
821.53	2181.38
821.83	2160.31
822.13	2139.25
822.43	2160.31
822.72	2143.93
823.02	2132.23
823.32	2209.47
823.62	2237.55
823.91	2340.54
824.21	2174.36
824.51	2228.19
824.81	2141.59
825.10	2113.50
825.40	2188.40
825.70	2165.00
826.00	2239.89
826.29	2157.97
826.59	2176.70
826.89	2143.93
827.18	2235.21
827.48	2225.85
827.78	2101.80
828.07	2148.61
828.37	2282.02
828.67	2134.57
828.96	2186.06
829.26	2186.06
829.56	2228.19
829.85	2139.25
830.15	2165.00
830.45	2129.89
830.74	2031.58
831.04	2202.44
831.34	2186.06
831.63	2300.75
831.93	2242.23
832.22	2197.76
832.52	2207.13
832.82	2181.38
833.11	2120.53
833.41	2134.57
833.70	2162.66
834.00	2265.64
834.29	2225.85
834.59	2125.21
834.89	2193.08
835.18	2150.95
835.48	2258.62
835.77	2181.38
836.07	2211.81
836.36	2211.81
836.66	2251.60
836.95	2160.31
837.25	2179.04
837.54	2193.08
837.84	2155.63
838.13	2223.51
838.43	2214.15
838.72	2284.36
839.02	2211.81
839.31	2141.59
839.61	2256.28
839.90	2120.53
840.20	2165.00
840.49	2150.95
840.78	2195.42
841.08	2211.81
841.37	2153.29
841.67	2136.91
841.96	2162.66
842.26	2153.29
842.55	2207.13
842.84	2165.00
843.14	2216.49
843.43	2150.95
843.73	2169.68
844.02	2186.06
844.31	2150.95
844.61	2181.38
844.90	2176.70
845.20	2172.02
845.49	2204.78
845.78	2162.66
846.08	2127.55
846.37	2092.44
846.66	2188.40
846.96	2148.61
847.25	2202.44
847.54	2146.27
847.84	2148.61
848.13	2186.06
848.42	2209.47
848.72	2155.63
849.01	2216.49
849.30	2115.84
849.59	2223.51
849.89	2183.72
850.18	2188.40
850.47	2200.10
850.76	2258.62
851.06	2298.41
851.35	2193.08
851.64	2214.15
851.93	2179.04
852.23	2356.92
852.52	2181.38
852.81	2258.62
853.10	2167.34
853.40	2157.97
853.69	2223.51
853.98	2197.76
854.27	2202.44
854.56	2176.70
854.86	2209.47
855.15	2223.51
855.44	2228.19
855.73	2155.63
856.02	2101.80
856.31	2169.68
856.61	2214.15
856.90	2141.59
857.19	2146.27
857.48	2097.12
857.77	2143.93
858.06	2120.53
858.35	2087.76
858.65	2235.21
858.94	2225.85
859.23	2188.40
859.52	2181.38
859.81	2347.56
860.10	2186.06
860.39	2228.19
860.68	2195.42
860.97	2127.55
861.26	2176.70
861.55	2214.15
861.85	2188.40
862.14	2237.55
862.43	2230.53
862.72	2204.78
863.01	2214.15
863.30	2143.93
863.59	2104.14
863.88	2150.95
864.17	2186.06
864.46	2073.71
864.75	2305.43
865.04	2111.16
865.33	2153.29
865.62	2260.96
865.91	2214.15
866.20	2202.44
866.49	2190.74
866.78	2202.44
867.07	2162.66
867.36	2176.70
867.65	2188.40
867.93	2193.08
868.22	2207.13
868.51	2113.50
868.80	2204.78
869.09	2125.21
869.38	2122.87
869.67	2265.64
869.96	2265.64
870.25	2265.64
