178.76	1743.70
179.14	1743.70
179.52	1743.70
179.90	1692.21
180.28	10607.31
180.66	5961.34
181.04	8131.02
181.42	7243.96
181.80	6188.38
182.18	10600.29
182.55	5823.25
182.93	7283.75
183.31	6932.67
183.69	7801.01
184.07	7969.52
184.45	6878.83
184.83	7258.00
185.21	6525.41
185.59	6569.88
185.97	15651.16
186.35	11562.25
186.72	6841.39
187.10	7056.72
187.48	11501.39
187.86	8917.44
188.24	6560.52
188.62	6127.52
189.00	10649.44
189.38	7751.85
189.75	7250.98
190.13	7831.43
190.51	6258.59
190.89	14310.04
191.27	20496.07
191.65	7035.65
192.03	7648.87
192.40	9933.23
192.78	7461.63
193.16	8456.36
193.54	11861.84
193.92	10487.94
194.30	6532.44
194.67	9364.48
195.05	8287.84
195.43	7042.67
195.81	6860.11
196.19	10476.24
196.56	7492.05
196.94	7126.93
197.32	11424.15
197.70	6473.92
198.08	8493.80
198.45	6574.56
198.83	7543.55
199.21	6668.19
199.59	11941.41
199.97	7866.54
200.34	5839.64
200.72	6553.50
201.10	13591.49
201.48	9951.96
201.85	6303.06
202.23	6843.73
202.61	6963.09
202.99	39517.60
203.36	6715.00
203.74	8863.61
204.12	6935.01
204.49	6497.33
204.87	8746.58
205.25	6935.01
205.63	5701.54
206.00	6286.68
206.38	7669.94
206.76	9280.22
207.14	6516.05
207.51	5816.23
207.89	10686.89
208.27	6289.02
208.64	5455.79
209.02	6420.09
209.40	6850.75
209.77	5668.78
210.15	15550.52
210.53	5921.56
210.90	11052.01
211.28	6019.86
211.66	11815.02
212.03	6396.68
212.41	5706.23
212.79	6927.99
213.16	5820.91
213.54	7613.76
213.92	7819.73
214.29	5537.71
214.67	6532.44
215.05	6750.10
215.42	9172.56
215.80	6537.12
216.17	6464.56
216.55	7616.10
216.93	5717.93
217.30	8678.71
217.68	6321.79
218.05	6544.14
218.43	6445.84
218.81	6759.47
219.18	10787.53
219.56	6733.72
219.93	6429.45
220.31	6399.02
220.69	5858.36
221.06	5984.75
221.44	7431.20
221.81	6052.63
222.19	5682.82
222.56	6057.31
222.94	6654.14
223.32	7461.63
223.69	6122.84
224.07	8554.66
224.44	12159.08
224.82	7368.01
225.19	8329.97
225.57	7356.30
225.94	6623.72
226.32	7166.72
226.69	11990.56
227.07	8528.91
227.44	6600.31
227.82	7653.55
228.19	6979.48
228.57	8496.14
228.94	11494.37
229.32	9406.61
229.69	8762.97
230.07	6665.85
230.44	6113.48
230.82	10686.89
231.19	9268.52
231.57	5404.30
231.94	5666.44
232.32	8774.67
232.69	6633.08
233.07	7379.71
233.44	8016.33
233.82	6771.17
234.19	7300.13
234.57	9708.54
234.94	6284.34
235.31	6672.87
235.69	6925.65
236.06	7274.38
236.44	8329.97
236.81	5755.38
237.19	7733.13
237.56	11431.18
237.93	6186.04
238.31	7737.81
238.68	6792.23
239.06	7384.39
239.43	8671.68
239.81	8051.44
240.18	5771.76
240.55	6066.67
240.93	12615.49
241.30	7604.40
241.67	7098.84
242.05	8374.44
242.42	9303.63
242.80	5813.89
243.17	7716.75
243.54	7557.59
243.92	9048.51
244.29	6984.16
244.66	7548.23
245.04	9841.95
245.41	15543.50
245.78	5818.57
246.16	6640.10
246.53	8535.93
246.90	6981.82
247.28	12463.35
247.65	6876.49
248.02	7019.27
248.40	9596.20
248.77	7461.63
249.14	8217.62
249.52	6773.51
249.89	8454.02
250.26	6003.47
250.64	7534.18
251.01	14913.89
251.38	5687.50
251.75	7178.42
252.13	6532.44
252.50	8828.50
252.87	13015.72
253.25	5884.11
253.62	7733.13
253.99	5612.60
254.36	9224.05
254.74	6523.07
255.11	6085.39
255.48	5479.19
255.85	13930.87
256.23	5591.54
256.60	5186.63
256.97	6822.66
257.34	8016.33
257.71	7309.49
258.09	6340.51
258.46	7712.07
258.83	11178.40
259.20	9579.81
259.58	6895.22
259.95	7183.10
260.32	9114.05
260.69	5970.71
261.06	10455.17
261.44	6122.84
261.81	12819.11
262.18	7653.55
262.55	6230.51
262.92	7110.55
263.29	6476.26
263.67	5628.99
264.04	6483.28
264.41	6927.99
264.78	6272.64
265.15	9975.36
265.52	11995.25
265.90	7222.89
266.27	6242.21
266.64	5717.93
267.01	5331.74
267.38	7875.90
267.75	6066.67
268.12	5224.08
268.50	6736.06
268.87	6141.57
269.24	6195.40
269.61	7506.10
269.98	7889.95
270.35	7976.55
270.72	5998.79
271.09	6736.06
271.46	6506.69
271.83	7541.21
272.21	8887.01
272.58	5762.40
272.95	6235.19
273.32	7145.66
273.69	7105.87
274.06	5465.15
274.43	6160.29
274.80	6916.28
275.17	7632.49
275.54	17195.92
275.91	7297.79
276.28	7112.89
276.65	7232.26
277.02	10665.82
277.39	6080.71
277.76	6001.13
278.13	8140.38
278.50	8514.87
278.87	9935.57
279.24	8856.59
279.61	8334.65
279.98	9446.40
280.35	6080.71
280.72	7328.22
281.09	6747.76
281.46	7164.38
281.83	6083.05
282.20	7709.72
282.57	6384.98
282.94	7906.33
283.31	6513.71
283.68	7531.84
284.05	5654.73
284.42	5193.65
284.79	7405.46
285.16	8159.11
285.53	6956.07
285.90	7056.72
286.27	14272.59
286.64	5329.40
287.01	5991.77
287.38	8198.90
287.75	58021.88
288.12	8360.39
288.49	16035.01
288.86	5755.38
289.23	6033.90
289.59	6015.18
289.96	5675.80
290.33	6282.00
290.70	6319.45
291.07	8070.17
291.44	7620.78
291.81	5811.55
292.18	7140.97
292.55	6499.67
292.91	12374.41
293.28	8133.36
293.65	10518.37
294.02	7485.03
294.39	5507.28
294.76	6750.10
295.13	7250.98
295.50	6927.99
295.86	6801.60
296.23	6284.34
296.60	5731.97
296.97	6179.01
297.34	6794.58
297.71	8538.27
298.07	7056.72
298.44	5174.92
298.81	7674.62
299.18	7143.32
299.55	10300.70
299.91	6876.49
300.28	7110.55
300.65	5308.34
301.02	7510.78
301.39	7801.01
301.75	12858.90
302.12	7882.92
302.49	6747.76
302.86	10193.03
303.23	7192.47
303.59	5701.54
303.96	16512.48
304.33	9479.17
304.70	14398.98
305.06	6448.18
305.43	9949.62
305.80	7845.48
306.17	8692.75
306.53	6200.08
306.90	9114.05
307.27	7119.91
307.64	10071.33
308.00	6328.81
308.37	6195.40
308.74	11580.97
309.11	8571.04
309.47	6043.26
309.84	5558.77
310.21	6984.16
310.57	7337.58
310.94	6431.79
311.31	7002.88
311.67	7728.45
312.04	5235.78
312.41	9544.70
312.77	7726.11
313.14	6078.37
313.51	6834.36
313.87	6377.96
314.24	6188.38
314.61	6167.31
314.97	6354.55
315.34	6911.60
315.71	5455.79
316.07	8657.64
316.44	5636.01
316.81	8468.06
317.17	6083.05
317.54	14932.62
317.91	6333.49
318.27	5455.79
318.64	6693.93
319.00	8449.33
319.37	5301.31
319.74	9109.36
320.10	9184.26
320.47	6457.54
320.83	10509.01
321.20	6715.00
321.57	5877.09
321.93	6115.82
322.30	7218.21
322.66	6005.81
323.03	8348.69
323.40	7658.23
323.76	6200.08
324.13	6237.53
324.49	5448.77
324.86	17965.95
325.22	7276.73
325.59	6771.17
325.95	7623.12
326.32	9289.59
326.68	8933.82
327.05	6715.00
327.42	5961.34
327.78	6312.42
328.15	9069.58
328.51	6167.31
328.88	8283.16
329.24	10747.74
329.61	7023.95
329.97	8243.37
330.34	6094.76
330.70	7171.40
331.07	10427.09
331.43	7913.35
331.80	12634.21
332.16	9724.93
332.52	6078.37
332.89	8004.63
333.25	5301.31
333.62	11974.18
333.98	6740.74
334.35	6817.98
334.71	6995.86
335.08	5619.63
335.44	11438.20
335.81	11517.78
336.17	9809.19
336.53	6902.24
336.90	5811.55
337.26	8196.56
337.63	9032.13
337.99	7414.82
338.36	5769.42
338.72	8641.26
339.08	7386.73
339.45	5692.18
339.81	9004.04
340.18	6705.63
340.54	10122.82
340.90	6139.23
341.27	6541.80
341.63	8079.53
341.99	5217.05
342.36	9935.57
342.72	5785.80
343.09	10101.75
343.45	6026.88
343.81	10291.34
344.18	5418.34
344.54	6822.66
344.90	7618.44
345.27	7330.56
345.63	6916.28
345.99	8730.20
346.36	7232.26
346.72	5687.50
347.08	5956.66
347.45	5383.23
347.81	9591.52
348.17	7377.37
348.54	5664.10
348.90	8709.13
349.26	9397.25
349.62	10401.34
349.99	5268.55
350.35	5174.92
350.71	7585.68
351.08	6825.00
351.44	5128.11
351.80	12919.76
352.16	11267.34
352.53	6022.20
352.89	8067.83
353.25	10874.13
353.61	6415.41
353.98	8341.67
354.34	9987.07
354.70	6422.43
355.06	5163.22
355.43	7140.97
355.79	6696.27
356.15	6637.76
356.51	5778.78
356.88	5818.57
357.24	6604.99
357.60	5563.45
357.96	5221.74
358.32	14925.60
358.69	5383.23
359.05	7775.26
359.41	7389.07
359.77	5738.99
360.13	6101.78
360.49	5970.71
360.86	8795.73
361.22	11030.94
361.58	7445.24
361.94	10705.61
362.30	5664.10
362.66	8294.86
363.03	5100.03
363.39	4954.91
363.75	6113.48
364.11	9696.84
364.47	6242.21
364.83	10274.95
365.19	7346.94
365.56	8643.60
365.92	5233.44
366.28	8411.89
366.64	9624.28
367.00	5261.52
367.36	5263.86
367.72	9607.90
368.08	9146.81
368.44	6307.74
368.80	8105.28
369.17	6429.45
369.53	6607.33
369.89	6012.84
370.25	5870.06
370.61	6085.39
370.97	10466.88
371.33	6319.45
371.69	12491.44
372.05	8053.78
372.41	5774.10
372.77	6401.37
373.13	7351.62
373.49	5006.41
373.85	7880.58
374.21	7255.66
374.57	5645.37
374.93	8297.20
375.29	8786.37
375.65	7302.47
376.01	7023.95
376.37	9771.74
376.73	8245.71
377.09	5734.31
377.45	9645.35
377.81	6626.06
378.17	5809.21
378.53	5107.05
378.89	8210.60
379.25	10684.55
379.61	13790.44
379.97	9146.81
380.33	6342.85
380.69	6083.05
381.05	5591.54
381.41	8774.67
381.77	7014.59
382.13	8238.69
382.49	14562.81
382.85	7094.16
383.21	8582.74
383.57	5282.59
383.93	10310.06
384.28	5111.73
384.64	6511.37
385.00	7494.40
385.36	7037.99
385.72	8877.65
386.08	5919.21
386.44	8542.96
386.80	8683.39
387.16	10780.51
387.52	9406.61
387.87	13390.20
388.23	7793.98
388.59	6090.07
388.95	5364.51
389.31	6539.46
389.67	6523.07
390.03	6122.84
390.38	6427.11
390.74	4912.78
391.10	9320.01
391.46	7363.33
391.82	5933.26
392.18	8131.02
392.54	4910.44
392.89	5640.69
393.25	8037.40
393.61	5621.97
393.97	5378.55
394.33	7536.52
394.68	6623.72
395.04	5434.72
395.40	6993.52
395.76	8954.89
396.12	7201.83
396.47	5579.84
396.83	6722.02
397.19	5516.64
397.55	5720.27
397.90	7220.55
398.26	7033.31
398.62	5460.47
398.98	4837.89
399.33	6499.67
399.69	23613.66
400.05	7988.25
400.41	5769.42
400.76	8407.20
401.12	9898.13
401.48	7698.02
401.84	5731.97
402.19	6167.31
402.55	7595.04
402.91	7005.22
403.26	5095.35
403.62	8203.58
403.98	6820.32
404.34	4758.31
404.69	6710.32
405.05	8821.48
405.41	13792.78
405.76	5795.17
406.12	5731.97
406.48	6619.04
406.83	5970.71
407.19	8016.33
407.55	7632.49
407.90	13909.80
408.26	8390.82
408.62	8847.22
408.97	6911.60
409.33	5263.86
409.68	5617.29
410.04	7468.65
410.40	5881.77
410.75	7913.35
411.11	5661.76
411.47	7407.80
411.82	6511.37
412.18	7248.64
412.53	6710.32
412.89	6099.44
413.25	6509.03
413.60	7007.56
413.96	5132.79
414.31	6132.20
414.67	7138.63
415.03	5160.88
415.38	5645.37
415.74	6303.06
416.09	6359.24
416.45	8276.13
416.80	5708.57
417.16	8175.49
417.51	6715.00
417.87	6176.67
418.23	7576.31
418.58	7967.18
418.94	4880.02
419.29	5919.21
419.65	7475.67
420.00	8526.57
420.36	8142.72
420.71	7988.25
421.07	5488.56
421.42	6881.18
421.78	8898.72
422.13	6422.43
422.49	5404.30
422.84	7014.59
423.20	5085.98
423.55	5472.17
423.91	5348.12
424.26	13521.27
424.61	8217.62
424.97	11068.39
425.32	5898.15
425.68	6471.58
426.03	7445.24
426.39	9736.63
426.74	9528.32
427.10	9242.78
427.45	6092.41
427.80	7431.20
428.16	6710.32
428.51	6801.60
428.87	7468.65
429.22	9123.41
429.58	9891.10
429.93	9717.90
430.28	5963.68
430.64	6127.52
430.99	5093.01
431.35	7335.24
431.70	6349.87
432.05	6537.12
432.41	8126.34
432.76	7520.14
433.11	7854.84
433.47	7618.44
433.82	10366.23
434.17	7875.90
434.53	7412.48
434.88	13848.95
435.24	7522.48
435.59	7052.03
435.94	5493.24
436.30	8229.32
436.65	6406.05
437.00	9146.81
437.35	15609.03
437.71	6492.65
438.06	6073.69
438.41	6003.47
438.77	7604.40
439.12	5203.01
439.47	4704.48
439.83	7686.32
440.18	5109.39
440.53	6359.24
440.88	11777.58
441.24	8374.44
441.59	5535.37
441.94	6469.24
442.30	8044.42
442.65	12191.85
443.00	6782.87
443.35	10090.05
443.71	6392.00
444.06	9191.28
444.41	7866.54
444.76	10846.04
445.11	6956.07
445.47	9900.47
445.82	8954.89
446.17	5872.40
446.52	9975.36
446.88	6995.86
447.23	5004.07
447.58	7676.96
447.93	5919.21
448.28	28400.06
448.63	10562.84
448.99	6796.92
449.34	8091.23
449.69	8549.98
450.04	6090.07
450.39	6069.01
450.74	6803.94
451.10	6766.49
451.45	6869.47
451.80	7405.46
452.15	9827.91
452.50	8013.99
452.85	9666.41
453.21	8645.94
453.56	7435.88
453.91	6647.12
454.26	7258.00
454.61	5640.69
454.96	8346.35
455.31	6438.81
455.66	6134.54
456.01	7838.45
456.36	6235.19
456.72	5870.06
457.07	7531.84
457.42	10019.83
457.77	8901.06
458.12	5666.44
458.47	7206.51
458.82	9455.76
459.17	6963.09
459.52	7101.19
459.87	11452.24
460.22	5668.78
460.57	7056.72
460.92	5954.32
461.27	8032.72
461.62	6438.81
461.97	5706.23
462.32	11679.27
462.67	10436.45
463.02	13207.64
463.38	13055.51
463.73	8599.13
464.08	11978.86
464.43	7255.66
464.78	5584.52
465.12	7995.27
465.47	8365.07
465.82	26405.92
466.17	6392.00
466.52	8458.70
466.87	6186.04
467.22	5888.79
467.57	5083.64
467.92	7555.25
468.27	10644.76
468.62	14417.70
468.97	6597.97
469.32	4917.47
469.67	15229.87
470.02	13769.37
470.37	6050.28
470.72	7424.18
471.07	5320.04
471.42	6413.07
471.76	6600.31
472.11	6373.28
472.46	8325.29
472.81	14846.02
473.16	5858.36
473.51	6022.20
473.86	5191.31
474.21	6527.75
474.56	6282.00
474.90	6052.63
475.25	9359.80
475.60	8674.03
475.95	5966.03
476.30	10862.43
476.65	9975.36
477.00	14670.48
477.34	10827.32
477.69	5554.09
478.04	8774.67
478.39	7185.44
478.74	5586.86
479.09	5963.68
479.43	6930.33
479.78	4875.34
480.13	12077.16
480.48	9834.93
480.83	7201.83
481.17	5273.23
481.52	6881.18
481.87	6457.54
482.22	11403.09
482.57	6471.58
482.91	9050.85
483.26	7861.86
483.61	6333.49
483.96	7187.79
484.30	65535.00
484.65	12704.43
485.00	5762.40
485.35	6586.27
485.69	5860.70
486.04	6340.51
486.39	7459.29
486.74	7358.64
487.08	5275.57
487.43	7847.82
487.78	4926.83
488.12	7859.52
488.47	5998.79
488.82	10410.70
489.17	5774.10
489.51	5081.30
489.86	7658.23
490.21	5036.83
490.55	7379.71
490.90	5275.57
491.25	6249.23
491.59	5366.85
491.94	12421.22
492.29	6167.31
492.63	6796.92
492.98	4638.94
493.33	7258.00
493.67	6099.44
494.02	5411.32
494.37	5507.28
494.71	8131.02
495.06	6045.60
495.40	10382.62
495.75	5834.96
496.10	10164.95
496.44	6768.83
496.79	8032.72
497.13	5675.80
497.48	14008.11
497.83	9853.66
498.17	7908.67
498.52	5277.91
498.86	8564.02
499.21	6621.38
499.56	5776.44
499.90	6516.05
500.25	5158.54
500.59	6637.76
500.94	7683.98
501.28	8414.23
501.63	9472.15
501.97	6406.05
502.32	5572.82
502.67	7662.91
503.01	5224.08
503.36	6127.52
503.70	6190.72
504.05	8166.13
504.39	8912.76
504.74	6654.14
505.08	10729.02
505.43	4688.09
505.77	5418.34
506.12	7066.08
506.46	6441.15
506.81	5661.76
507.15	5706.23
507.49	6193.06
507.84	5664.10
508.18	7492.05
508.53	7073.10
508.87	6923.30
509.22	6314.77
509.56	65535.00
509.91	18862.38
510.25	6937.35
510.60	4933.85
510.94	8627.21
511.28	4798.10
511.63	9296.61
511.97	7440.56
512.32	8713.81
512.66	5757.72
513.00	6998.20
513.35	9252.14
513.69	5341.10
514.04	8187.19
514.38	8568.70
514.72	7358.64
515.07	5699.20
515.41	5528.35
515.76	5734.31
516.10	7501.42
516.44	8835.52
516.79	6043.26
517.13	5186.63
517.47	9128.09
517.82	7215.87
518.16	6539.46
518.50	7246.30
518.85	7393.75
519.19	10001.11
519.53	12985.29
519.88	8734.88
520.22	6368.60
520.56	6890.54
520.91	5212.37
521.25	5427.70
521.59	6752.45
521.93	7707.38
522.28	6420.09
522.62	7218.21
522.96	8898.72
523.31	6523.07
523.65	7815.05
523.99	8482.10
524.33	11218.19
524.68	7995.27
525.02	5238.12
525.36	7630.15
525.70	5184.29
526.05	5844.32
526.39	5376.21
526.73	8187.19
527.07	7164.38
527.41	10499.64
527.76	5703.89
528.10	6434.13
528.44	7812.71
528.78	6579.25
529.12	8388.48
529.47	6317.11
529.81	9008.72
530.15	9034.47
530.49	8093.57
530.83	4983.00
531.18	5416.00
531.52	6541.80
531.86	5109.39
532.20	6857.77
532.54	9500.23
532.88	4699.80
533.22	6436.47
533.57	7176.08
533.91	9259.16
534.25	5373.87
534.59	10431.77
534.93	8449.33
535.27	5790.49
535.61	6480.94
535.95	10375.59
536.30	8788.71
536.64	6853.09
536.98	4596.81
537.32	6523.07
537.66	4777.03
538.00	7826.75
538.34	8063.15
538.68	7927.39
539.02	11197.12
539.36	5961.34
539.70	5254.50
540.04	7201.83
540.39	19300.06
540.73	5535.37
541.07	6871.81
541.41	7398.43
541.75	7440.56
542.09	9872.38
542.43	7740.15
542.77	6822.66
543.11	7323.54
543.45	6829.68
543.79	9287.25
544.13	6179.01
544.47	6525.41
544.81	5666.44
545.15	8032.72
545.49	6724.36
545.83	5633.67
546.17	6317.11
546.51	4683.41
546.85	6045.60
547.19	10782.85
547.53	5111.73
547.87	8294.86
548.21	11630.12
548.54	6927.99
548.88	5949.64
549.22	5699.20
549.56	5203.01
549.90	5942.62
550.24	6780.53
550.58	5640.69
550.92	9549.39
551.26	6146.25
551.60	10635.39
551.94	6298.38
552.28	6319.45
552.61	8044.42
552.95	6263.27
553.29	5961.34
553.63	6895.22
553.97	11012.22
554.31	8952.55
554.65	10066.64
554.99	9811.53
555.32	6164.97
555.66	8002.29
556.00	4805.12
556.34	6466.90
556.68	7131.61
557.02	8917.44
557.36	7162.04
557.69	6897.56
558.03	5916.87
558.37	12241.00
558.71	14338.12
559.05	10052.60
559.38	11257.98
559.72	5755.38
560.06	8603.81
560.40	8149.75
560.74	9497.89
561.07	7812.71
561.41	8725.52
561.75	7740.15
562.09	6061.99
562.42	8725.52
562.76	8084.21
563.10	7056.72
563.44	23948.36
563.77	7564.61
564.11	8138.04
564.45	9479.17
564.79	7981.23
565.12	6958.41
565.46	7449.93
565.80	7683.98
566.14	7433.54
566.47	9114.05
566.81	5685.16
567.15	7246.30
567.48	7672.28
567.82	8119.32
568.16	7583.34
568.49	5717.93
568.83	5249.82
569.17	6806.28
569.50	7529.50
569.84	10675.18
570.18	7705.04
570.51	11028.60
570.85	6602.65
571.19	6466.90
571.52	5820.91
571.86	9069.58
572.20	6260.93
572.53	10534.75
572.87	5823.25
573.21	5617.29
573.54	5280.25
573.88	7339.92
574.21	7131.61
574.55	6640.10
574.89	9635.99
575.22	8961.91
575.56	5947.30
575.89	5991.77
576.23	6551.16
576.57	7688.66
576.90	5914.53
577.24	7412.48
577.57	5413.66
577.91	7433.54
578.24	5263.86
578.58	6623.72
578.91	7906.33
579.25	5811.55
579.59	7080.12
579.92	6663.51
580.26	5303.65
580.59	7634.83
580.93	7489.71
581.26	6284.34
581.60	7709.72
581.93	8313.58
582.27	10925.62
582.60	5511.96
582.94	7248.64
583.27	5345.78
583.61	6513.71
583.94	7323.54
584.28	5078.96
584.61	6331.15
584.94	7978.89
585.28	8009.31
585.61	8451.67
585.95	8308.90
586.28	11297.77
586.62	12833.16
586.95	6932.67
587.29	11880.56
587.62	15044.96
587.95	5631.33
588.29	7307.15
588.62	8121.66
588.96	8999.36
589.29	6181.35
589.62	6029.22
589.96	6384.98
590.29	6207.10
590.63	5282.59
590.96	8306.56
591.29	8690.41
591.63	9331.72
591.96	5493.24
592.29	6321.79
592.63	6069.01
592.96	7468.65
593.30	11351.60
593.63	7470.99
593.96	5834.96
594.30	6312.42
594.63	7644.19
594.96	11660.55
595.30	7023.95
595.63	6354.55
595.96	5923.90
596.29	7803.35
596.63	6305.40
596.96	8676.37
597.29	7995.27
597.63	5018.11
597.96	9951.96
598.29	9362.14
598.63	9156.18
598.96	5933.26
599.29	6242.21
599.62	6022.20
599.96	5961.34
600.29	6630.74
600.62	5659.42
600.95	6141.57
601.29	6672.87
601.62	7419.50
601.95	6981.82
602.28	5921.56
602.61	19044.94
602.95	7133.95
603.28	11618.42
603.61	5856.02
603.94	9324.69
604.27	5769.42
604.61	8311.24
604.94	7768.24
605.27	7400.77
605.60	5526.00
605.93	6134.54
606.27	8926.80
606.60	6520.73
606.93	5242.80
607.26	10787.53
607.59	6832.02
607.92	9329.38
608.26	5921.56
608.59	5961.34
608.92	6518.39
609.25	5462.81
609.58	7517.80
609.91	8037.40
610.24	13027.42
610.57	7908.67
610.90	9226.39
611.24	5142.16
611.57	5195.99
611.90	8781.69
612.23	6754.79
612.56	8674.03
612.89	8376.78
613.22	8479.76
613.55	5085.98
613.88	9329.38
614.21	5720.27
614.54	7597.38
614.87	5748.36
615.20	4660.01
615.53	9675.77
615.87	5956.66
616.20	7026.29
616.53	9870.04
616.86	6951.39
617.19	7925.05
617.52	6040.92
617.85	6221.14
618.18	5956.66
618.51	6408.39
618.84	8458.70
619.17	6719.68
619.50	10368.57
619.83	9827.91
620.16	8262.09
620.49	6197.74
620.82	13654.69
621.14	10317.08
621.47	6455.20
621.80	9291.93
622.13	7112.89
622.46	14506.64
622.79	8381.46
623.12	5430.04
623.45	9034.47
623.78	8468.06
624.11	5462.81
624.44	7482.69
624.77	5722.61
625.10	5853.68
625.43	5612.60
625.75	7325.88
626.08	5909.85
626.41	5624.31
626.74	6930.33
627.07	6244.55
627.40	11918.01
627.73	6289.02
628.06	5767.08
628.38	4622.56
628.71	8620.19
629.04	9514.28
629.37	8468.06
629.70	7323.54
630.03	5640.69
630.36	9413.63
630.68	8769.99
631.01	6211.78
631.34	10642.42
631.67	6253.91
632.00	4863.63
632.32	8645.94
632.65	9619.60
632.98	7391.41
633.31	6930.33
633.64	8875.31
633.96	5790.49
634.29	10588.58
634.62	7185.44
634.95	7524.82
635.27	7295.45
635.60	8280.82
635.93	7688.66
636.26	7602.06
636.58	6300.72
636.91	6195.40
637.24	5987.09
637.57	7220.55
637.89	7927.39
638.22	6171.99
638.55	7087.14
638.87	7541.21
639.20	8634.24
639.53	7761.22
639.86	6120.50
640.18	5563.45
640.51	7288.43
640.84	7534.18
641.16	5441.75
641.49	7424.18
641.82	5568.13
642.14	5720.27
642.47	13734.26
642.80	6836.70
643.12	8975.95
643.45	6590.95
643.78	7131.61
644.10	6017.52
644.43	6916.28
644.75	9914.51
645.08	5104.71
645.41	7887.61
645.73	5645.37
646.06	14698.56
646.39	8858.93
646.71	6040.92
647.04	6038.58
647.36	5160.88
647.69	8489.12
648.01	7117.57
648.34	5900.49
648.67	9331.72
648.99	10029.20
649.32	5907.51
649.64	5160.88
649.97	4594.47
650.29	5313.02
650.62	14185.99
650.94	7075.44
651.27	10656.46
651.59	6857.77
651.92	5977.73
652.25	7730.79
652.57	5645.37
652.90	5722.61
653.22	7527.16
653.55	7494.40
653.87	4896.40
654.20	7286.09
654.52	10721.99
654.84	6607.33
655.17	7957.82
655.49	10993.50
655.82	6303.06
656.14	7613.76
656.47	10775.83
656.79	11438.20
657.12	6513.71
657.44	6260.93
657.77	8484.44
658.09	7332.90
658.41	6698.61
658.74	8393.16
659.06	5383.23
659.39	6747.76
659.71	6083.05
660.03	6942.03
660.36	6427.11
660.68	9621.94
661.01	13088.28
661.33	10186.01
661.65	6164.97
661.98	13617.24
662.30	9362.14
662.63	6967.77
662.95	6569.88
663.27	5935.60
663.60	5401.96
663.92	6775.85
664.24	6644.78
664.57	5734.31
664.89	5998.79
665.21	6232.85
665.54	9305.97
665.86	7166.72
666.18	7377.37
666.51	10354.53
666.83	6347.53
667.15	14724.31
667.47	9558.75
667.80	8025.70
668.12	5951.98
668.44	7197.15
668.77	8547.64
669.09	9930.89
669.41	8737.22
669.73	5303.65
670.06	7077.78
670.38	6537.12
670.70	5280.25
671.02	8194.22
671.35	6267.95
671.67	10258.57
671.99	6621.38
672.31	10066.64
672.63	7693.34
672.96	10916.26
673.28	6193.06
673.60	7173.74
673.92	7234.60
674.24	5884.11
674.57	5994.11
674.89	9521.30
675.21	6593.29
675.53	9039.15
675.85	9895.78
676.17	9982.38
676.50	5802.19
676.82	9781.10
677.14	7372.69
677.46	14298.33
677.78	5268.55
678.10	9165.54
678.42	6923.30
678.75	6239.87
679.07	5544.73
679.39	6951.39
679.71	6331.15
680.03	6291.36
680.35	6239.87
680.67	6420.09
680.99	5921.56
681.31	5413.66
681.63	8035.06
681.96	10068.98
682.28	6174.33
682.60	5743.67
682.92	8428.27
683.24	5207.69
683.56	8313.58
683.88	6005.81
684.20	6576.91
684.52	6401.37
684.84	6256.25
685.16	6513.71
685.48	8786.37
685.80	7658.23
686.12	8472.74
686.44	11592.67
686.76	6792.23
687.08	5308.34
687.40	5769.42
687.72	9275.54
688.04	6073.69
688.36	14132.15
688.68	10857.75
689.00	7801.01
689.32	6595.63
689.64	6267.95
689.96	6857.77
690.28	9338.74
690.60	10024.51
690.92	6024.54
691.24	8262.09
691.56	6567.54
691.88	6726.70
692.19	5682.82
692.51	9006.38
692.83	7976.55
693.15	8833.18
693.47	7803.35
693.79	7225.23
694.11	9327.03
694.43	7829.09
694.75	6750.10
695.06	7447.58
695.38	10162.61
695.70	7183.10
696.02	7206.51
696.34	6312.42
696.66	6403.71
696.98	5181.95
697.29	7023.95
697.61	11028.60
697.93	9748.33
698.25	13259.13
698.57	7911.01
698.89	5413.66
699.20	6738.40
699.52	10876.47
699.84	4978.32
700.16	6832.02
700.48	10211.76
700.79	5799.85
701.11	11613.74
701.43	9114.05
701.75	6099.44
702.07	6651.80
702.38	11398.41
702.70	5963.68
703.02	5916.87
703.34	8477.42
703.65	7293.11
703.97	6600.31
704.29	5263.86
704.61	5769.42
704.92	8889.35
705.24	6752.45
705.56	9167.88
705.87	9626.62
706.19	7131.61
706.51	5238.12
706.82	9790.46
707.14	5909.85
707.46	5160.88
707.78	5898.15
708.09	8201.24
708.41	9399.59
708.73	7529.50
709.04	9935.57
709.36	6574.56
709.68	7112.89
709.99	13114.02
710.31	10029.20
710.62	7295.45
710.94	6480.94
711.26	8009.31
711.57	6572.22
711.89	5624.31
712.21	15028.58
712.52	7183.10
712.84	10349.85
713.15	7571.63
713.47	9011.06
713.79	5408.98
714.10	6260.93
714.42	6633.08
714.73	10686.89
715.05	5467.49
715.36	5626.65
715.68	5963.68
715.99	6450.52
716.31	9465.13
716.63	8320.60
716.94	9378.53
717.26	19513.05
717.57	9116.39
717.89	11382.03
718.20	6118.16
718.52	9324.69
718.83	6916.28
719.15	14319.40
719.46	13809.16
719.78	7742.49
720.09	6906.92
720.41	5968.37
720.72	5561.11
721.04	5694.52
721.35	6911.60
721.67	6815.64
721.98	6661.16
722.29	6494.99
722.61	6101.78
722.92	4954.91
723.24	6686.91
723.55	7391.41
723.87	7634.83
724.18	8631.90
724.50	5488.56
724.81	6836.70
725.12	7138.63
725.44	8121.66
725.75	7360.98
726.07	10328.78
726.38	8184.85
726.69	6670.53
727.01	8603.81
727.32	9060.21
727.63	6509.03
727.95	10717.31
728.26	6221.14
728.58	8840.20
728.89	6361.58
729.20	6850.75
729.52	5902.83
729.83	13673.41
730.14	8442.31
730.46	7049.69
730.77	9544.70
731.08	8435.29
731.39	6595.63
731.71	7119.91
732.02	9041.49
732.33	7119.91
732.65	6518.39
732.96	10686.89
733.27	9170.22
733.59	14094.71
733.90	9558.75
734.21	5727.29
734.52	6801.60
734.84	16472.69
735.15	6497.33
735.46	6752.45
735.77	7321.20
736.09	7096.50
736.40	10771.15
736.71	9046.17
737.02	5507.28
737.33	6635.42
737.65	6153.27
737.96	7119.91
738.27	7590.36
738.58	13053.17
738.89	8589.77
739.21	6246.89
739.52	5200.67
739.83	8725.52
740.14	6190.72
740.45	7307.15
740.76	6307.74
741.08	5645.37
741.39	6967.77
741.70	6532.44
742.01	7728.45
742.32	9731.95
742.63	7459.29
742.94	5994.11
743.26	8496.14
743.57	8079.53
743.88	9025.11
744.19	7705.04
744.50	6808.62
744.81	12409.52
745.12	7145.66
745.43	7164.38
745.74	15075.39
746.05	12542.93
746.36	5238.12
746.67	12196.53
746.99	6668.19
747.30	8278.47
747.61	6473.92
747.92	7751.85
748.23	9797.48
748.54	6892.88
748.85	6841.39
749.16	7344.60
749.47	5797.51
749.78	6361.58
750.09	6743.08
750.40	7812.71
750.71	7686.32
751.02	8414.23
751.33	7040.33
751.64	8077.19
751.95	6984.16
752.26	8540.61
752.57	8758.28
752.88	6803.94
753.19	7185.44
753.50	10286.65
753.81	6841.39
754.11	7176.08
754.42	16973.56
754.73	7377.37
755.04	8037.40
755.35	7850.16
755.66	13458.08
755.97	5713.25
756.28	5816.23
756.59	8491.46
756.90	16837.81
757.21	7990.59
757.52	11204.14
757.82	8067.83
758.13	6429.45
758.44	9731.95
758.75	8524.23
759.06	6310.08
759.37	5860.70
759.68	7943.78
759.98	6333.49
760.29	8631.90
760.60	7595.04
760.91	5460.47
761.22	7016.93
761.53	7541.21
761.83	6209.44
762.14	7412.48
762.45	6429.45
762.76	5696.86
763.07	8187.19
763.37	16006.92
763.68	11286.06
763.99	12971.25
764.30	11454.58
764.60	6403.71
764.91	10036.22
765.22	7592.70
765.53	13181.90
765.84	7747.17
766.14	6963.09
766.45	5423.02
766.76	10848.38
767.06	11705.02
767.37	6923.30
767.68	7194.81
767.99	6850.75
768.29	6520.73
768.60	7258.00
768.91	9867.70
769.21	13060.19
769.52	10761.78
769.83	7040.33
770.13	7286.09
770.44	6761.81
770.75	8868.29
771.05	7265.02
771.36	8769.99
771.67	7506.10
771.97	6757.13
772.28	6911.60
772.59	7515.46
772.89	9235.75
773.20	6441.15
773.51	6347.53
773.81	11653.53
774.12	5968.37
774.42	7236.94
774.73	6045.60
775.04	6209.44
775.34	21191.21
775.65	8271.45
775.95	12477.40
776.26	8177.83
776.56	6574.56
776.87	8285.50
777.18	65535.00
777.48	17507.21
777.79	7658.23
778.09	10792.21
778.40	6569.88
778.70	6867.13
779.01	11016.90
779.31	7510.78
779.62	6665.85
779.92	8884.67
780.23	8692.75
780.53	5598.56
780.84	7131.61
781.14	6565.20
781.45	6340.51
781.75	9263.84
782.06	6279.66
782.36	8163.79
782.67	6054.97
782.97	6209.44
783.28	13177.22
783.58	6558.18
783.89	6574.56
784.19	8463.38
784.49	12556.97
784.80	7030.97
785.10	12671.66
785.41	6157.95
785.71	8727.86
786.02	8255.07
786.32	13825.54
786.62	9217.03
786.93	11492.03
787.23	6771.17
787.54	7054.37
787.84	12587.40
788.14	8444.65
788.45	5355.15
788.75	6850.75
789.05	5795.17
789.36	7162.04
789.66	13638.30
789.96	9191.28
790.27	7274.38
790.57	7164.38
790.87	6073.69
791.18	6370.94
791.48	6132.20
791.78	8292.52
792.09	8788.71
792.39	6319.45
792.69	9446.40
793.00	8250.39
793.30	8861.27
793.60	5729.63
793.90	5408.98
794.21	8287.84
794.51	16779.30
794.81	10551.14
795.11	7356.30
795.42	6441.15
795.72	11396.07
796.02	9401.93
796.32	8456.36
796.63	8589.77
796.93	10094.73
797.23	9088.30
797.53	7875.90
797.84	10286.65
798.14	6487.96
798.44	8119.32
798.74	8566.36
799.04	8053.78
799.34	5790.49
799.65	15510.73
799.95	7777.60
800.25	6911.60
800.55	6710.32
800.85	8009.31
801.15	6207.10
801.46	7194.81
801.76	17252.09
802.06	6609.67
802.36	9240.44
802.66	6710.32
802.96	9296.61
803.26	10602.63
803.56	12968.91
803.87	16240.98
804.17	7138.63
804.47	9650.03
804.77	10537.09
805.07	10310.06
805.37	9544.70
805.67	8978.30
805.97	6876.49
806.27	7382.05
806.57	6682.23
806.87	11538.84
807.17	7885.26
807.47	11187.76
807.77	10626.03
808.07	6768.83
808.37	11506.07
808.67	7595.04
808.98	15192.42
809.28	6939.69
809.58	15880.53
809.88	10258.57
810.18	14331.10
810.47	6979.48
810.77	7155.02
811.07	9238.09
811.37	8435.29
811.67	6221.14
811.97	5345.78
812.27	6120.50
812.57	5425.36
812.87	6602.65
813.17	6202.42
813.47	6274.98
813.77	6876.49
814.07	6436.47
814.37	9762.37
814.67	6384.98
814.97	7164.38
815.27	6085.39
815.56	8542.96
815.86	11140.95
816.16	7922.71
816.46	5844.32
816.76	6392.00
817.06	10218.78
817.36	12271.43
817.66	7520.14
817.95	5989.43
818.25	8299.54
818.55	9853.66
818.85	9273.20
819.15	6705.63
819.45	12966.57
819.75	7274.38
820.04	7344.60
820.34	15396.04
820.64	9439.38
820.94	12449.31
821.24	6981.82
821.53	7335.24
821.83	6511.37
822.13	5923.90
822.43	6974.80
822.72	5664.10
823.02	6267.95
823.32	6015.18
823.62	7812.71
823.91	14602.60
824.21	5671.12
824.51	8369.76
824.81	6871.81
825.10	5696.86
825.40	9128.09
825.70	7662.91
826.00	12383.77
826.29	6616.69
826.59	8074.85
826.89	6953.73
827.18	6300.72
827.48	6469.24
827.78	5963.68
828.07	7428.86
828.37	9174.90
828.67	7969.52
828.96	7506.10
829.26	6466.90
829.56	10242.18
829.85	6448.18
830.15	8095.91
830.45	5598.56
830.74	12095.89
831.04	9341.08
831.34	10087.71
831.63	13069.55
831.93	9635.99
832.22	9191.28
832.52	7480.35
832.82	5771.76
833.11	6097.10
833.41	6125.18
833.70	6530.09
834.00	10043.24
834.29	7747.17
834.59	5605.58
834.89	8222.30
835.18	6956.07
835.48	12760.60
835.77	8851.91
836.07	9071.92
836.36	8652.96
836.66	10038.56
836.95	7136.29
837.25	6296.04
837.54	8737.22
837.84	6466.90
838.13	7735.47
838.43	6354.55
838.72	13472.12
839.02	10469.22
839.31	6164.97
839.61	10558.16
839.90	5626.65
840.20	7445.24
840.49	5802.19
840.78	8093.57
841.08	9043.83
841.37	6672.87
841.67	5914.53
841.96	8795.73
842.26	7859.52
842.55	5647.71
842.84	6038.58
843.14	9872.38
843.43	5785.80
843.73	7213.53
844.02	5872.40
844.31	7084.80
844.61	6623.72
844.90	8245.71
845.20	7569.29
845.49	5226.42
845.78	6815.64
846.08	5959.00
846.37	4877.68
846.66	8430.61
846.96	8727.86
847.25	8180.17
847.54	5701.54
847.84	8737.22
848.13	7021.61
848.42	9509.60
848.72	6225.82
849.01	8526.57
849.30	6476.26
849.59	5984.75
849.89	6310.08
850.18	11887.58
850.47	5959.00
850.76	17792.75
851.06	13886.40
851.35	8198.90
851.64	9371.50
851.93	7709.72
852.23	10518.37
852.52	6686.91
852.81	6590.95
853.10	6429.45
853.40	5453.45
853.69	5453.45
853.98	7328.22
854.27	9439.38
854.56	6408.39
854.86	8636.58
855.15	7461.63
855.44	7943.78
855.73	5282.59
856.02	6516.05
856.31	9563.43
856.61	8091.23
856.90	6548.82
857.19	5774.10
857.48	5558.77
857.77	5926.24
858.06	4940.87
858.35	5518.98
858.65	11215.85
858.94	8968.93
859.23	7075.44
859.52	8894.04
859.81	11641.82
860.10	6242.21
860.39	8999.36
860.68	7419.50
860.97	5900.49
861.26	6244.55
861.55	11824.39
861.85	7370.35
862.14	9095.32
862.43	9355.12
862.72	7576.31
863.01	5535.37
863.30	6616.69
863.59	7096.50
863.88	7000.54
864.17	7215.87
864.46	6069.01
864.75	13818.52
865.04	7688.66
865.33	5771.76
865.62	10541.77
865.91	6256.25
866.20	8507.85
866.49	6546.48
866.78	6825.00
867.07	6574.56
867.36	9846.63
867.65	11337.56
867.93	8648.28
868.22	7286.09
868.51	6916.28
868.80	7414.82
869.09	6930.33
869.38	6043.26
869.67	12168.45
869.96	12168.45
870.25	12168.45
