178.76	1818.60
179.14	1818.60
179.52	1818.60
179.90	1757.74
180.28	10803.91
180.66	9570.45
181.04	9235.75
181.42	7456.95
181.80	6197.74
182.18	10614.33
182.55	5792.83
182.93	7194.81
183.31	6942.03
183.69	7660.57
184.07	8107.62
184.45	7045.01
184.83	7208.85
185.21	6516.05
185.59	6719.68
185.97	16114.59
186.35	11749.49
186.72	7019.27
187.10	7211.19
187.48	11332.87
187.86	8858.93
188.24	6569.88
188.62	6202.42
189.00	10633.05
189.38	7742.49
189.75	7815.05
190.13	7723.77
190.51	6235.19
190.89	14810.91
191.27	20585.01
191.65	6956.07
192.03	7730.79
192.40	10202.40
192.78	7557.59
193.16	8575.72
193.54	12201.21
193.92	10785.19
194.30	6581.59
194.67	9420.66
195.05	8231.66
195.43	7201.83
195.81	6963.09
196.19	10679.86
196.56	7627.81
196.94	7229.91
197.32	11410.11
197.70	6548.82
198.08	8388.48
198.45	6679.89
198.83	7482.69
199.21	6792.23
199.59	12081.85
199.97	7885.26
200.34	5818.57
200.72	6509.03
201.10	13940.23
201.48	9825.57
201.85	6354.55
202.23	6899.90
202.61	6490.31
202.99	15796.28
203.36	6450.52
203.74	8837.86
204.12	7318.86
204.49	6476.26
204.87	8685.73
205.25	7066.08
205.63	5722.61
206.00	6384.98
206.38	7798.66
206.76	9455.76
207.14	6614.35
207.51	5895.81
207.89	10450.49
208.27	6312.42
208.64	5451.11
209.02	6502.01
209.40	6871.81
209.77	5619.63
210.15	15257.95
210.53	5863.04
210.90	10995.84
211.28	6195.40
211.66	11648.85
212.03	6478.60
212.41	5708.57
212.79	7101.19
213.16	5884.11
213.54	7463.97
213.92	7721.43
214.29	5434.72
214.67	6511.37
215.05	6750.10
215.42	9172.56
215.80	6764.15
216.17	6656.48
216.55	7672.28
216.93	5820.91
217.30	8730.20
217.68	6310.08
218.05	6677.55
218.43	6394.34
218.81	6740.74
219.18	10939.66
219.56	6593.29
219.93	6462.22
220.31	6466.90
220.69	5872.40
221.06	6146.25
221.44	7721.43
221.81	6186.04
222.19	5645.37
222.56	6059.65
222.94	6848.41
223.32	7569.29
223.69	6347.53
224.07	8774.67
224.44	9682.80
224.82	7349.28
225.19	8351.03
225.57	7421.84
225.94	6691.59
226.32	7272.04
226.69	12009.29
227.07	11882.90
227.44	6698.61
227.82	7733.13
228.19	7012.24
228.57	8725.52
228.94	11433.52
229.32	9348.10
229.69	8699.77
230.07	6663.51
230.44	6101.78
230.82	10661.14
231.19	9249.80
231.57	5568.13
231.94	5776.44
232.32	14871.76
232.69	7091.82
233.07	7454.61
233.44	6853.09
233.82	6832.02
234.19	7344.60
234.57	9797.48
234.94	6274.98
235.31	6635.42
235.69	7162.04
236.06	7279.07
236.44	8304.22
236.81	5923.90
237.19	7695.68
237.56	11522.46
237.93	6319.45
238.31	7459.29
238.68	6927.99
239.06	7449.93
239.43	8552.32
239.81	8025.70
240.18	6033.90
240.55	5998.79
240.93	12442.29
241.30	7545.89
241.67	7019.27
242.05	8416.57
242.42	9451.08
242.80	5717.93
243.17	7665.25
243.54	7648.87
243.92	9097.66
244.29	6876.49
244.66	7513.12
245.04	10050.26
245.41	15463.92
245.78	5912.19
246.16	6867.13
246.53	8599.13
246.90	6820.32
247.28	12933.80
247.65	6937.35
248.02	6965.43
248.40	9783.44
248.77	7480.35
249.14	8266.77
249.52	6897.56
249.89	8269.11
250.26	6209.44
250.64	7375.03
251.01	15908.62
251.38	5809.21
251.75	7225.23
252.13	6677.55
252.50	9006.38
252.87	13123.38
253.25	5804.53
253.62	7808.03
253.99	5703.89
254.36	9214.69
254.74	6422.43
255.11	6115.82
255.48	5666.44
255.85	13975.34
256.23	5689.84
256.60	5324.72
256.97	6612.01
257.34	8119.32
257.71	7588.02
258.09	6722.02
258.46	7817.39
258.83	11330.53
259.20	9561.09
259.58	6932.67
259.95	7211.19
260.32	9214.69
260.69	5820.91
261.06	10815.62
261.44	6169.65
261.81	12622.51
262.18	7712.07
262.55	6384.98
262.92	7201.83
263.29	6452.86
263.67	5685.16
264.04	6370.94
264.41	6747.76
264.78	6223.48
265.15	10164.95
265.52	12168.45
265.90	7293.11
266.27	6356.90
266.64	5673.46
267.01	5453.45
267.38	7808.03
267.75	6083.05
268.12	5198.33
268.50	6752.45
268.87	6235.19
269.24	5863.04
269.61	7658.23
269.98	8217.62
270.35	7777.60
270.72	5928.58
271.09	6836.70
271.46	6579.25
271.83	7714.41
272.21	9001.70
272.58	5998.79
272.95	6120.50
273.32	7293.11
273.69	7089.48
274.06	5706.23
274.43	6108.80
274.80	7035.65
275.17	7777.60
275.54	16891.65
275.91	7232.26
276.28	7138.63
276.65	7461.63
277.02	10930.30
277.39	6031.56
277.76	6057.31
278.13	8383.80
278.50	8498.49
278.87	10139.20
279.24	8910.42
279.61	8081.87
279.98	11197.12
280.35	6249.23
280.72	7332.90
281.09	6988.84
281.46	7253.32
281.83	5989.43
282.20	7789.30
282.57	6438.81
282.94	7953.14
283.31	6441.15
283.68	7606.74
284.05	5657.07
284.42	5364.51
284.79	7442.90
285.16	8381.46
285.53	7063.74
285.90	7052.03
286.27	14326.42
286.64	5483.88
287.01	6171.99
287.38	8229.32
287.75	58192.74
288.12	8306.56
288.49	16074.80
288.86	5984.75
289.23	5886.45
289.59	6094.76
289.96	5727.29
290.33	6392.00
290.70	6546.48
291.07	8266.77
291.44	7744.83
291.81	5860.70
292.18	7063.74
292.55	6593.29
292.91	12299.52
293.28	8184.85
293.65	10558.16
294.02	7639.51
294.39	5451.11
294.76	6918.62
295.13	7061.40
295.50	6806.28
295.86	6911.60
296.23	6331.15
296.60	5731.97
296.97	6335.83
297.34	6972.46
297.71	8606.15
298.07	7159.70
298.44	5263.86
298.81	7592.70
299.18	7269.70
299.55	10061.96
299.91	6984.16
300.28	7674.62
300.65	5291.95
301.02	7391.41
301.39	7887.61
301.75	13039.12
302.12	8028.04
302.49	6864.79
302.86	9947.28
303.23	7218.21
303.59	5720.27
303.96	16636.53
304.33	9495.55
304.70	14267.91
305.06	6298.38
305.43	9921.53
305.80	8035.06
306.17	8784.03
306.53	6270.30
306.90	9202.99
307.27	7049.69
307.64	10239.84
308.00	6387.32
308.37	6478.60
308.74	11878.22
309.11	8629.56
309.47	6113.48
309.84	5474.51
310.21	6836.70
310.57	7466.31
310.94	6487.96
311.31	7122.25
311.67	7583.34
312.04	5437.06
312.41	9661.73
312.77	7894.63
313.14	6033.90
313.51	6794.58
313.87	6375.62
314.24	6345.19
314.61	6387.32
314.97	6478.60
315.34	7059.06
315.71	5516.64
316.07	8837.86
316.44	5685.16
316.81	8587.43
317.17	6214.12
317.54	15066.03
317.91	6293.70
318.27	5315.36
318.64	6663.51
319.00	8674.03
319.37	5465.15
319.74	8910.42
320.10	9245.12
320.47	6445.84
320.83	10691.57
321.20	6946.71
321.57	5921.56
321.93	6328.81
322.30	7274.38
322.66	6008.16
323.03	8512.53
323.40	7756.54
323.76	6218.80
324.13	6340.51
324.49	5430.04
324.86	18099.36
325.22	7250.98
325.59	6761.81
325.95	7660.57
326.32	8999.36
326.68	8872.97
327.05	6857.77
327.42	6022.20
327.78	6312.42
328.15	9158.52
328.51	6403.71
328.88	7344.60
329.24	10754.76
329.61	7033.31
329.97	8634.24
330.34	6293.70
330.70	7171.40
331.07	10579.22
331.43	8554.66
331.80	12870.61
332.16	9888.76
332.52	5914.53
332.89	8119.32
333.25	5472.17
333.62	12133.34
333.98	7866.54
334.35	6099.44
334.71	7075.44
335.08	5753.04
335.44	11676.93
335.81	11681.61
336.17	9825.57
336.53	6927.99
336.90	5762.40
337.26	8124.00
337.63	13827.88
337.99	7578.65
338.36	5811.55
338.72	8809.78
339.08	7293.11
339.45	5755.38
339.81	9413.63
340.18	6581.59
340.54	10104.09
340.90	6270.30
341.27	6857.77
341.63	7971.86
341.99	5142.16
342.36	10328.78
342.72	5837.30
343.09	10387.30
343.45	6193.06
343.81	10403.68
344.18	5488.56
344.54	6862.45
344.90	7573.97
345.27	7087.14
345.63	6799.26
345.99	8587.43
346.36	7117.57
346.72	5844.32
347.08	5933.26
347.45	5544.73
347.81	9509.60
348.17	7407.80
348.54	5540.05
348.90	8706.79
349.26	9434.70
349.62	10434.11
349.99	5259.18
350.35	5050.88
350.71	7669.94
351.08	7091.82
351.44	5181.95
351.80	12849.54
352.16	11360.96
352.53	6026.88
352.89	8538.27
353.25	10794.55
353.61	6544.14
353.98	8416.57
354.34	9970.68
354.70	6237.53
355.06	5839.64
355.43	7155.02
355.79	6663.51
356.15	6504.35
356.51	5830.27
356.88	5921.56
357.24	6579.25
357.60	5570.48
357.96	5125.77
358.32	15606.69
358.69	5425.36
359.05	7892.29
359.41	7370.35
359.77	5706.23
360.13	6012.84
360.49	5935.60
360.86	8788.71
361.22	11344.58
361.58	7456.95
361.94	10600.29
362.30	5750.70
362.66	8219.96
363.03	5266.21
363.39	5242.80
363.75	6176.67
364.11	9813.87
364.47	6017.52
364.83	10504.32
365.19	7389.07
365.56	8758.28
365.92	5348.12
366.28	8514.87
366.64	9584.49
367.00	5277.91
367.36	5270.89
367.72	9551.73
368.08	9146.81
368.44	6394.34
368.80	8098.25
369.17	6476.26
369.53	6569.88
369.89	5998.79
370.25	5914.53
370.61	6176.67
370.97	10518.37
371.33	6310.08
371.69	12325.26
372.05	8262.09
372.41	5678.14
372.77	6417.75
373.13	7473.33
373.49	5093.01
373.85	7864.20
374.21	7522.48
374.57	5767.08
374.93	8451.67
375.29	8863.61
375.65	7375.03
376.01	7082.46
376.37	9879.40
376.73	8444.65
377.09	5678.14
377.45	9647.69
377.81	6857.77
378.17	5900.49
378.53	5114.07
378.89	8182.51
379.25	10640.08
379.61	14071.30
379.97	9064.89
380.33	6326.47
380.69	6059.65
381.05	5547.07
381.41	8863.61
381.77	7084.80
382.13	8346.35
382.49	14541.75
382.85	7428.86
383.21	8575.72
383.57	5228.76
383.93	10157.92
384.28	5034.49
384.64	6427.11
385.00	7632.49
385.36	7316.51
385.72	8769.99
386.08	5902.83
386.44	8542.96
386.80	8732.54
387.16	11791.62
387.52	9465.13
387.87	13331.69
388.23	7845.48
388.59	6160.29
388.95	5416.00
389.31	6799.26
389.67	6766.49
390.03	6003.47
390.38	6307.74
390.74	5055.56
391.10	9359.80
391.46	7382.05
391.82	5923.90
392.18	8093.57
392.54	4889.38
392.89	5570.48
393.25	8332.31
393.61	5738.99
393.97	5462.81
394.33	7679.30
394.68	6771.17
395.04	5394.93
395.40	7131.61
395.76	9011.06
396.12	7318.86
396.47	5666.44
396.83	6850.75
397.19	5458.13
397.55	5650.05
397.90	7166.72
398.26	7159.70
398.62	5678.14
398.98	4903.42
399.33	6590.95
399.69	24711.38
400.05	8070.17
400.41	5724.95
400.76	8542.96
401.12	9865.36
401.48	7611.42
401.84	5923.90
402.19	6375.62
402.55	7630.15
402.91	6970.12
403.26	5277.91
403.62	8159.11
403.98	7019.27
404.34	4734.90
404.69	6956.07
405.05	8777.01
405.41	13654.69
405.76	5748.36
406.12	5818.57
406.48	6874.15
406.83	6150.93
407.19	8196.56
407.55	7716.75
407.90	13982.36
408.26	8217.62
408.62	8812.12
408.97	6857.77
409.33	5427.70
409.68	5654.73
410.04	7475.67
410.40	5956.66
410.75	8116.98
411.11	5809.21
411.47	7496.74
411.82	6487.96
412.18	7098.84
412.53	6560.52
412.89	6113.48
413.25	6993.52
413.60	6892.88
413.96	5151.52
414.31	6258.59
414.67	7173.74
415.03	5104.71
415.38	5516.64
415.74	6289.02
416.09	6534.78
416.45	8353.37
416.80	5891.13
417.16	8446.99
417.51	6637.76
417.87	6368.60
418.23	7487.37
418.58	7950.80
418.94	4805.12
419.29	5970.71
419.65	7445.24
420.00	8514.87
420.36	7576.31
420.71	7988.25
421.07	5411.32
421.42	7019.27
421.78	8978.30
422.13	6448.18
422.49	6537.12
422.84	7360.98
423.20	5181.95
423.55	5390.25
423.91	5476.85
424.26	13745.97
424.61	8067.83
424.97	11215.85
425.32	5879.43
425.68	6415.41
426.03	7571.63
426.39	10129.84
426.74	9710.88
427.10	9252.14
427.45	5937.94
427.80	7410.14
428.16	6747.76
428.51	6771.17
428.87	7459.29
429.22	9397.25
429.58	10195.37
429.93	9741.31
430.28	5877.09
430.64	6076.03
430.99	5167.90
431.35	7468.65
431.70	6516.05
432.05	6661.16
432.41	7847.82
432.76	7623.12
433.11	7639.51
433.47	7674.62
433.82	10340.49
434.17	7894.63
434.53	8709.13
434.88	13760.01
435.24	7592.70
435.59	7054.37
435.94	5521.32
436.30	8035.06
436.65	6459.88
437.00	9167.88
437.35	16065.44
437.71	6413.07
438.06	6462.22
438.41	6087.73
438.77	7974.21
439.12	5188.97
439.47	4805.12
439.83	7599.72
440.18	5146.84
440.53	6525.41
440.88	11934.39
441.24	8320.60
441.59	5528.35
441.94	6356.90
442.30	7936.76
442.65	12264.41
443.00	6843.73
443.35	10237.50
443.71	6424.77
444.06	9165.54
444.41	7899.31
444.76	11147.97
445.11	7096.50
445.47	10047.92
445.82	8793.39
446.17	5785.80
446.52	10443.47
446.88	7089.48
447.23	5095.35
447.58	7669.94
447.93	5849.00
448.28	28685.61
448.63	10693.91
448.99	6920.96
449.34	8264.43
449.69	8711.47
450.04	6097.10
450.39	6120.50
450.74	7023.95
451.10	6871.81
451.45	7302.47
451.80	7520.14
452.15	9605.56
452.50	7983.57
452.85	9926.21
453.21	8638.92
453.56	7431.20
453.91	6583.93
454.26	7054.37
454.61	5778.78
454.96	8051.44
455.31	6726.70
455.66	6260.93
456.01	7873.56
456.36	6143.91
456.72	5877.09
457.07	7625.47
457.42	10162.61
457.77	9036.81
458.12	5722.61
458.47	7232.26
458.82	9408.95
459.17	6988.84
459.52	7145.66
459.87	33621.80
460.22	5884.11
460.57	7005.22
460.92	6108.80
461.27	8063.15
461.62	6518.39
461.97	5823.25
462.32	11868.86
462.67	10354.53
463.02	13371.48
463.38	13619.58
463.73	8746.58
464.08	12287.81
464.43	7613.76
464.78	5661.76
465.12	7990.59
465.47	8395.50
465.82	29186.48
466.17	6424.77
466.52	8557.00
466.87	6127.52
467.22	5781.12
467.57	5139.82
467.92	7548.23
468.27	10890.51
468.62	14590.90
468.97	6623.72
469.32	5245.14
469.67	15510.73
470.02	13937.89
470.37	6057.31
470.72	7377.37
471.07	5282.59
471.42	6544.14
471.76	6539.46
472.11	6551.16
472.46	8517.21
472.81	14635.37
473.16	6494.99
473.51	5907.51
473.86	5228.76
474.21	6427.11
474.56	6293.70
474.90	6090.07
475.25	9523.64
475.60	8795.73
475.95	5837.30
476.30	10801.57
476.65	10134.52
477.00	14775.80
477.34	10972.43
477.69	5533.03
478.04	9062.55
478.39	7138.63
478.74	5792.83
479.09	5151.52
479.43	21315.26
479.78	5249.82
480.13	12624.85
480.48	9741.31
480.83	7192.47
481.17	5350.46
481.52	7438.22
481.87	6441.15
482.22	11637.14
482.57	6658.82
482.91	9057.87
483.26	7812.71
483.61	6331.15
483.96	7290.77
484.30	65535.00
484.65	12634.21
485.00	5734.31
485.35	6654.14
485.69	5785.80
486.04	6532.44
486.39	7531.84
486.74	7573.97
487.08	5167.90
487.43	7894.63
487.78	4788.74
488.12	7817.39
488.47	5989.43
488.82	10394.32
489.17	5750.70
489.51	5055.56
489.86	7861.86
490.21	5013.43
490.55	7581.00
490.90	5240.46
491.25	6115.82
491.59	5430.04
491.94	12465.69
492.29	6267.95
492.63	6853.09
492.98	4753.63
493.33	7169.06
493.67	6216.46
494.02	5514.30
494.37	5516.64
494.71	8196.56
495.06	5940.28
495.40	10305.38
495.75	5891.13
496.10	10286.65
496.44	7859.52
496.79	8145.06
497.13	5668.78
497.48	14162.58
497.83	9975.36
498.17	8355.71
498.52	6050.28
498.86	8299.54
499.21	7297.79
499.56	5738.99
499.90	6502.01
500.25	5170.24
500.59	6862.45
500.94	7676.96
501.28	8381.46
501.63	9610.24
501.97	6186.04
502.32	5643.03
502.67	7646.53
503.01	5231.10
503.36	6108.80
503.70	6085.39
504.05	8248.05
504.39	8931.48
504.74	6628.40
505.08	10485.60
505.43	4669.37
505.77	5376.21
506.12	7234.60
506.46	6303.06
506.81	5685.16
507.15	5804.53
507.49	6209.44
507.84	5584.52
508.18	7417.16
508.53	7178.42
508.87	6892.88
509.22	6354.55
509.56	65535.00
509.91	18853.02
510.25	6834.36
510.60	4992.36
510.94	10307.72
511.28	4919.81
511.63	9160.86
511.97	7543.55
512.32	8896.38
512.66	5722.61
513.00	6801.60
513.35	9212.35
513.69	5706.23
514.04	8142.72
514.38	8568.70
514.72	7513.12
515.07	5675.80
515.41	5678.14
515.76	5701.54
516.10	7749.51
516.44	8683.39
516.79	6111.14
517.13	5364.51
517.47	9088.30
517.82	7250.98
518.16	7971.86
518.50	7138.63
518.85	7197.15
519.19	10162.61
519.53	13289.56
519.88	8870.63
520.22	6436.47
520.56	6899.90
520.91	5018.11
521.25	5472.17
521.59	6675.21
521.93	7779.94
522.28	6452.86
522.62	6850.75
522.96	9207.67
523.31	6588.61
523.65	7646.53
523.99	8269.11
524.33	11173.72
524.68	7953.14
525.02	5345.78
525.36	7630.15
525.70	5174.92
526.05	5916.87
526.39	5533.03
526.73	8175.49
527.07	7145.66
527.41	10298.36
527.76	5722.61
528.10	6569.88
528.44	7459.29
528.78	6658.82
529.12	8353.37
529.47	6490.31
529.81	8767.65
530.15	8889.35
530.49	7964.84
530.83	4959.60
531.18	5610.26
531.52	6623.72
531.86	5289.61
532.20	6890.54
532.54	9390.23
532.88	4744.27
533.22	6366.26
533.57	5966.03
533.91	10750.08
534.25	5418.34
534.59	10504.32
534.93	8372.10
535.27	5891.13
535.61	6448.18
535.95	10555.82
536.30	8128.68
536.64	6888.20
536.98	4650.64
537.32	6342.85
537.66	4910.44
538.00	7833.77
538.34	7920.37
538.68	7962.50
539.02	11318.83
539.36	6108.80
539.70	5336.42
540.04	7169.06
540.39	19721.35
540.73	5769.42
541.07	6843.73
541.41	7449.93
541.75	7503.76
542.09	9914.51
542.43	7595.04
542.77	6916.28
543.11	7344.60
543.45	7082.46
543.79	9373.85
544.13	6312.42
544.47	6366.26
544.81	5650.05
545.15	7957.82
545.49	6640.10
545.83	5708.57
546.17	6387.32
546.51	4788.74
546.85	6073.69
547.19	10895.19
547.53	5275.57
547.87	8446.99
548.21	11805.66
548.54	7035.65
548.88	5926.24
549.22	5696.86
549.56	5188.97
549.90	6036.24
550.24	6787.55
550.58	5605.58
550.92	9554.07
551.26	6242.21
551.60	10611.99
551.94	6148.59
552.28	6296.04
552.61	8248.05
552.95	8051.44
553.29	6001.13
553.63	7002.88
553.97	10892.85
554.31	9046.17
554.65	10146.22
554.99	10019.83
555.32	6345.19
555.66	7934.42
556.00	4711.50
556.34	6459.88
556.68	7300.13
557.02	9245.12
557.36	7232.26
557.69	6616.69
558.03	5839.64
558.37	12301.86
558.71	14160.24
559.05	10270.27
559.38	11281.38
559.72	5710.91
560.06	8545.30
560.40	8159.11
560.74	9650.03
561.07	7754.19
561.41	8798.07
561.75	7779.94
562.09	9600.88
562.42	9076.60
562.76	8067.83
563.10	7199.49
563.44	23632.39
563.77	7559.93
564.11	8098.25
564.45	9610.24
564.79	7908.67
565.12	6967.77
565.46	7143.32
565.80	7665.25
566.14	7386.73
566.47	9029.79
566.81	5544.73
567.15	7150.34
567.48	8056.12
567.82	7983.57
568.16	7091.82
568.49	5736.65
568.83	5439.40
569.17	6857.77
569.50	7662.91
569.84	10626.03
570.18	7681.64
570.51	11016.90
570.85	6736.06
571.19	6431.79
571.52	5741.33
571.86	7372.69
572.20	6291.36
572.53	10635.39
572.87	5830.27
573.21	5563.45
573.54	5411.32
573.88	7543.55
574.21	7309.49
574.55	6932.67
574.89	6274.98
575.22	8798.07
575.56	6047.94
575.89	6057.31
576.23	6942.03
576.57	7801.01
576.90	5954.32
577.24	7239.28
577.57	5563.45
577.91	7676.96
578.24	5277.91
578.58	6654.14
578.91	8077.19
579.25	5778.78
579.59	7136.29
579.92	6778.19
580.26	5458.13
580.59	7929.74
580.93	7613.76
581.26	6799.26
581.60	7852.50
581.93	8058.46
582.27	10679.86
582.60	5713.25
582.94	7487.37
583.27	5448.77
583.61	6431.79
583.94	7405.46
584.28	5207.69
584.61	6314.77
584.94	8006.97
585.28	7894.63
585.61	9331.72
585.95	8329.97
586.28	11211.17
586.62	12767.62
586.95	7028.63
587.29	11988.22
587.62	9661.73
587.95	5411.32
588.29	7386.73
588.62	8173.15
588.96	8964.25
589.29	6223.48
589.62	6120.50
589.96	6654.14
590.29	6200.08
590.63	5303.65
590.96	8388.48
591.29	8973.61
591.63	9362.14
591.96	5605.58
592.29	6319.45
592.63	6190.72
592.96	7611.42
593.30	11522.46
593.63	7522.48
593.96	5685.16
594.30	6274.98
594.63	7679.30
594.96	12568.68
595.30	7091.82
595.63	6494.99
595.96	5966.03
596.29	7777.60
596.63	6314.77
596.96	8739.56
597.29	8013.99
597.63	5118.75
597.96	10017.49
598.29	9600.88
598.63	9263.84
598.96	5895.81
599.29	6155.61
599.62	9107.02
599.96	6188.38
600.29	6726.70
600.62	5668.78
600.95	6342.85
601.29	6871.81
601.62	7412.48
601.95	6773.51
602.28	5921.56
602.61	43388.85
602.95	7206.51
603.28	11688.64
603.61	5860.70
603.94	9231.07
604.27	5921.56
604.61	8327.63
604.94	7798.66
605.27	7449.93
605.60	5577.50
605.93	6160.29
606.27	8954.89
606.60	5863.04
606.93	5336.42
607.26	10780.51
607.59	6817.98
607.92	9549.39
608.26	6420.09
608.59	5923.90
608.92	6609.67
609.25	5657.07
609.58	7627.81
609.91	8248.05
610.24	13575.11
610.57	7875.90
610.90	9415.98
611.24	5022.79
611.57	5245.14
611.90	8816.80
612.23	6743.08
612.56	8865.95
612.89	8369.76
613.22	8587.43
613.55	5167.90
613.88	9200.65
614.21	5750.70
614.54	7726.11
614.87	5881.77
615.20	4805.12
615.53	9745.99
615.87	5961.34
616.20	7042.67
616.53	10024.51
616.86	6986.50
617.19	8025.70
617.52	6132.20
617.85	6279.66
618.18	5865.38
618.51	6523.07
618.84	8400.18
619.17	6658.82
619.50	10583.90
619.83	10054.94
620.16	8355.71
620.49	6022.20
620.82	13970.66
621.14	10368.57
621.47	7641.85
621.80	9558.75
622.13	7262.68
622.46	14504.30
622.79	8341.67
623.12	5427.70
623.45	9149.15
623.78	8430.61
624.11	5689.84
624.44	7557.59
624.77	5827.93
625.10	5970.71
625.43	5500.26
625.75	7129.27
626.08	5951.98
626.41	5603.24
626.74	9427.68
627.07	6422.43
627.40	11819.71
627.73	6399.02
628.06	5804.53
628.38	4711.50
628.71	8624.87
629.04	9596.20
629.37	9418.32
629.70	7258.00
630.03	5788.14
630.36	9701.52
630.68	8755.94
631.01	6223.48
631.34	10637.73
631.67	6209.44
632.00	4926.83
632.32	8784.03
632.65	9797.48
632.98	7426.52
633.31	6836.70
633.64	9055.53
633.96	5802.19
634.29	10546.45
634.62	7211.19
634.95	7534.18
635.27	7463.97
635.60	8655.30
635.93	7822.07
636.26	7651.21
636.58	6356.90
636.91	6228.17
637.24	5907.51
637.57	7246.30
637.89	8250.39
638.22	6186.04
638.55	7229.91
638.87	7445.24
639.20	8554.66
639.53	8138.04
639.86	6146.25
640.18	5713.25
640.51	7126.93
640.84	7709.72
641.16	5474.51
641.49	7793.98
641.82	5666.44
642.14	5675.80
642.47	13776.39
642.80	6764.15
643.12	9100.00
643.45	6686.91
643.78	7094.16
644.10	5987.09
644.43	6946.71
644.75	10066.64
645.08	5179.61
645.41	8009.31
645.73	5673.46
646.06	14991.13
646.39	9055.53
646.71	6106.46
647.04	5818.57
647.36	5053.22
647.69	8446.99
648.01	7201.83
648.34	5989.43
648.67	9394.91
648.99	10153.24
649.32	5923.90
649.64	5273.23
649.97	4910.44
650.29	5383.23
650.62	14263.22
650.94	7124.59
651.27	10979.45
651.59	6731.38
651.92	6186.04
652.25	10377.94
652.57	5614.95
652.90	5795.17
653.22	7445.24
653.55	7456.95
653.87	4868.31
654.20	7166.72
654.52	10707.95
654.84	6715.00
655.17	7981.23
655.49	10974.77
655.82	6361.58
656.14	7672.28
656.47	10984.13
656.79	11304.79
657.12	6490.31
657.44	6361.58
657.77	8777.01
658.09	7468.65
658.41	6820.32
658.74	8386.14
659.06	5547.07
659.39	6722.02
659.71	6118.16
660.03	6904.58
660.36	6530.09
660.68	9783.44
661.01	13043.81
661.33	10368.57
661.65	6132.20
661.98	13743.63
662.30	13699.16
662.63	7140.97
662.95	6520.73
663.27	6031.56
663.60	5432.38
663.92	6686.91
664.24	6689.25
664.57	5706.23
664.89	6059.65
665.21	6204.76
665.54	9289.59
665.86	7208.85
666.18	7424.18
666.51	10118.14
666.83	6459.88
667.15	14897.51
667.47	9387.89
667.80	8105.28
668.12	5968.37
668.44	7332.90
668.77	8849.57
669.09	9905.15
669.41	8833.18
669.73	5303.65
670.06	6991.18
670.38	6630.74
670.70	5324.72
671.02	8224.64
671.35	6483.28
671.67	10359.21
671.99	6621.38
672.31	10073.67
672.63	7737.81
672.96	10963.07
673.28	6342.85
673.60	7346.94
673.92	7248.64
674.24	5832.62
674.57	6115.82
674.89	9703.86
675.21	6614.35
675.53	9135.11
675.85	9696.84
676.17	9968.34
676.50	5827.93
676.82	9769.40
677.14	7307.15
677.46	14291.31
677.78	5270.89
678.10	9193.62
678.42	6932.67
678.75	6253.91
679.07	5621.97
679.39	7187.79
679.71	6377.96
680.03	6310.08
680.35	6401.37
680.67	6581.59
680.99	6057.31
681.31	5727.29
681.63	7964.84
681.96	10068.98
682.28	6326.47
682.60	7187.79
682.92	8341.67
683.24	5738.99
683.56	8613.17
683.88	6038.58
684.20	6703.29
684.52	6321.79
684.84	6251.57
685.16	6916.28
685.48	8737.22
685.80	7716.75
686.12	8423.59
686.44	11786.94
686.76	6768.83
687.08	5371.53
687.40	5788.14
687.72	9231.07
688.04	6115.82
688.36	14410.68
688.68	10696.25
689.00	8058.46
689.32	6612.01
689.64	6359.24
689.96	6850.75
690.28	9554.07
690.60	10040.90
690.92	6040.92
691.24	8437.63
691.56	6619.04
691.88	6745.42
692.19	5743.67
692.51	9055.53
692.83	7908.67
693.15	8980.64
693.47	7957.82
693.79	7517.80
694.11	9401.93
694.43	8697.43
694.75	7023.95
695.06	7552.91
695.38	10029.20
695.70	7187.79
696.02	7281.41
696.34	6424.77
696.66	6314.77
696.98	5123.43
697.29	7026.29
697.61	11005.20
697.93	9809.19
698.25	39363.13
698.57	8170.81
698.89	5462.81
699.20	6736.06
699.52	10860.09
699.84	5018.11
700.16	6726.70
700.48	10373.25
700.79	5781.12
701.11	11592.67
701.43	9139.79
701.75	6497.33
702.07	6691.59
702.38	11712.04
702.70	5877.09
703.02	5834.96
703.34	8521.89
703.65	7489.71
703.97	6925.65
704.29	5228.76
704.61	5731.97
704.92	9041.49
705.24	6630.74
705.56	9156.18
705.87	9717.90
706.19	7108.21
706.51	6867.13
706.82	9921.53
707.14	6012.84
707.46	5254.50
707.78	5923.90
708.09	8271.45
708.41	9390.23
708.73	7655.89
709.04	10090.05
709.36	6478.60
709.68	7073.10
709.99	12786.35
710.31	10111.11
710.62	7344.60
710.94	6504.35
711.26	7934.42
711.57	6647.12
711.89	5703.89
712.21	14918.57
712.52	7105.87
712.84	10443.47
713.15	7585.68
713.47	9181.92
713.79	5575.16
714.10	6106.46
714.42	6773.51
714.73	10609.65
715.05	5416.00
715.36	5710.91
715.68	5975.39
715.99	6609.67
716.31	9635.99
716.63	8435.29
716.94	9261.50
717.26	19456.87
717.57	9167.88
717.89	11433.52
718.20	6092.41
718.52	9472.15
718.83	6972.46
719.15	14626.01
719.46	14111.09
719.78	7793.98
720.09	7026.29
720.41	5837.30
720.72	5582.18
721.04	5788.14
721.35	6899.90
721.67	6726.70
721.98	6698.61
722.29	6523.07
722.61	6424.77
722.92	5100.03
723.24	6871.81
723.55	7414.82
723.87	7620.78
724.18	8578.06
724.50	5589.20
724.81	7052.03
725.12	7159.70
725.44	8245.71
725.75	7403.11
726.07	10389.64
726.38	8245.71
726.69	6628.40
727.01	8767.65
727.32	8702.11
727.63	6586.27
727.95	10546.45
728.26	6401.37
728.58	8833.18
728.89	6370.94
729.20	7222.89
729.52	5987.09
729.83	13528.30
730.14	8486.78
730.46	7489.71
730.77	9769.40
731.08	8566.36
731.39	6696.27
731.71	7236.94
732.02	9135.11
732.33	7157.36
732.65	6747.76
732.96	10881.15
733.27	9233.41
733.59	14038.53
733.90	9568.11
734.21	5720.27
734.52	6448.18
734.84	16676.32
735.15	6600.31
735.46	6677.55
735.77	7454.61
736.09	6946.71
736.40	10815.62
736.71	8919.78
737.02	5488.56
737.33	6663.51
737.65	6832.02
737.96	7365.67
738.27	7583.34
738.58	13217.01
738.89	8580.40
739.21	6361.58
739.52	5163.22
739.83	8526.57
740.14	6080.71
740.45	7218.21
740.76	6534.78
741.08	5533.03
741.39	6993.52
741.70	6590.95
742.01	7763.56
742.32	9949.62
742.63	7716.75
742.94	6097.10
743.26	8446.99
743.57	8114.64
743.88	9174.90
744.19	7908.67
744.50	6864.79
744.81	12505.48
745.12	7054.37
745.43	7061.40
745.74	15466.26
746.05	11279.04
746.36	5121.09
746.67	12161.42
746.99	6733.72
747.30	8367.42
747.61	6399.02
747.92	7674.62
748.23	9963.66
748.54	6789.89
748.85	6890.54
749.16	7578.65
749.47	6113.48
749.78	6518.39
750.09	6644.78
750.40	8067.83
750.71	7714.41
751.02	8582.74
751.33	7056.72
751.64	7953.14
751.95	7218.21
752.26	8446.99
752.57	8627.21
752.88	6693.93
753.19	7190.13
753.50	11508.41
753.81	7131.61
754.11	7391.41
754.42	16812.07
754.73	7861.86
755.04	7936.76
755.35	7728.45
755.66	13598.51
755.97	5715.59
756.28	5888.79
756.59	8613.17
756.90	17245.07
757.21	8187.19
757.52	10944.34
757.82	8184.85
758.13	6434.13
758.44	9902.81
758.75	8514.87
759.06	6298.38
759.37	5872.40
759.68	8016.33
759.98	6422.43
760.29	8692.75
760.60	7681.64
760.91	5427.70
761.22	7019.27
761.53	7576.31
761.83	6094.76
762.14	7499.08
762.45	6478.60
762.76	5710.91
763.07	8236.35
763.37	15932.03
763.68	11344.58
763.99	13179.56
764.30	11854.81
764.60	6403.71
764.91	10022.17
765.22	7466.31
765.53	13345.73
765.84	8095.91
766.14	6925.65
766.45	5453.45
766.76	11080.10
767.06	11875.88
767.37	6904.58
767.68	7241.62
767.99	6984.16
768.29	6333.49
768.60	7316.51
768.91	9891.10
769.21	13144.45
769.52	10918.60
769.83	7138.63
770.13	7335.24
770.44	6764.15
770.75	8821.48
771.05	7150.34
771.36	8851.91
771.67	7602.06
771.97	6913.94
772.28	6935.01
772.59	7723.77
772.89	9249.80
773.20	6387.32
773.51	6469.24
773.81	11609.06
774.12	6050.28
774.42	7220.55
774.73	6186.04
775.04	6171.99
775.34	21245.04
775.65	8273.79
775.95	12468.03
776.26	8299.54
776.56	6555.84
776.87	8423.59
777.18	65535.00
777.48	17558.70
777.79	7611.42
778.09	10796.89
778.40	6825.00
778.70	6712.66
779.01	10691.57
779.31	7707.38
779.62	6710.32
779.92	9116.39
780.23	8662.32
780.53	5516.64
780.84	7080.12
781.14	6525.41
781.45	6492.65
781.75	9851.31
782.06	6171.99
782.36	8175.49
782.67	5942.62
782.97	6183.70
783.28	13282.54
783.58	6817.98
783.89	6630.74
784.19	8561.68
784.49	12643.57
784.80	7026.29
785.10	12889.33
785.41	6097.10
785.71	8697.43
786.02	8482.10
786.32	14441.11
786.62	9301.29
786.93	11779.92
787.23	6794.58
787.54	6869.47
787.84	13612.56
788.14	8486.78
788.45	8512.53
788.75	6731.38
789.05	5949.64
789.36	7187.79
789.66	13785.76
789.96	9125.75
790.27	7346.94
790.57	7325.88
790.87	6160.29
791.18	6848.41
791.48	6230.51
791.78	8631.90
792.09	8692.75
792.39	6476.26
792.69	9750.67
793.00	8411.89
793.30	8798.07
793.60	5692.18
793.90	5364.51
794.21	8491.46
794.51	16889.31
794.81	10569.86
795.11	7375.03
795.42	6434.13
795.72	11358.62
796.02	9172.56
796.32	8489.12
796.63	8435.29
796.93	10122.82
797.23	9130.43
797.53	7850.16
797.84	6197.74
798.14	6209.44
798.44	8109.96
798.74	8643.60
799.04	8145.06
799.34	5905.17
799.65	15889.90
799.95	7688.66
800.25	7000.54
800.55	6963.09
800.85	8056.12
801.15	6181.35
801.46	7211.19
801.76	17680.41
802.06	6647.12
802.36	8229.32
802.66	6677.55
802.96	9107.02
803.26	10672.84
803.56	13142.11
803.87	16053.73
804.17	7215.87
804.47	9605.56
804.77	10394.32
805.07	10780.51
805.37	9530.66
805.67	8959.57
805.97	7000.54
806.27	7379.71
806.57	6731.38
806.87	11545.86
807.17	7918.03
807.47	11257.98
807.77	10970.09
808.07	6700.95
808.37	11470.97
808.67	7761.22
808.98	15147.95
809.28	7016.93
809.58	15714.36
809.88	10338.15
810.18	14471.53
810.47	7080.12
810.77	5940.28
811.07	9170.22
811.37	8423.59
811.67	6169.65
811.97	5301.31
812.27	6122.84
812.57	5411.32
812.87	6478.60
813.17	6265.61
813.47	6251.57
813.77	6841.39
814.07	6607.33
814.37	9884.08
814.67	6480.94
814.97	7119.91
815.27	6230.51
815.56	8730.20
815.86	11089.46
816.16	7908.67
816.46	5935.60
816.76	6282.00
817.06	10340.49
817.36	12521.87
817.66	7602.06
817.95	6054.97
818.25	8245.71
818.55	10256.23
818.85	9273.20
819.15	6630.74
819.45	12910.40
819.75	7321.20
820.04	7878.24
820.34	15508.39
820.64	9809.19
820.94	12210.57
821.24	6925.65
821.53	7508.44
821.83	6665.85
822.13	5912.19
822.43	6920.96
822.72	5701.54
823.02	6448.18
823.32	6092.41
823.62	8444.65
823.91	14743.03
824.21	5769.42
824.51	8341.67
824.81	6946.71
825.10	5802.19
825.40	9268.52
825.70	7524.82
826.00	12177.81
826.29	6691.59
826.59	8271.45
826.89	6869.47
827.18	7784.62
827.48	6417.75
827.78	5888.79
828.07	7438.22
828.37	9624.28
828.67	8210.60
828.96	7489.71
829.26	6312.42
829.56	10307.72
829.85	6466.90
830.15	8203.58
830.45	5647.71
830.74	12187.17
831.04	9270.86
831.34	10087.71
831.63	13235.73
831.93	9776.42
832.22	9245.12
832.52	7548.23
832.82	5884.11
833.11	5916.87
833.41	6171.99
833.70	6637.76
834.00	10019.83
834.29	7438.22
834.59	5628.99
834.89	8601.47
835.18	6958.41
835.48	12655.28
835.77	8931.48
836.07	9018.08
836.36	8870.63
836.66	10029.20
836.95	7349.28
837.25	6377.96
837.54	8709.13
837.84	6764.15
838.13	7913.35
838.43	6321.79
838.72	13614.90
839.02	10558.16
839.31	6174.33
839.61	10501.98
839.90	5591.54
840.20	7506.10
840.49	5879.43
840.78	8215.28
841.08	9081.28
841.37	6775.85
841.67	5987.09
841.96	8779.35
842.26	7850.16
842.55	5619.63
842.84	6160.29
843.14	9914.51
843.43	5626.65
843.73	7213.53
844.02	5825.59
844.31	6916.28
844.61	6612.01
844.90	8315.92
845.20	7531.84
845.49	5249.82
845.78	6679.89
846.08	5905.17
846.37	4950.23
846.66	8463.38
846.96	8870.63
847.25	8346.35
847.54	5612.60
847.84	6164.97
848.13	7052.03
848.42	9750.67
848.72	6282.00
849.01	8945.53
849.30	6408.39
849.59	6242.21
849.89	6450.52
850.18	11887.58
850.47	6038.58
850.76	15761.17
851.06	14085.34
851.35	8493.80
851.64	9577.47
851.93	7683.98
852.23	17877.01
852.52	6927.99
852.81	6593.29
853.10	7290.77
853.40	5439.40
853.69	5467.49
853.98	7169.06
854.27	9654.71
854.56	6717.34
854.86	8540.61
855.15	7618.44
855.44	7990.59
855.73	5320.04
856.02	6539.46
856.31	9294.27
856.61	8294.86
856.90	6829.68
857.19	5783.46
857.48	5486.22
857.77	5954.32
858.06	4903.42
858.35	5523.66
858.65	11342.24
858.94	9186.60
859.23	7197.15
859.52	9053.19
859.81	11564.59
860.10	6384.98
860.39	8971.27
860.68	7536.52
860.97	6073.69
861.26	6298.38
861.55	11934.39
861.85	7389.07
862.14	9027.45
862.43	9296.61
862.72	9352.78
863.01	5720.27
863.30	6874.15
863.59	7229.91
863.88	6930.33
864.17	6878.83
864.46	5741.33
864.75	14157.90
865.04	7524.82
865.33	5680.48
865.62	10387.30
865.91	6363.92
866.20	8709.13
866.49	6595.63
866.78	6956.07
867.07	6534.78
867.36	9956.64
867.65	9565.77
867.93	8617.85
868.22	7637.17
868.51	6935.01
868.80	7391.41
869.09	6890.54
869.38	6057.31
869.67	12039.72
869.96	12039.72
870.25	12039.72
