178.76	1703.91
179.14	1703.91
179.52	1703.91
179.90	1626.67
180.28	11190.10
180.66	6321.79
181.04	8283.16
181.42	7470.99
181.80	6244.55
182.18	10890.51
182.55	5816.23
182.93	7531.84
183.31	7197.15
183.69	7927.39
184.07	8339.33
184.45	7075.44
184.83	7499.08
185.21	6642.44
185.59	6979.48
185.97	16898.67
186.35	12194.19
186.72	7061.40
187.10	7349.28
187.48	11871.20
187.86	9284.91
188.24	6745.42
188.62	6200.08
189.00	11194.78
189.38	8175.49
189.75	7611.42
190.13	8088.89
190.51	6401.37
190.89	15438.17
191.27	21558.67
191.65	7140.97
192.03	8067.83
192.40	10494.96
192.78	7782.28
193.16	9104.68
193.54	12451.65
193.92	10944.34
194.30	6827.34
194.67	9533.00
195.05	8580.40
195.43	7417.16
195.81	7066.08
196.19	11119.89
196.56	7918.03
196.94	7480.35
197.32	11864.18
197.70	6754.79
198.08	8791.05
198.45	6857.77
198.83	7758.88
199.21	6930.33
199.59	12568.68
199.97	8362.73
200.34	5893.47
200.72	6642.44
201.10	14368.55
201.48	10251.55
201.85	6415.41
202.23	6956.07
202.61	6661.16
202.99	16299.49
203.36	6485.62
203.74	9401.93
204.12	7328.22
204.49	6609.67
204.87	8919.78
205.25	7335.24
205.63	5839.64
206.00	6459.88
206.38	8053.78
206.76	10022.17
207.14	6740.74
207.51	6057.31
207.89	11171.38
208.27	6476.26
208.64	5547.07
209.02	6733.72
209.40	7094.16
209.77	5708.57
210.15	15807.98
210.53	5799.85
210.90	11550.54
211.28	6282.00
211.66	12475.06
212.03	6623.72
212.41	5921.56
212.79	7260.34
213.16	6270.30
213.54	7892.29
213.92	8102.93
214.29	5696.86
214.67	6736.06
215.05	6946.71
215.42	9467.47
215.80	6956.07
216.17	6923.30
216.55	7728.45
216.93	5877.09
217.30	9252.14
217.68	6387.32
218.05	6853.09
218.43	6604.99
218.81	6843.73
219.18	11321.17
219.56	6700.95
219.93	6602.65
220.31	6722.02
220.69	5989.43
221.06	6340.51
221.44	7789.30
221.81	6260.93
222.19	5825.59
222.56	6253.91
222.94	7047.35
223.32	7627.81
223.69	6352.21
224.07	9041.49
224.44	12823.80
224.82	7728.45
225.19	8702.11
225.57	7625.47
225.94	6829.68
226.32	7550.57
226.69	12503.14
227.07	8753.60
227.44	6862.45
227.82	8051.44
228.19	7087.14
228.57	8688.07
228.94	12079.50
229.32	9916.85
229.69	9139.79
230.07	6920.96
230.44	6303.06
230.82	11227.55
231.19	9795.14
231.57	5708.57
231.94	5951.98
232.32	9345.76
232.69	6958.41
233.07	7566.95
233.44	8454.02
233.82	7171.40
234.19	7585.68
234.57	10235.16
234.94	6490.31
235.31	6841.39
235.69	7206.51
236.06	7665.25
236.44	8765.31
236.81	5947.30
237.19	8023.36
237.56	11843.11
237.93	6544.14
238.31	7829.09
238.68	7014.59
239.06	7716.75
239.43	8952.55
239.81	8245.71
240.18	6176.67
240.55	6415.41
240.93	12945.50
241.30	7871.22
241.67	7236.94
242.05	8828.50
242.42	9841.95
242.80	5916.87
243.17	7948.46
243.54	7833.77
243.92	9444.06
244.29	7225.23
244.66	7815.05
245.04	10352.19
245.41	16500.78
245.78	5982.41
246.16	6946.71
246.53	8819.14
246.90	7208.85
247.28	13247.43
247.65	7136.29
248.02	7290.77
248.40	10024.51
248.77	7641.85
249.14	8587.43
249.52	7061.40
249.89	8856.59
250.26	6370.94
250.64	7674.62
251.01	15833.72
251.38	5797.51
251.75	7524.82
252.13	7045.01
252.50	9235.75
252.87	13642.98
253.25	6003.47
253.62	8210.60
253.99	6024.54
254.36	9675.77
254.74	6682.23
255.11	6209.44
255.48	5675.80
255.85	14548.77
256.23	5827.93
256.60	5500.26
256.97	7098.84
257.34	8283.16
257.71	7665.25
258.09	6459.88
258.46	7887.61
258.83	11494.37
259.20	10017.49
259.58	7325.88
259.95	7286.09
260.32	9610.24
260.69	6099.44
261.06	11044.99
261.44	6277.32
261.81	13563.40
262.18	8084.21
262.55	6539.46
262.92	7410.14
263.29	6595.63
263.67	5837.30
264.04	6558.18
264.41	6876.49
264.78	6520.73
265.15	10373.25
265.52	12704.43
265.90	7545.89
266.27	6469.24
266.64	5879.43
267.01	5507.28
267.38	8184.85
267.75	6200.08
268.12	5380.89
268.50	7122.25
268.87	6377.96
269.24	6223.48
269.61	7819.73
269.98	8425.93
270.35	8107.62
270.72	6228.17
271.09	7040.33
271.46	6696.27
271.83	8147.40
272.21	9261.50
272.58	6125.18
272.95	6415.41
273.32	7384.39
273.69	7281.41
274.06	5652.39
274.43	6387.32
274.80	7220.55
275.17	7995.27
275.54	11693.32
275.91	7330.56
276.28	7478.01
276.65	7768.24
277.02	11414.79
277.39	6274.98
277.76	6186.04
278.13	8510.19
278.50	8823.82
278.87	10497.30
279.24	9430.02
279.61	8594.45
279.98	10029.20
280.35	6459.88
280.72	7604.40
281.09	7370.35
281.46	7665.25
281.83	6392.00
282.20	8142.72
282.57	6663.51
282.94	8133.36
283.31	6576.91
283.68	7901.65
284.05	5785.80
284.42	5294.29
284.79	7822.07
285.16	8697.43
285.53	7318.86
285.90	7379.71
286.27	15044.96
286.64	5687.50
287.01	6466.90
287.38	8594.45
287.75	59606.42
288.12	8596.79
288.49	17114.00
288.86	6076.03
289.23	6143.91
289.59	6324.13
289.96	6157.95
290.33	6438.81
290.70	6696.27
291.07	8578.06
291.44	8079.53
291.81	6080.71
292.18	7503.76
292.55	6789.89
292.91	12842.52
293.28	8381.46
293.65	11140.95
294.02	7934.42
294.39	5731.97
294.76	7162.04
295.13	7403.11
295.50	7211.19
295.86	7152.68
296.23	6626.06
296.60	6050.28
296.97	6548.82
297.34	7314.17
297.71	9022.77
298.07	7363.33
298.44	5427.70
298.81	8028.04
299.18	7637.17
299.55	10883.49
299.91	6923.30
300.28	7541.21
300.65	5589.20
301.02	7798.66
301.39	8411.89
301.75	13930.87
302.12	8379.12
302.49	7295.45
302.86	10619.01
303.23	7283.75
303.59	6040.92
303.96	17387.84
304.33	9748.33
304.70	15253.27
305.06	6691.59
305.43	10193.03
305.80	8404.86
306.17	9364.48
306.53	6560.52
306.90	9764.72
307.27	7508.44
307.64	11037.97
308.00	6555.84
308.37	6581.59
308.74	12318.24
309.11	9116.39
309.47	6387.32
309.84	5778.78
310.21	7211.19
310.57	7559.93
310.94	6815.64
311.31	7276.73
311.67	7866.54
312.04	5647.71
312.41	9895.78
312.77	8269.11
313.14	6392.00
313.51	7094.16
313.87	6626.06
314.24	6579.25
314.61	6518.39
314.97	6736.06
315.34	7461.63
315.71	5640.69
316.07	9071.92
316.44	5975.39
316.81	9067.24
317.17	6317.11
317.54	16027.99
317.91	6560.52
318.27	5521.32
318.64	6876.49
319.00	9062.55
319.37	5657.07
319.74	9404.27
320.10	9830.25
320.47	6806.28
320.83	11302.45
321.20	7056.72
321.57	6033.90
321.93	6579.25
322.30	7754.19
322.66	6317.11
323.03	8903.40
323.40	8140.38
323.76	6558.18
324.13	6410.73
324.49	5523.66
324.86	19073.03
325.22	7522.48
325.59	6974.80
325.95	8013.99
326.32	9589.17
326.68	9060.21
327.05	7213.53
327.42	6139.23
327.78	6565.20
328.15	9561.09
328.51	6469.24
328.88	8777.01
329.24	11426.50
329.61	7337.58
329.97	8751.26
330.34	6420.09
330.70	7424.18
331.07	10752.42
331.43	8327.63
331.80	13462.76
332.16	10509.01
332.52	6204.76
332.89	8449.33
333.25	5589.20
333.62	12472.71
333.98	7321.20
334.35	7063.74
334.71	7475.67
335.08	5877.09
335.44	12336.96
335.81	12046.74
336.17	10312.40
336.53	7344.60
336.90	6099.44
337.26	8599.13
337.63	9544.70
337.99	7779.94
338.36	6057.31
338.72	9217.03
339.08	7583.34
339.45	5982.41
339.81	9589.17
340.18	6846.07
340.54	10569.86
340.90	6532.44
341.27	7066.08
341.63	8432.95
341.99	5390.25
342.36	10455.17
342.72	6239.87
343.09	10705.61
343.45	6384.98
343.81	10934.98
344.18	5785.80
344.54	7190.13
344.90	8042.08
345.27	7426.52
345.63	6967.77
345.99	8891.70
346.36	7309.49
346.72	6106.46
347.08	6162.63
347.45	5516.64
347.81	10003.45
348.17	7648.87
348.54	5741.33
348.90	9144.47
349.26	9930.89
349.62	10883.49
349.99	5535.37
350.35	5263.86
350.71	7948.46
351.08	7386.73
351.44	5228.76
351.80	13694.47
352.16	11868.86
352.53	6171.99
352.89	8699.77
353.25	11272.02
353.61	6740.74
353.98	8823.82
354.34	10249.21
354.70	6612.01
355.06	5334.08
355.43	7412.48
355.79	6998.20
356.15	6778.19
356.51	5984.75
356.88	6235.19
357.24	6876.49
357.60	5687.50
357.96	5390.25
358.32	15707.34
358.69	5511.96
359.05	8107.62
359.41	7597.38
359.77	6043.26
360.13	6239.87
360.49	6221.14
360.86	8919.78
361.22	11426.50
361.58	7789.30
361.94	11183.08
362.30	6015.18
362.66	8538.27
363.03	5355.15
363.39	5516.64
363.75	6436.47
364.11	10209.42
364.47	6279.66
364.83	10820.30
365.19	7562.27
365.56	8926.80
365.92	5518.98
366.28	8837.86
366.64	10120.48
367.00	5547.07
367.36	5598.56
367.72	9989.41
368.08	9593.86
368.44	6490.31
368.80	8341.67
369.17	6602.65
369.53	7028.63
369.89	6019.86
370.25	6050.28
370.61	6293.70
370.97	10913.92
371.33	6530.09
371.69	12889.33
372.05	8358.05
372.41	5839.64
372.77	6703.29
373.13	7705.04
373.49	5224.08
373.85	8191.88
374.21	7681.64
374.57	5811.55
374.93	8821.48
375.29	9430.02
375.65	7623.12
376.01	7424.18
376.37	10504.32
376.73	8662.32
377.09	5774.10
377.45	10127.50
377.81	6920.96
378.17	5975.39
378.53	5249.82
378.89	8421.25
379.25	11276.70
379.61	14593.24
379.97	9692.16
380.33	6600.31
380.69	6230.51
381.05	5865.38
381.41	9142.13
381.77	7173.74
382.13	7927.39
382.49	15068.37
382.85	7480.35
383.21	9029.79
383.57	5465.15
383.93	10972.43
384.28	5401.96
384.64	6621.38
385.00	7672.28
385.36	7353.96
385.72	9289.59
386.08	6026.88
386.44	9008.72
386.80	9114.05
387.16	11005.20
387.52	9898.13
387.87	13851.29
388.23	8189.53
388.59	6244.55
388.95	5556.43
389.31	6841.39
389.67	6988.84
390.03	6441.15
390.38	6640.10
390.74	5046.20
391.10	9540.02
391.46	7676.96
391.82	6153.27
392.18	8292.52
392.54	5100.03
392.89	5699.20
393.25	8564.02
393.61	5713.25
393.97	5589.20
394.33	8046.76
394.68	6782.87
395.04	5514.30
395.40	7360.98
395.76	9401.93
396.12	7536.52
396.47	5926.24
396.83	7220.55
397.19	5657.07
397.55	5933.26
397.90	7468.65
398.26	7290.77
398.62	5755.38
398.98	4973.64
399.33	6881.18
399.69	24922.02
400.05	8505.51
400.41	5827.93
400.76	8844.88
401.12	10216.44
401.48	7777.60
401.84	6015.18
402.19	6534.78
402.55	7793.98
402.91	7379.71
403.26	5462.81
403.62	8636.58
403.98	7258.00
404.34	4905.76
404.69	7183.10
405.05	9277.88
405.41	14497.28
405.76	6008.16
406.12	6054.97
406.48	7014.59
406.83	6129.86
407.19	8505.51
407.55	7999.95
407.90	14534.73
408.26	8592.11
408.62	9385.55
408.97	7222.89
409.33	5589.20
409.68	5954.32
410.04	7789.30
410.40	6076.03
410.75	8234.00
411.11	5980.07
411.47	7782.28
411.82	6677.55
412.18	7431.20
412.53	6754.79
412.89	6141.57
413.25	6869.47
413.60	7309.49
413.96	5359.83
414.31	6436.47
414.67	7407.80
415.03	5270.89
415.38	5874.74
415.74	6553.50
416.09	6665.85
416.45	8737.22
416.80	6171.99
417.16	8617.85
417.51	6963.09
417.87	6485.62
418.23	7922.71
418.58	8386.14
418.94	5078.96
419.29	6160.29
419.65	7850.16
420.00	9205.33
420.36	8449.33
420.71	8322.94
421.07	5591.54
421.42	7321.20
421.78	9359.80
422.13	6722.02
422.49	5446.43
422.84	7243.96
423.20	5132.79
423.55	5645.37
423.91	5582.18
424.26	14422.38
424.61	8444.65
424.97	11513.10
425.32	6045.60
425.68	6888.20
426.03	7747.17
426.39	10150.90
426.74	10157.92
427.10	9502.58
427.45	6207.10
427.80	7822.07
428.16	6991.18
428.51	7066.08
428.87	7875.90
429.22	9678.12
429.58	10406.02
429.93	10354.53
430.28	6118.16
430.64	6312.42
430.99	5270.89
431.35	7559.93
431.70	6700.95
432.05	6792.23
432.41	8475.08
432.76	7908.67
433.11	8154.43
433.47	7859.52
433.82	10897.53
434.17	8133.36
434.53	7887.61
434.88	14087.68
435.24	7826.75
435.59	7290.77
435.94	5706.23
436.30	8421.25
436.65	6427.11
437.00	9729.61
437.35	16580.36
437.71	6768.83
438.06	6431.79
438.41	6258.59
438.77	8016.33
439.12	5329.40
439.47	4837.89
439.83	7805.69
440.18	5238.12
440.53	6583.93
440.88	12655.28
441.24	8777.01
441.59	5827.93
441.94	6586.27
442.30	8259.75
442.65	13027.42
443.00	7279.07
443.35	10757.10
443.71	6768.83
444.06	9640.67
444.41	8322.94
444.76	11651.19
445.11	7178.42
445.47	10427.09
445.82	9249.80
446.17	5886.45
446.52	10335.81
446.88	7321.20
447.23	5308.34
447.58	7927.39
447.93	6071.35
448.28	30649.32
448.63	11115.20
448.99	7070.76
449.34	8552.32
449.69	8997.02
450.04	6286.68
450.39	6125.18
450.74	7342.26
451.10	7096.50
451.45	7403.11
451.80	7751.85
452.15	10225.80
452.50	8311.24
452.85	10113.45
453.21	9142.13
453.56	7992.93
453.91	6902.24
454.26	7569.29
454.61	5881.77
454.96	8496.14
455.31	6820.32
455.66	6457.54
456.01	8056.12
456.36	6523.07
456.72	6052.63
457.07	7948.46
457.42	10747.74
457.77	9348.10
458.12	5940.28
458.47	7452.27
458.82	9809.19
459.17	7328.22
459.52	7311.83
459.87	12311.22
460.22	5947.30
460.57	7227.57
460.92	6136.88
461.27	8297.20
461.62	6612.01
461.97	5872.40
462.32	12486.76
462.67	11201.80
463.02	14064.28
463.38	13797.46
463.73	8990.00
464.08	12760.60
464.43	7648.87
464.78	5755.38
465.12	8477.42
465.47	8924.46
465.82	28608.37
466.17	6621.38
466.52	8819.14
466.87	6469.24
467.22	6134.54
467.57	5331.74
467.92	7974.21
468.27	11302.45
468.62	15529.45
468.97	6911.60
469.32	4905.76
469.67	16313.53
470.02	14518.34
470.37	6127.52
470.72	7688.66
471.07	5488.56
471.42	6764.15
471.76	6927.99
472.11	6885.86
472.46	8760.63
472.81	15276.68
473.16	6197.74
473.51	6003.47
473.86	5313.02
474.21	6825.00
474.56	6548.82
474.90	6349.87
475.25	10146.22
475.60	9020.42
475.95	6256.25
476.30	11449.90
476.65	10576.88
477.00	15550.52
477.34	11674.59
477.69	5792.83
478.04	9696.84
478.39	7447.58
478.74	5998.79
479.09	6125.18
479.43	7087.14
479.78	4994.70
480.13	12498.46
480.48	10640.08
480.83	7421.84
481.17	5493.24
481.52	7311.83
481.87	6658.82
482.22	12156.74
482.57	6970.12
482.91	9451.08
483.26	7988.25
483.61	6621.38
483.96	7634.83
484.30	65535.00
484.65	6431.79
485.00	5900.49
485.35	6977.14
485.69	6071.35
486.04	6729.04
486.39	7838.45
486.74	7777.60
487.08	5390.25
487.43	8201.24
487.78	5074.28
488.12	8451.67
488.47	6216.46
488.82	10733.70
489.17	6036.24
489.51	5324.72
489.86	8266.77
490.21	5156.20
490.55	7962.50
490.90	5453.45
491.25	6689.25
491.59	5610.26
491.94	13172.54
492.29	6384.98
492.63	7185.44
492.98	4727.88
493.33	7515.46
493.67	6298.38
494.02	5703.89
494.37	5533.03
494.71	8278.47
495.06	6310.08
495.40	10649.44
495.75	5994.11
496.10	10675.18
496.44	7122.25
496.79	8456.36
497.13	6005.81
497.48	14789.85
497.83	10553.48
498.17	8425.93
498.52	5521.32
498.86	8744.24
499.21	6829.68
499.56	5989.43
499.90	6560.52
500.25	5359.83
500.59	7117.57
500.94	7906.33
501.28	8997.02
501.63	9951.96
501.97	6679.89
502.32	5951.98
502.67	8013.99
503.01	5324.72
503.36	6359.24
503.70	6394.34
504.05	8510.19
504.39	9486.19
504.74	6736.06
505.08	11208.83
505.43	4851.93
505.77	5680.48
506.12	7529.50
506.46	6740.74
506.81	5905.17
507.15	5900.49
507.49	6548.82
507.84	5844.32
508.18	7908.67
508.53	7592.70
508.87	7440.56
509.22	6712.66
509.56	65535.00
509.91	19496.66
510.25	7304.81
510.60	5214.71
510.94	9191.28
511.28	4973.64
511.63	9694.50
511.97	7922.71
512.32	9210.01
512.66	5926.24
513.00	7155.02
513.35	9596.20
513.69	5675.80
514.04	8716.16
514.38	9008.72
514.72	7716.75
515.07	5989.43
515.41	6017.52
515.76	6129.86
516.10	7459.29
516.44	8966.59
516.79	6389.66
517.13	5439.40
517.47	9455.76
517.82	7555.25
518.16	7040.33
518.50	7442.90
518.85	7772.92
519.19	10651.78
519.53	14068.96
519.88	9050.85
520.22	6766.49
520.56	7145.66
520.91	5378.55
521.25	5701.54
521.59	7059.06
521.93	7864.20
522.28	6855.43
522.62	7999.95
522.96	9387.89
523.31	6757.13
523.65	8175.49
523.99	8784.03
524.33	11721.40
524.68	8365.07
525.02	5528.35
525.36	7974.21
525.70	5254.50
526.05	6134.54
526.39	5813.89
526.73	8599.13
527.07	7550.57
527.41	10745.40
527.76	5994.11
528.10	6597.97
528.44	8004.63
528.78	7063.74
529.12	8641.26
529.47	6719.68
529.81	9624.28
530.15	9790.46
530.49	8393.16
530.83	5109.39
531.18	5724.95
531.52	6729.04
531.86	5593.88
532.20	7119.91
532.54	9731.95
532.88	4994.70
533.22	6707.98
533.57	6296.04
533.91	9675.77
534.25	5659.42
534.59	11267.34
534.93	8945.53
535.27	5912.19
535.61	6825.00
535.95	11286.06
536.30	5453.45
536.64	7091.82
536.98	4629.58
537.32	6635.42
537.66	5069.60
538.00	8210.60
538.34	8571.04
538.68	8341.67
539.02	12105.25
539.36	6225.82
539.70	5423.02
540.04	6890.54
540.39	20552.24
540.73	5844.32
541.07	7220.55
541.41	7978.89
541.75	7903.99
542.09	10375.59
542.43	8035.06
542.77	7183.10
543.11	7749.51
543.45	7108.21
543.79	9589.17
544.13	6813.30
544.47	6677.55
544.81	5935.60
545.15	8596.79
545.49	6822.66
545.83	5682.82
546.17	6626.06
546.51	4936.19
546.85	6176.67
547.19	11215.85
547.53	5451.11
547.87	8781.69
548.21	12322.92
548.54	7236.94
548.88	6209.44
549.22	5956.66
549.56	5188.97
549.90	6237.53
550.24	7108.21
550.58	5764.74
550.92	10066.64
551.26	6452.86
551.60	11208.83
551.94	6424.77
552.28	6600.31
552.61	8451.67
552.95	6719.68
553.29	6256.25
553.63	7543.55
553.97	11625.44
554.31	9694.50
554.65	10686.89
554.99	10665.82
555.32	6445.84
555.66	8313.58
556.00	4849.59
556.34	6750.10
556.68	7398.43
557.02	9305.97
557.36	7623.12
557.69	7089.48
558.03	6157.95
558.37	12996.99
558.71	15215.82
559.05	10670.50
559.38	11910.99
559.72	5963.68
560.06	8966.59
560.40	8498.49
560.74	10036.22
561.07	8297.20
561.41	9158.52
561.75	8168.47
562.09	6375.62
562.42	9144.47
562.76	8250.39
563.10	7375.03
563.44	25071.82
563.77	7899.31
564.11	8397.84
564.45	9935.57
564.79	8257.41
565.12	7510.78
565.46	7747.17
565.80	7857.18
566.14	7782.28
566.47	9664.07
566.81	5966.03
567.15	7845.48
567.48	8184.85
567.82	8713.81
568.16	7875.90
568.49	6008.16
568.83	5511.96
569.17	7047.35
569.50	7976.55
569.84	11279.04
570.18	8084.21
570.51	11651.19
570.85	7007.56
571.19	6588.61
571.52	6043.26
571.86	9689.82
572.20	6567.54
572.53	11243.93
572.87	6005.81
573.21	5841.98
573.54	5479.19
573.88	7803.35
574.21	7370.35
574.55	7152.68
574.89	6377.96
575.22	9256.82
575.56	6253.91
575.89	6214.12
576.23	6630.74
576.57	8105.28
576.90	6033.90
577.24	7510.78
577.57	5682.82
577.91	7843.14
578.24	5401.96
578.58	6918.62
578.91	8428.27
579.25	6092.41
579.59	7489.71
579.92	6925.65
580.26	5540.05
580.59	8142.72
580.93	7751.85
581.26	6471.58
581.60	8163.79
581.93	8706.79
582.27	11314.15
582.60	5867.72
582.94	7688.66
583.27	5680.48
583.61	6794.58
583.94	7531.84
584.28	5345.78
584.61	6668.19
584.94	8299.54
585.28	8135.70
585.61	8959.57
585.95	8521.89
586.28	11822.05
586.62	13467.44
586.95	7080.12
587.29	12514.84
587.62	15964.79
587.95	5734.31
588.29	7775.26
588.62	8376.78
588.96	9488.53
589.29	6630.74
589.62	6380.30
589.96	6913.94
590.29	6450.52
590.63	5430.04
590.96	8765.31
591.29	9142.13
591.63	9900.47
591.96	5680.48
592.29	6686.91
592.63	6434.13
592.96	7892.29
593.30	11885.24
593.63	7784.62
593.96	6064.33
594.30	6396.68
594.63	8119.32
594.96	12156.74
595.30	7241.62
595.63	6562.86
595.96	6045.60
596.29	8053.78
596.63	6604.99
596.96	8940.85
597.29	8156.77
597.63	5364.51
597.96	10427.09
598.29	9778.76
598.63	9556.41
598.96	6111.14
599.29	6382.64
599.62	6258.59
599.96	6314.77
600.29	6979.48
600.62	5865.38
600.95	6436.47
601.29	7054.37
601.62	7775.26
601.95	7138.63
602.28	6160.29
602.61	20142.65
602.95	7199.49
603.28	12189.51
603.61	6108.80
603.94	9687.48
604.27	5949.64
604.61	8727.86
604.94	8105.28
605.27	7812.71
605.60	5753.04
605.93	6267.95
606.27	9186.60
606.60	6010.50
606.93	5430.04
607.26	11655.87
607.59	7658.23
607.92	10225.80
608.26	6190.72
608.59	6246.89
608.92	6902.24
609.25	5657.07
609.58	7918.03
609.91	8559.34
610.24	13760.01
610.57	8278.47
610.90	9973.02
611.24	5266.21
611.57	5390.25
611.90	9376.19
612.23	6967.77
612.56	9158.52
612.89	8720.84
613.22	8959.57
613.55	5416.00
613.88	9846.63
614.21	5980.07
614.54	8070.17
614.87	6003.47
615.20	4924.49
615.53	10373.25
615.87	6141.57
616.20	7492.05
616.53	10562.84
616.86	7037.99
617.19	8287.84
617.52	6242.21
617.85	6485.62
618.18	6153.27
618.51	6806.28
618.84	8638.92
619.17	6960.75
619.50	10939.66
619.83	10707.95
620.16	8681.05
620.49	6366.26
620.82	14450.47
621.14	10991.16
621.47	7691.00
621.80	10061.96
622.13	7674.62
622.46	15059.01
622.79	8652.96
623.12	5692.18
623.45	9596.20
623.78	8781.69
624.11	5865.38
624.44	7903.99
624.77	5680.48
625.10	6143.91
625.43	5778.78
625.75	7438.22
626.08	6087.73
626.41	5874.74
626.74	7197.15
627.07	6743.08
627.40	12465.69
627.73	6729.04
628.06	6029.22
628.38	4915.12
628.71	8919.78
629.04	10008.13
629.37	9067.24
629.70	7735.47
630.03	6008.16
630.36	9947.28
630.68	9322.35
631.01	6394.34
631.34	11063.71
631.67	6394.34
632.00	5078.96
632.32	9301.29
632.65	10272.61
632.98	7779.94
633.31	7379.71
633.64	9329.38
633.96	5935.60
634.29	10946.69
634.62	7529.50
634.95	7791.64
635.27	7705.04
635.60	8779.35
635.93	8081.87
636.26	8035.06
636.58	6513.71
636.91	6410.73
637.24	6230.51
637.57	7576.31
637.89	8479.76
638.22	6464.56
638.55	7583.34
638.87	7840.79
639.20	8910.42
639.53	8304.22
639.86	6282.00
640.18	6008.16
640.51	7513.12
640.84	7999.95
641.16	5760.06
641.49	7735.47
641.82	5893.47
642.14	5916.87
642.47	14389.61
642.80	7225.23
643.12	9757.69
643.45	7124.59
643.78	7473.33
644.10	6260.93
644.43	7325.88
644.75	10342.83
645.08	5338.76
645.41	8353.37
645.73	6001.13
646.06	15793.94
646.39	9249.80
646.71	6499.67
647.04	6092.41
647.36	5254.50
647.69	8891.70
648.01	7683.98
648.34	6195.40
648.67	10022.17
648.99	10656.46
649.32	6272.64
649.64	5486.22
649.97	4793.42
650.29	5570.48
650.62	14916.23
650.94	7487.37
651.27	11550.54
651.59	7075.44
651.92	6279.66
652.25	8105.28
652.57	5865.38
652.90	6005.81
653.22	7742.49
653.55	7901.65
653.87	4943.21
654.20	7588.02
654.52	11515.44
654.84	6981.82
655.17	8437.63
655.49	11503.73
655.82	6647.12
656.14	7712.07
656.47	8879.99
656.79	11971.84
657.12	6740.74
657.44	6677.55
657.77	9137.45
658.09	7662.91
658.41	7110.55
658.74	8769.99
659.06	5638.35
659.39	7023.95
659.71	6534.78
660.03	7246.30
660.36	6707.98
660.68	10258.57
661.01	13760.01
661.33	11166.70
661.65	6377.96
661.98	14197.69
662.30	10705.61
662.63	7485.03
662.95	6670.53
663.27	6298.38
663.60	5673.46
663.92	7110.55
664.24	6998.20
664.57	5940.28
664.89	6174.33
665.21	6523.07
665.54	9731.95
665.86	7578.65
666.18	7784.62
666.51	10546.45
666.83	6595.63
667.15	15690.95
667.47	9994.09
667.80	8477.42
668.12	6267.95
668.44	7555.25
668.77	9153.84
669.09	10616.67
669.41	9249.80
669.73	5518.98
670.06	7435.88
670.38	6834.36
670.70	5596.22
671.02	8381.46
671.35	6469.24
671.67	10801.57
671.99	6977.14
672.31	10429.43
672.63	8025.70
672.96	11555.22
673.28	6609.67
673.60	7651.21
673.92	7407.80
674.24	5951.98
674.57	6153.27
674.89	10085.37
675.21	6953.73
675.53	9378.53
675.85	10083.03
676.17	10342.83
676.50	6050.28
676.82	10251.55
677.14	7648.87
677.46	15225.18
677.78	5701.54
678.10	9664.07
678.42	7295.45
678.75	6546.48
679.07	5844.32
679.39	7435.88
679.71	6729.04
680.03	6612.01
680.35	6546.48
680.67	6705.63
680.99	6040.92
681.31	5537.71
681.63	8390.82
681.96	10609.65
682.28	6668.19
682.60	6036.24
682.92	8809.78
683.24	5535.37
683.56	8704.45
683.88	6284.34
684.20	6923.30
684.52	6724.36
684.84	6602.65
685.16	6843.73
685.48	9205.33
685.80	8098.25
686.12	9046.17
686.44	12304.20
686.76	7178.42
687.08	5441.75
687.40	5863.04
687.72	9593.86
688.04	7014.59
688.36	15077.73
688.68	11339.90
689.00	7969.52
689.32	6848.41
689.64	6672.87
689.96	7143.32
690.28	10169.63
690.60	10506.66
690.92	6375.62
691.24	8627.21
691.56	6916.28
691.88	7061.40
692.19	6101.78
692.51	9514.28
692.83	8388.48
693.15	9202.99
693.47	8175.49
693.79	7709.72
694.11	10047.92
694.43	8241.03
694.75	7173.74
695.06	7360.98
695.38	10424.75
695.70	7524.82
696.02	7651.21
696.34	6696.27
696.66	6644.78
696.98	5317.70
697.29	7616.10
697.61	11662.89
697.93	10338.15
698.25	14356.85
698.57	8264.43
698.89	5467.49
699.20	7021.61
699.52	11325.85
699.84	5111.73
700.16	7138.63
700.48	11068.39
700.79	5933.26
701.11	12470.37
701.43	9495.55
701.75	6380.30
702.07	6986.50
702.38	12269.09
702.70	6242.21
703.02	6153.27
703.34	8992.34
703.65	7707.38
703.97	6918.62
704.29	5116.41
704.61	5909.85
704.92	9437.04
705.24	6836.70
705.56	9673.43
705.87	10186.01
706.19	7384.39
706.51	5385.57
706.82	10160.27
707.14	6214.12
707.46	5324.72
707.78	6071.35
708.09	8545.30
708.41	10001.11
708.73	7929.74
709.04	10710.29
709.36	6773.51
709.68	7152.68
709.99	13764.69
710.31	10413.04
710.62	7805.69
710.94	6759.47
711.26	8269.11
711.57	6817.98
711.89	5816.23
712.21	15854.79
712.52	7492.05
712.84	10918.60
713.15	7889.95
713.47	9420.66
713.79	5748.36
714.10	6574.56
714.42	7037.99
714.73	11023.92
715.05	5479.19
715.36	5914.53
715.68	6186.04
715.99	6810.96
716.31	9900.47
716.63	8709.13
716.94	9764.72
717.26	20320.53
717.57	9451.08
717.89	11693.32
718.20	6303.06
718.52	8938.51
718.83	7059.06
719.15	15527.11
719.46	14504.30
719.78	7988.25
720.09	7199.49
720.41	6284.34
720.72	5729.63
721.04	5895.81
721.35	7318.86
721.67	7215.87
721.98	6799.26
722.29	6555.84
722.61	6431.79
722.92	5200.67
723.24	6871.81
723.55	7768.24
723.87	7927.39
724.18	9055.53
724.50	5771.76
724.81	7155.02
725.12	7494.40
725.44	8472.74
725.75	7688.66
726.07	11070.73
726.38	8629.56
726.69	6825.00
727.01	9238.09
727.32	8999.36
727.63	6881.18
727.95	11042.65
728.26	6626.06
728.58	9320.01
728.89	6635.42
729.20	7384.39
729.52	6108.80
729.83	13926.19
730.14	8753.60
730.46	7157.36
730.77	10101.75
731.08	9100.00
731.39	7068.42
731.71	7375.03
732.02	9525.98
732.33	7393.75
732.65	7005.22
732.96	11030.94
733.27	9610.24
733.59	14717.29
733.90	9877.06
734.21	5942.62
734.52	6986.50
734.84	18050.21
735.15	6747.76
735.46	6860.11
735.77	7817.39
736.09	7538.87
736.40	11358.62
736.71	9427.68
737.02	5659.42
737.33	6761.81
737.65	7028.63
737.96	7595.04
738.27	8039.74
738.58	13991.72
738.89	8826.16
739.21	6473.92
739.52	5390.25
739.83	8898.72
740.14	6216.46
740.45	7658.23
740.76	6572.22
741.08	5870.06
741.39	7180.76
741.70	6593.29
742.01	7960.16
742.32	10361.55
742.63	7960.16
742.94	6279.66
743.26	8760.63
743.57	8325.29
743.88	9638.33
744.19	8194.22
744.50	6970.12
744.81	12924.44
745.12	7337.58
745.43	7236.94
745.74	15838.41
746.05	11702.68
746.36	5364.51
746.67	12573.36
746.99	7028.63
747.30	8842.54
747.61	6663.51
747.92	8072.51
748.23	10366.23
748.54	7087.14
748.85	6853.09
749.16	7934.42
749.47	6106.46
749.78	7197.15
750.09	6649.46
750.40	8222.30
750.71	7789.30
751.02	8788.71
751.33	7400.77
751.64	8456.36
751.95	7506.10
752.26	8826.16
752.57	9006.38
752.88	7091.82
753.19	7445.24
753.50	10855.40
753.81	7148.00
754.11	7702.70
754.42	17755.30
754.73	7674.62
755.04	8271.45
755.35	8093.57
755.66	14324.08
755.97	5977.73
756.28	5973.05
756.59	8730.20
756.90	17848.93
757.21	8587.43
757.52	11660.55
757.82	8582.74
758.13	6530.09
758.44	10176.65
758.75	8840.20
759.06	6600.31
759.37	6057.31
759.68	8285.50
759.98	6682.23
760.29	8872.97
760.60	8081.87
760.91	5624.31
761.22	7248.64
761.53	7826.75
761.83	6272.64
762.14	7698.02
762.45	6633.08
762.76	5816.23
763.07	8582.74
763.37	16596.74
763.68	11723.74
763.99	13715.54
764.30	12173.13
764.60	6478.60
764.91	10658.80
765.22	8095.91
765.53	13797.46
765.84	8236.35
766.14	7061.40
766.45	5654.73
766.76	11463.94
767.06	12400.16
767.37	7002.88
767.68	7801.01
767.99	7140.97
768.29	6544.14
768.60	7541.21
768.91	10506.66
769.21	13713.20
769.52	11356.28
769.83	7337.58
770.13	7545.89
770.44	7155.02
770.75	9263.84
771.05	7590.36
771.36	9249.80
771.67	7871.22
771.97	6953.73
772.28	7250.98
772.59	7967.18
772.89	9621.94
773.20	6633.08
773.51	6722.02
773.81	12081.85
774.12	6097.10
774.42	7466.31
774.73	6244.55
775.04	6274.98
775.34	22455.10
775.65	8769.99
775.95	13111.68
776.26	8620.19
776.56	6925.65
776.87	8758.28
777.18	65535.00
777.48	18668.11
777.79	7981.23
778.09	11272.02
778.40	7115.23
778.70	6958.41
779.01	11307.13
779.31	7812.71
779.62	7005.22
779.92	9186.60
780.23	8943.19
780.53	5860.70
780.84	7419.50
781.14	6813.30
781.45	6466.90
781.75	9673.43
782.06	6518.39
782.36	8336.99
782.67	6183.70
782.97	6619.04
783.28	13839.59
783.58	7023.95
783.89	6839.05
784.19	8982.98
784.49	13305.95
784.80	7370.35
785.10	13521.27
785.41	6314.77
785.71	8795.73
786.02	8751.26
786.32	14457.49
786.62	9687.48
786.93	12315.90
787.23	6778.19
787.54	7176.08
787.84	13226.37
788.14	9029.79
788.45	5509.62
788.75	10923.28
789.05	6132.20
789.36	7269.70
789.66	14286.63
789.96	9525.98
790.27	7709.72
790.57	7609.08
790.87	6408.39
791.18	6593.29
791.48	6511.37
791.78	8617.85
792.09	9123.41
792.39	6502.01
792.69	9940.26
793.00	8617.85
793.30	9277.88
793.60	6010.50
793.90	5401.96
794.21	8622.53
794.51	17619.55
794.81	11166.70
795.11	7829.09
795.42	6715.00
795.72	11672.25
796.02	9692.16
796.32	8599.13
796.63	8882.33
796.93	10628.37
797.23	9572.79
797.53	8166.13
797.84	10827.32
798.14	6562.86
798.44	8456.36
798.74	8936.17
799.04	8475.08
799.34	6019.86
799.65	16779.30
799.95	8039.74
800.25	7241.62
800.55	7094.16
800.85	8362.73
801.15	6424.77
801.46	7438.22
801.76	18658.75
802.06	6862.45
802.36	9607.90
802.66	6995.86
802.96	9657.05
803.26	11227.55
803.56	13671.07
803.87	17097.61
804.17	7478.01
804.47	10050.26
804.77	10876.47
805.07	11021.58
805.37	9982.38
805.67	9446.40
805.97	7190.13
806.27	7653.55
806.57	6897.56
806.87	11850.13
807.17	8245.71
807.47	11812.68
807.77	11604.38
808.07	6984.16
808.37	12152.06
808.67	8126.34
808.98	15910.96
809.28	7152.68
809.58	16662.27
809.88	10890.51
810.18	15159.65
810.47	7372.69
810.77	7487.37
811.07	9741.31
811.37	8779.35
811.67	6373.28
811.97	5565.79
812.27	6483.28
812.57	5561.11
812.87	6773.51
813.17	6614.35
813.47	6530.09
813.77	7068.42
814.07	6808.62
814.37	10260.91
814.67	6370.94
814.97	7475.67
815.27	6523.07
815.56	8872.97
815.86	11583.31
816.16	8262.09
816.46	5940.28
816.76	6656.48
817.06	10644.76
817.36	12486.76
817.66	7840.79
817.95	6338.17
818.25	8634.24
818.55	10253.89
818.85	9671.09
819.15	7129.27
819.45	13624.26
819.75	7641.85
820.04	7618.44
820.34	16418.86
820.64	10312.40
820.94	13057.85
821.24	7365.67
821.53	7260.34
821.83	6754.79
822.13	6076.03
822.43	7250.98
822.72	5935.60
823.02	6628.40
823.32	6291.36
823.62	8208.26
823.91	15335.19
824.21	5933.26
824.51	8624.87
824.81	7075.44
825.10	5921.56
825.40	9598.54
825.70	7915.69
826.00	13174.88
826.29	6909.26
826.59	8500.83
826.89	7103.53
827.18	6548.82
827.48	6715.00
827.78	6200.08
828.07	7763.56
828.37	9717.90
828.67	8365.07
828.96	7857.18
829.26	6569.88
829.56	11021.58
829.85	6766.49
830.15	8468.06
830.45	5816.23
830.74	12699.75
831.04	9771.74
831.34	10424.75
831.63	14005.77
831.93	10076.01
832.22	9614.92
832.52	7906.33
832.82	6113.48
833.11	6092.41
833.41	6214.12
833.70	6794.58
834.00	10635.39
834.29	8086.55
834.59	5678.14
834.89	8688.07
835.18	7204.17
835.48	13371.48
835.77	9376.19
836.07	9460.45
836.36	9415.98
836.66	10532.41
836.95	7576.31
837.25	6787.55
837.54	7527.16
837.84	6904.58
838.13	8105.28
838.43	6373.28
838.72	14097.05
839.02	11063.71
839.31	6319.45
839.61	10995.84
839.90	5785.80
840.20	7971.86
840.49	6033.90
840.78	8512.53
841.08	9465.13
841.37	6930.33
841.67	6057.31
841.96	9198.31
842.26	8311.24
842.55	5947.30
842.84	6270.30
843.14	10324.10
843.43	5912.19
843.73	7559.93
844.02	5909.85
844.31	7363.33
844.61	7035.65
844.90	8449.33
845.20	7976.55
845.49	5479.19
845.78	7073.10
846.08	6150.93
846.37	5191.31
846.66	8947.87
846.96	9167.88
847.25	8622.53
847.54	5858.36
847.84	9320.01
848.13	7405.46
848.42	10061.96
848.72	6457.54
849.01	9268.52
849.30	6572.22
849.59	6331.15
849.89	6651.80
850.18	12723.15
850.47	6326.47
850.76	16535.88
851.06	14803.89
851.35	8786.37
851.64	9874.72
851.93	7793.98
852.23	10956.05
852.52	6977.14
852.81	6867.13
853.10	6590.95
853.40	5430.04
853.69	5717.93
853.98	7557.59
854.27	10078.35
854.56	6602.65
854.86	8737.22
855.15	7845.48
855.44	8315.92
855.73	5575.16
856.02	6710.32
856.31	9865.36
856.61	8634.24
856.90	7075.44
857.19	5968.37
857.48	5813.89
857.77	6085.39
858.06	5259.18
858.35	5781.12
858.65	11585.65
858.94	9378.53
859.23	7314.17
859.52	9408.95
859.81	12367.39
860.10	6356.90
860.39	9408.95
860.68	7889.95
860.97	6270.30
861.26	6443.49
861.55	12318.24
861.85	7707.38
862.14	9366.82
862.43	9844.29
862.72	7889.95
863.01	5790.49
863.30	6958.41
863.59	7442.90
863.88	7405.46
864.17	7391.41
864.46	6263.27
864.75	14846.02
865.04	7889.95
865.33	5900.49
865.62	11173.72
865.91	6597.97
866.20	9095.32
866.49	6881.18
866.78	7136.29
867.07	6867.13
867.36	10246.87
867.65	10008.13
867.93	9186.60
868.22	7721.43
868.51	7157.36
868.80	7789.30
869.09	7159.70
869.38	6284.34
869.67	13018.06
869.96	13018.06
870.25	13018.06
