178.76	1692.21
179.14	1692.21
179.52	1692.21
179.90	1647.74
180.28	11009.88
180.66	6328.81
181.04	8285.50
181.42	7508.44
181.80	6326.47
182.18	11213.51
182.55	5788.14
182.93	7445.24
183.31	7178.42
183.69	8102.93
184.07	8435.29
184.45	7070.76
184.83	7496.74
185.21	6675.21
185.59	6754.79
185.97	16858.88
186.35	12365.05
186.72	7180.76
187.10	7375.03
187.48	12011.63
187.86	9071.92
188.24	6707.98
188.62	6457.54
189.00	11080.10
189.38	8035.06
189.75	7595.04
190.13	8056.12
190.51	6324.13
190.89	15344.55
191.27	21380.79
191.65	7192.47
192.03	7878.24
192.40	10289.00
192.78	7833.77
193.16	9006.38
193.54	12669.32
193.92	11267.34
194.30	6827.34
194.67	9769.40
195.05	8535.93
195.43	7510.78
195.81	7101.19
196.19	10853.06
196.56	7892.29
196.94	7513.12
197.32	11747.15
197.70	6689.25
198.08	8723.18
198.45	6874.15
198.83	7644.19
199.21	6909.26
199.59	12629.53
199.97	8318.26
200.34	6017.52
200.72	6736.06
201.10	14115.77
201.48	10277.29
201.85	6366.26
202.23	6946.71
202.61	6609.67
202.99	16379.07
203.36	6628.40
203.74	9289.59
204.12	7211.19
204.49	6579.25
204.87	9165.54
205.25	7276.73
205.63	5746.02
206.00	6523.07
206.38	7995.27
206.76	9781.10
207.14	6649.46
207.51	6061.99
207.89	11122.23
208.27	6293.70
208.64	5453.45
209.02	6729.04
209.40	7021.61
209.77	5788.14
210.15	16072.46
210.53	6043.26
210.90	11370.32
211.28	6298.38
211.66	12416.54
212.03	6647.12
212.41	5996.45
212.79	7241.62
213.16	6066.67
213.54	7744.83
213.92	7997.61
214.29	5827.93
214.67	6750.10
215.05	6883.52
215.42	9518.96
215.80	6888.20
216.17	6782.87
216.55	7932.08
216.93	5994.11
217.30	9123.41
217.68	6394.34
218.05	6754.79
218.43	6715.00
218.81	6813.30
219.18	11379.68
219.56	6808.62
219.93	6810.96
220.31	6532.44
220.69	5935.60
221.06	6230.51
221.44	7501.42
221.81	6155.61
222.19	5743.67
222.56	6120.50
222.94	6862.45
223.32	7903.99
223.69	6356.90
224.07	9029.79
224.44	12568.68
224.82	7899.31
225.19	8442.31
225.57	7585.68
225.94	6834.36
226.32	7494.40
226.69	12390.80
227.07	8702.11
227.44	6733.72
227.82	8044.42
228.19	7030.97
228.57	8819.14
228.94	11908.65
229.32	9823.23
229.69	9172.56
230.07	6775.85
230.44	6293.70
230.82	11157.33
231.19	9575.13
231.57	5687.50
231.94	5846.66
232.32	9181.92
232.69	6829.68
233.07	7700.36
233.44	8425.93
233.82	6923.30
234.19	7588.02
234.57	10167.29
234.94	6520.73
235.31	6897.56
235.69	7344.60
236.06	7691.00
236.44	8732.54
236.81	5944.96
237.19	8098.25
237.56	11936.73
237.93	6296.04
238.31	7719.09
238.68	7033.31
239.06	7679.30
239.43	8887.01
239.81	8252.73
240.18	6057.31
240.55	6387.32
240.93	13025.08
241.30	7894.63
241.67	7325.88
242.05	8681.05
242.42	9720.24
242.80	5966.03
243.17	7950.80
243.54	7929.74
243.92	9481.51
244.29	7248.64
244.66	7829.09
245.04	10558.16
245.41	16606.10
245.78	6090.07
246.16	6906.92
246.53	8816.80
246.90	7124.59
247.28	13102.32
247.65	7045.01
248.02	7250.98
248.40	10129.84
248.77	7548.23
249.14	8477.42
249.52	6918.62
249.89	8542.96
250.26	6406.05
250.64	7557.59
251.01	15985.86
251.38	5778.78
251.75	7667.60
252.13	6841.39
252.50	9083.62
252.87	13706.18
253.25	6069.01
253.62	7946.12
253.99	5902.83
254.36	9607.90
254.74	6733.72
255.11	6176.67
255.48	5636.01
255.85	14455.15
256.23	5717.93
256.60	5399.62
256.97	7119.91
257.34	8381.46
257.71	7819.73
258.09	6558.18
258.46	7915.69
258.83	11496.71
259.20	9757.69
259.58	7155.02
259.95	7311.83
260.32	9380.87
260.69	6106.46
261.06	11077.76
261.44	6223.48
261.81	13451.06
262.18	8039.74
262.55	6443.49
262.92	7384.39
263.29	6553.50
263.67	5757.72
264.04	6693.93
264.41	6967.77
264.78	6548.82
265.15	10352.19
265.52	12730.17
265.90	7627.81
266.27	6546.48
266.64	5827.93
267.01	5486.22
267.38	8234.00
267.75	6221.14
268.12	5310.68
268.50	7096.50
268.87	6331.15
269.24	6356.90
269.61	7896.97
269.98	8414.23
270.35	8039.74
270.72	6260.93
271.09	7042.67
271.46	6764.15
271.83	7948.46
272.21	9357.46
272.58	6113.48
272.95	6382.64
273.32	7372.69
273.69	7346.94
274.06	5673.46
274.43	6335.83
274.80	7218.21
275.17	7953.14
275.54	18008.08
275.91	7501.42
276.28	7396.09
276.65	7777.60
277.02	11257.98
277.39	6310.08
277.76	6195.40
278.13	8461.04
278.50	8973.61
278.87	10644.76
279.24	9181.92
279.61	8575.72
279.98	9966.00
280.35	6464.56
280.72	7375.03
281.09	7091.82
281.46	7529.50
281.83	6230.51
282.20	7896.97
282.57	6628.40
282.94	8168.47
283.31	6504.35
283.68	7901.65
284.05	5757.72
284.42	5371.53
284.79	7873.56
285.16	8627.21
285.53	7220.55
285.90	7323.54
286.27	15026.24
286.64	5437.06
287.01	6427.11
287.38	8540.61
287.75	59400.46
288.12	8470.40
288.49	17029.74
288.86	5987.09
289.23	6125.18
289.59	6221.14
289.96	5973.05
290.33	6471.58
290.70	6712.66
291.07	8568.70
291.44	7995.27
291.81	6115.82
292.18	7468.65
292.55	6743.08
292.91	12828.48
293.28	8339.33
293.65	11044.99
294.02	7854.84
294.39	5577.50
294.76	7000.54
295.13	7485.03
295.50	7012.24
295.86	7258.00
296.23	6469.24
296.60	5916.87
296.97	6375.62
297.34	7000.54
297.71	8929.14
298.07	7337.58
298.44	5310.68
298.81	7861.86
299.18	7499.08
299.55	10691.57
299.91	6937.35
300.28	7384.39
300.65	5392.59
301.02	7707.38
301.39	8016.33
301.75	13291.90
302.12	8145.06
302.49	6958.41
302.86	10619.01
303.23	7431.20
303.59	5912.19
303.96	17429.97
304.33	9912.17
304.70	15075.39
305.06	6609.67
305.43	10452.83
305.80	8280.82
306.17	9188.94
306.53	6317.11
306.90	9523.64
307.27	7307.15
307.64	10813.28
308.00	6576.91
308.37	6436.47
308.74	12388.46
309.11	9043.83
309.47	6242.21
309.84	5650.05
310.21	7190.13
310.57	7492.05
310.94	6700.95
311.31	7307.15
311.67	7943.78
312.04	5446.43
312.41	10038.56
312.77	8177.83
313.14	6277.32
313.51	7021.61
313.87	6539.46
314.24	6569.88
314.61	6384.98
314.97	6558.18
315.34	7473.33
315.71	5490.90
316.07	9198.31
316.44	5834.96
316.81	8997.02
317.17	6223.48
317.54	15597.33
317.91	6502.01
318.27	5348.12
318.64	6906.92
319.00	8875.31
319.37	5596.22
319.74	9432.36
320.10	9870.04
320.47	6623.72
320.83	11068.39
321.20	6946.71
321.57	5991.77
321.93	6630.74
322.30	7658.23
322.66	6471.58
323.03	8933.82
323.40	8124.00
323.76	6476.26
324.13	6537.12
324.49	5507.28
324.86	18881.10
325.22	7536.52
325.59	7021.61
325.95	7974.21
326.32	9565.77
326.68	9245.12
327.05	6935.01
327.42	6129.86
327.78	6459.88
328.15	9605.56
328.51	6328.81
328.88	8645.94
329.24	11206.48
329.61	7375.03
329.97	8784.03
330.34	6396.68
330.70	7293.11
331.07	10759.44
331.43	8851.91
331.80	13497.87
332.16	10450.49
332.52	6101.78
332.89	8381.46
333.25	5476.85
333.62	12470.37
333.98	7211.19
334.35	6895.22
334.71	7468.65
335.08	5844.32
335.44	11967.16
335.81	11934.39
336.17	10246.87
336.53	7241.62
336.90	5933.26
337.26	8606.15
337.63	9582.15
337.99	7700.36
338.36	5991.77
338.72	9170.22
339.08	7660.57
339.45	5921.56
339.81	9657.05
340.18	6827.34
340.54	10448.15
340.90	6363.92
341.27	6909.26
341.63	8449.33
341.99	5329.40
342.36	10492.62
342.72	5893.47
343.09	10665.82
343.45	6445.84
343.81	10871.79
344.18	5621.97
344.54	7101.19
344.90	7922.71
345.27	7438.22
345.63	7061.40
345.99	9109.36
346.36	7424.18
346.72	5956.66
347.08	5996.45
347.45	5577.50
347.81	9935.57
348.17	7782.28
348.54	5820.91
348.90	9146.81
349.26	9764.72
349.62	10876.47
349.99	5352.81
350.35	5210.03
350.71	7857.18
351.08	7145.66
351.44	5289.61
351.80	13589.15
352.16	11688.64
352.53	6040.92
352.89	8606.15
353.25	11218.19
353.61	6586.27
353.98	8650.62
354.34	10296.02
354.70	6612.01
355.06	5296.63
355.43	7260.34
355.79	6939.69
356.15	6810.96
356.51	5881.77
356.88	6160.29
357.24	6815.64
357.60	5600.90
357.96	5322.38
358.32	15941.39
358.69	5493.24
359.05	8311.24
359.41	7683.98
359.77	5949.64
360.13	6108.80
360.49	6122.84
360.86	9020.42
361.22	11435.86
361.58	7868.88
361.94	11140.95
362.30	5933.26
362.66	8589.77
363.03	5331.74
363.39	5336.42
363.75	6387.32
364.11	10129.84
364.47	6333.49
364.83	10841.36
365.19	7581.00
365.56	9139.79
365.92	5343.44
366.28	8730.20
366.64	10136.86
367.00	5430.04
367.36	5423.02
367.72	10139.20
368.08	9755.35
368.44	6633.08
368.80	8353.37
369.17	6462.22
369.53	6832.02
369.89	5970.71
370.25	6132.20
370.61	6256.25
370.97	10932.64
371.33	6586.27
371.69	13177.22
372.05	8582.74
372.41	5951.98
372.77	6525.41
373.13	7765.90
373.49	5097.69
373.85	8056.12
374.21	7602.06
374.57	5905.17
374.93	8805.10
375.29	9207.67
375.65	7588.02
376.01	7332.90
376.37	10443.47
376.73	8603.81
377.09	5888.79
377.45	10036.22
377.81	6878.83
378.17	6029.22
378.53	5277.91
378.89	8503.17
379.25	11035.63
379.61	14600.26
379.97	9589.17
380.33	6431.79
380.69	6204.76
381.05	5944.96
381.41	9231.07
381.77	7169.06
382.13	8779.35
382.49	15269.66
382.85	7548.23
383.21	8844.88
383.57	5467.49
383.93	10574.54
384.28	5235.78
384.64	6672.87
385.00	7705.04
385.36	7431.20
385.72	9114.05
386.08	6003.47
386.44	9076.60
386.80	9032.13
387.16	10995.84
387.52	9736.63
387.87	13933.21
388.23	8215.28
388.59	6310.08
388.95	5504.94
389.31	6874.15
389.67	6892.88
390.03	6305.40
390.38	6602.65
390.74	5090.67
391.10	9458.10
391.46	7763.56
391.82	6071.35
392.18	8498.49
392.54	4975.98
392.89	5689.84
393.25	8573.38
393.61	5851.34
393.97	5626.65
394.33	8032.72
394.68	6881.18
395.04	5472.17
395.40	7449.93
395.76	9369.16
396.12	7651.21
396.47	5928.58
396.83	7021.61
397.19	5650.05
397.55	5907.51
397.90	7356.30
398.26	7417.16
398.62	5830.27
398.98	5032.15
399.33	6827.34
399.69	24950.11
400.05	8255.07
400.41	5930.92
400.76	8950.21
401.12	10394.32
401.48	7946.12
401.84	6033.90
402.19	6370.94
402.55	7885.26
402.91	7122.25
403.26	5313.02
403.62	8486.78
403.98	7279.07
404.34	4922.15
404.69	7063.74
405.05	9385.55
405.41	14445.79
405.76	5884.11
406.12	6043.26
406.48	7045.01
406.83	6347.53
407.19	8475.08
407.55	7906.33
407.90	14670.48
408.26	8617.85
408.62	9336.40
408.97	7290.77
409.33	5551.75
409.68	5886.45
410.04	7765.90
410.40	6139.23
410.75	8285.50
411.11	5881.77
411.47	7840.79
411.82	6684.57
412.18	7339.92
412.53	6799.26
412.89	6293.70
413.25	6839.05
413.60	7267.36
413.96	5301.31
414.31	6420.09
414.67	7515.46
415.03	5350.46
415.38	5731.97
415.74	6546.48
416.09	6773.51
416.45	8655.30
416.80	5959.00
417.16	8479.76
417.51	6813.30
417.87	6581.59
418.23	7925.05
418.58	8280.82
418.94	5125.77
419.29	6253.91
419.65	7903.99
420.00	8912.76
420.36	8411.89
420.71	8266.77
421.07	5689.84
421.42	7164.38
421.78	9430.02
422.13	6768.83
422.49	5465.15
422.84	7382.05
423.20	5296.63
423.55	5493.24
423.91	5544.73
424.26	13963.64
424.61	8374.44
424.97	11562.25
425.32	5982.41
425.68	6729.04
426.03	7761.22
426.39	10391.98
426.74	10099.41
427.10	9434.70
427.45	6146.25
427.80	7824.41
428.16	7206.51
428.51	7002.88
428.87	7840.79
429.22	9600.88
429.58	10279.63
429.93	10368.57
430.28	6157.95
430.64	6202.42
430.99	5369.19
431.35	7613.76
431.70	6848.41
432.05	6787.55
432.41	8313.58
432.76	7836.11
433.11	8245.71
433.47	7939.10
433.82	11236.91
434.17	8128.68
434.53	7950.80
434.88	14375.57
435.24	7918.03
435.59	7445.24
435.94	5647.71
436.30	8348.69
436.65	6525.41
437.00	9605.56
437.35	16489.07
437.71	6593.29
438.06	6413.07
438.41	6260.93
438.77	7960.16
439.12	5259.18
439.47	4842.57
439.83	7861.86
440.18	5214.71
440.53	6494.99
440.88	12353.35
441.24	8699.77
441.59	5804.53
441.94	6588.61
442.30	8454.02
442.65	13102.32
443.00	7056.72
443.35	10665.82
443.71	6604.99
444.06	9654.71
444.41	8135.70
444.76	11431.18
445.11	7112.89
445.47	10494.96
445.82	9158.52
446.17	5933.26
446.52	10469.22
446.88	7391.41
447.23	5334.08
447.58	8030.38
447.93	5959.00
448.28	30209.29
448.63	11066.05
448.99	7124.59
449.34	8664.66
449.69	8931.48
450.04	6319.45
450.39	6223.48
450.74	7080.12
451.10	7012.24
451.45	7183.10
451.80	7683.98
452.15	10176.65
452.50	8311.24
452.85	10118.14
453.21	9167.88
453.56	7873.56
453.91	6883.52
454.26	7714.41
454.61	5781.12
454.96	8540.61
455.31	6916.28
455.66	6434.13
456.01	8315.92
456.36	6445.84
456.72	5998.79
457.07	7789.30
457.42	10497.30
457.77	9327.03
458.12	5916.87
458.47	7620.78
458.82	9767.06
459.17	7140.97
459.52	7384.39
459.87	11967.16
460.22	5792.83
460.57	7370.35
460.92	6188.38
461.27	8346.35
461.62	6747.76
461.97	5916.87
462.32	12318.24
462.67	11030.94
463.02	13813.84
463.38	13561.06
463.73	8971.27
464.08	12657.62
464.43	7665.25
464.78	5729.63
465.12	8365.07
465.47	8769.99
465.82	29876.94
466.17	6628.40
466.52	8737.22
466.87	6520.73
467.22	6015.18
467.57	5245.14
467.92	7969.52
468.27	11250.96
468.62	15213.48
468.97	6862.45
469.32	4968.96
469.67	16067.78
470.02	14436.42
470.37	6092.41
470.72	7552.91
471.07	5411.32
471.42	6724.36
471.76	7019.27
472.11	6787.55
472.46	8603.81
472.81	15295.40
473.16	6059.65
473.51	5916.87
473.86	5371.53
474.21	6626.06
474.56	6661.16
474.90	6214.12
475.25	9935.57
475.60	8908.08
475.95	6132.20
476.30	11290.74
476.65	10523.05
477.00	15187.74
477.34	11328.19
477.69	5703.89
478.04	9401.93
478.39	7449.93
478.74	5928.58
479.09	5240.46
479.43	7117.57
479.78	5114.07
480.13	12723.15
480.48	10291.34
480.83	7424.18
481.17	5432.38
481.52	7229.91
481.87	6785.21
482.22	12177.81
482.57	6836.70
482.91	9200.65
483.26	8166.13
483.61	6502.01
483.96	7648.87
484.30	65535.00
484.65	12152.06
485.00	5994.11
485.35	6815.64
485.69	5928.58
486.04	6745.42
486.39	7913.35
486.74	7552.91
487.08	5408.98
487.43	8212.94
487.78	5107.05
488.12	8381.46
488.47	6132.20
488.82	10700.93
489.17	5863.04
489.51	5350.46
489.86	8049.10
490.21	5254.50
490.55	7810.37
490.90	5296.63
491.25	6689.25
491.59	5734.31
491.94	13123.38
492.29	6438.81
492.63	7180.76
492.98	4901.08
493.33	7368.01
493.67	6333.49
494.02	5654.73
494.37	5530.69
494.71	8369.76
495.06	6087.73
495.40	10457.51
495.75	6092.41
496.10	10616.67
496.44	7066.08
496.79	8344.01
497.13	5905.17
497.48	14675.16
497.83	10459.85
498.17	8196.56
498.52	6237.53
498.86	8758.28
499.21	6904.58
499.56	6069.01
499.90	6628.40
500.25	5343.44
500.59	7049.69
500.94	7859.52
501.28	8816.80
501.63	9912.17
501.97	6548.82
502.32	5942.62
502.67	8004.63
503.01	5378.55
503.36	6202.42
503.70	6244.55
504.05	8393.16
504.39	9219.37
504.74	6773.51
505.08	11103.50
505.43	4777.03
505.77	5664.10
506.12	7625.47
506.46	6623.72
506.81	5919.21
507.15	5788.14
507.49	6382.64
507.84	5832.62
508.18	7751.85
508.53	7459.29
508.87	7155.02
509.22	6801.60
509.56	65535.00
509.91	19494.32
510.25	7157.36
510.60	5067.26
510.94	9259.16
511.28	4964.28
511.63	9533.00
511.97	7892.29
512.32	9144.47
512.66	5867.72
513.00	7290.77
513.35	9753.01
513.69	5699.20
514.04	8505.51
514.38	8884.67
514.72	7756.54
515.07	5963.68
515.41	5944.96
515.76	6066.67
516.10	7173.74
516.44	9053.19
516.79	6251.57
517.13	5408.98
517.47	9458.10
517.82	7389.07
518.16	6846.07
518.50	7358.64
518.85	7531.84
519.19	10328.78
519.53	13867.67
519.88	9069.58
520.22	6710.32
520.56	7176.08
520.91	5441.75
521.25	5703.89
521.59	6974.80
521.93	8037.40
522.28	6825.00
522.62	7655.89
522.96	9401.93
523.31	6738.40
523.65	8032.72
523.99	8830.84
524.33	11772.89
524.68	8245.71
525.02	5289.61
525.36	7918.03
525.70	5259.18
526.05	6085.39
526.39	5631.33
526.73	8587.43
527.07	7452.27
527.41	10757.10
527.76	5877.09
528.10	6530.09
528.44	8226.98
528.78	6916.28
529.12	8704.45
529.47	6726.70
529.81	9399.59
530.15	9535.34
530.49	8280.82
530.83	5107.05
531.18	5724.95
531.52	6705.63
531.86	5392.59
532.20	7213.53
532.54	9689.82
532.88	4933.85
533.22	6677.55
533.57	6190.72
533.91	9577.47
534.25	5455.79
534.59	11077.76
534.93	8741.90
535.27	5877.09
535.61	6644.78
535.95	11145.63
536.30	5404.30
536.64	6974.80
536.98	4727.88
537.32	6473.92
537.66	5036.83
538.00	8353.37
538.34	8489.12
538.68	8241.03
539.02	11913.33
539.36	6298.38
539.70	5516.64
540.04	6834.36
540.39	20711.40
540.73	5771.76
541.07	7040.33
541.41	7744.83
541.75	7964.84
542.09	10085.37
542.43	8046.76
542.77	7061.40
543.11	7637.17
543.45	6984.16
543.79	9696.84
544.13	6689.25
544.47	6794.58
544.81	5902.83
545.15	8325.29
545.49	6871.81
545.83	5757.72
546.17	6581.59
546.51	4779.37
546.85	6209.44
547.19	11246.27
547.53	5390.25
547.87	8704.45
548.21	12231.64
548.54	7351.62
548.88	6153.27
549.22	5926.24
549.56	5364.51
549.90	6193.06
550.24	7056.72
550.58	5867.72
550.92	9996.43
551.26	6457.54
551.60	11197.12
551.94	6483.28
552.28	6572.22
552.61	8421.25
552.95	6586.27
553.29	6101.78
553.63	7339.92
553.97	11410.11
554.31	9483.85
554.65	10532.41
554.99	10654.12
555.32	6457.54
555.66	8374.44
556.00	4903.42
556.34	6747.76
556.68	7384.39
557.02	9362.14
557.36	7428.86
557.69	7194.81
558.03	6258.59
558.37	12985.29
558.71	15103.48
559.05	10359.21
559.38	11805.66
559.72	5856.02
560.06	8872.97
560.40	8521.89
560.74	10040.90
561.07	8217.62
561.41	8968.93
561.75	7962.50
562.09	6228.17
562.42	9357.46
562.76	8365.07
563.10	7234.60
563.44	25282.47
563.77	7763.56
564.11	8379.12
564.45	10134.52
564.79	8304.22
565.12	7414.82
565.46	7599.72
565.80	7889.95
566.14	7597.38
566.47	9542.36
566.81	5891.13
567.15	7559.93
567.48	8013.99
567.82	8491.46
568.16	7847.82
568.49	5909.85
568.83	5533.03
569.17	7061.40
569.50	7889.95
569.84	11063.71
570.18	7997.61
570.51	11363.30
570.85	6995.86
571.19	6679.89
571.52	5987.09
571.86	8278.47
572.20	6581.59
572.53	11040.31
572.87	6010.50
573.21	5827.93
573.54	5511.96
573.88	7655.89
574.21	7468.65
574.55	6995.86
574.89	6356.90
575.22	9118.73
575.56	6183.70
575.89	6272.64
576.23	6602.65
576.57	8025.70
576.90	6129.86
577.24	7447.58
577.57	5675.80
577.91	7838.45
578.24	5184.29
578.58	6885.86
578.91	8322.94
579.25	6059.65
579.59	7515.46
579.92	6867.13
580.26	5561.11
580.59	8002.29
580.93	7843.14
581.26	6455.20
581.60	8145.06
581.93	8582.74
582.27	11351.60
582.60	5743.67
582.94	7522.48
583.27	5769.42
583.61	6722.02
583.94	7719.09
584.28	5350.46
584.61	6726.70
584.94	8362.73
585.28	8264.43
585.61	8865.95
585.95	8458.70
586.28	11571.61
586.62	13422.97
586.95	7087.14
587.29	12486.76
587.62	15887.56
587.95	5769.42
588.29	7611.42
588.62	8451.67
588.96	9376.19
589.29	6396.68
589.62	6312.42
589.96	6832.02
590.29	6394.34
590.63	5416.00
590.96	8975.95
591.29	9177.24
591.63	9806.84
591.96	5680.48
592.29	6670.53
592.63	6338.17
592.96	7824.41
593.30	11885.24
593.63	7887.61
593.96	5790.49
594.30	6382.64
594.63	7953.14
594.96	12006.95
595.30	7171.40
595.63	6502.01
595.96	6146.25
596.29	8056.12
596.63	6590.95
596.96	8826.16
597.29	8163.79
597.63	5214.71
597.96	10331.12
598.29	9832.59
598.63	9521.30
598.96	6115.82
599.29	6471.58
599.62	6305.40
599.96	6251.57
600.29	6761.81
600.62	5891.13
600.95	6448.18
601.29	7096.50
601.62	7733.13
601.95	7192.47
602.28	6134.54
602.61	21940.18
602.95	7454.61
603.28	12210.57
603.61	6092.41
603.94	9650.03
604.27	5823.25
604.61	8545.30
604.94	8072.51
605.27	7695.68
605.60	5776.44
605.93	6200.08
606.27	9301.29
606.60	6022.20
606.93	5418.34
607.26	11419.47
607.59	7220.55
607.92	10415.38
608.26	6284.34
608.59	6132.20
608.92	6937.35
609.25	5699.20
609.58	7911.01
609.91	8573.38
610.24	13708.52
610.57	8128.68
610.90	9661.73
611.24	5193.65
611.57	5448.77
611.90	9327.03
612.23	6935.01
612.56	9139.79
612.89	8758.28
613.22	8943.19
613.55	5315.36
613.88	9652.37
614.21	5886.45
614.54	7967.18
614.87	5975.39
615.20	4933.85
615.53	10183.67
615.87	6282.00
616.20	7318.86
616.53	10333.47
616.86	7136.29
617.19	8121.66
617.52	6195.40
617.85	6562.86
618.18	6005.81
618.51	6654.14
618.84	8800.41
619.17	6853.09
619.50	11227.55
619.83	10710.29
620.16	8636.58
620.49	6392.00
620.82	14171.94
621.14	10951.37
621.47	6644.78
621.80	9966.00
622.13	7630.15
622.46	15227.53
622.79	8777.01
623.12	5533.03
623.45	9291.93
623.78	8737.22
624.11	5832.62
624.44	7854.84
624.77	5731.97
625.10	5888.79
625.43	5731.97
625.75	7351.62
626.08	6087.73
626.41	5877.09
626.74	7131.61
627.07	6658.82
627.40	12514.84
627.73	6691.59
628.06	6043.26
628.38	4802.78
628.71	9018.08
629.04	9886.42
629.37	9048.51
629.70	7620.78
630.03	6012.84
630.36	10001.11
630.68	9252.14
631.01	6342.85
631.34	11218.19
631.67	6551.16
632.00	4973.64
632.32	9233.41
632.65	10054.94
632.98	7885.26
633.31	7293.11
633.64	9341.08
633.96	5933.26
634.29	11180.74
634.62	7454.61
634.95	7838.45
635.27	7616.10
635.60	8627.21
635.93	8011.65
636.26	8030.38
636.58	6513.71
636.91	6394.34
637.24	6169.65
637.57	7466.31
637.89	8332.31
638.22	6483.28
638.55	7548.23
638.87	7983.57
639.20	8908.08
639.53	8315.92
639.86	6221.14
640.18	5909.85
640.51	7564.61
640.84	7953.14
641.16	5736.65
641.49	7733.13
641.82	5905.17
642.14	5820.91
642.47	14459.83
642.80	7204.17
643.12	9612.58
643.45	7115.23
643.78	7368.01
644.10	6136.88
644.43	7325.88
644.75	10466.88
645.08	5273.23
645.41	8329.97
645.73	5781.12
646.06	15573.92
646.39	9233.41
646.71	6377.96
647.04	6160.29
647.36	5219.39
647.69	8744.24
648.01	7613.76
648.34	6232.85
648.67	9870.04
648.99	10504.32
649.32	6190.72
649.64	5390.25
649.97	4784.06
650.29	5619.63
650.62	14808.57
650.94	7337.58
651.27	11225.21
651.59	7056.72
651.92	6209.44
652.25	7934.42
652.57	5757.72
652.90	5914.53
653.22	7953.14
653.55	7936.76
653.87	5078.96
654.20	7431.20
654.52	11360.96
654.84	6984.16
655.17	8304.22
655.49	11459.26
655.82	6628.40
656.14	7873.56
656.47	8713.81
656.79	11878.22
657.12	6761.81
657.44	6612.01
657.77	9064.89
658.09	7625.47
658.41	7087.14
658.74	8746.58
659.06	5624.31
659.39	6972.46
659.71	6445.84
660.03	7197.15
660.36	6602.65
660.68	10078.35
661.01	13696.82
661.33	10972.43
661.65	6431.79
661.98	14209.39
662.30	10743.06
662.63	7187.79
662.95	6668.19
663.27	6293.70
663.60	5575.16
663.92	6979.48
664.24	6918.62
664.57	5774.10
664.89	6289.02
665.21	6445.84
665.54	9502.58
665.86	7267.36
666.18	7602.06
666.51	10677.52
666.83	6679.89
667.15	15609.03
667.47	9837.27
667.80	8306.56
668.12	6118.16
668.44	7470.99
668.77	9013.40
669.09	10471.56
669.41	9088.30
669.73	5434.72
670.06	7328.22
670.38	6839.05
670.70	5542.39
671.02	8393.16
671.35	6469.24
671.67	10757.10
671.99	6927.99
672.31	10370.91
672.63	7953.14
672.96	11428.84
673.28	6663.51
673.60	7590.36
673.92	7419.50
674.24	6029.22
674.57	6300.72
674.89	10097.07
675.21	6951.39
675.53	9366.82
675.85	10296.02
676.17	10300.70
676.50	5790.49
676.82	10092.39
677.14	7639.51
677.46	15157.31
677.78	5577.50
678.10	9745.99
678.42	7234.60
678.75	6471.58
679.07	5839.64
679.39	7241.62
679.71	6710.32
680.03	6520.73
680.35	6630.74
680.67	6722.02
680.99	6132.20
681.31	5715.59
681.63	8421.25
681.96	10356.87
682.28	6429.45
682.60	5877.09
682.92	8744.24
683.24	5322.38
683.56	8662.32
683.88	6361.58
684.20	7068.42
684.52	6551.16
684.84	6595.63
685.16	6715.00
685.48	9151.49
685.80	7908.67
686.12	8730.20
686.44	12339.30
686.76	6953.73
687.08	5458.13
687.40	5949.64
687.72	9572.79
688.04	6925.65
688.36	15321.15
688.68	11391.39
689.00	8173.15
689.32	6862.45
689.64	6609.67
689.96	7040.33
690.28	10120.48
690.60	10492.62
690.92	6326.47
691.24	8648.28
691.56	6700.95
691.88	7155.02
692.19	5963.68
692.51	9605.56
692.83	8369.76
693.15	9348.10
693.47	8217.62
693.79	7632.49
694.11	9734.29
694.43	8058.46
694.75	7115.23
695.06	7559.93
695.38	10422.41
695.70	7414.82
696.02	7522.48
696.34	6710.32
696.66	6492.65
696.98	5198.33
697.29	7566.95
697.61	11613.74
697.93	10303.04
698.25	14113.43
698.57	8025.70
698.89	5530.69
699.20	6932.67
699.52	11576.29
699.84	5158.54
700.16	7290.77
700.48	10939.66
700.79	6057.31
701.11	12189.51
701.43	9364.48
701.75	6310.08
702.07	6890.54
702.38	12215.26
702.70	6125.18
703.02	6059.65
703.34	8966.59
703.65	7543.55
703.97	6923.30
704.29	5053.22
704.61	5778.78
704.92	9413.63
705.24	6876.49
705.56	9638.33
705.87	10101.75
706.19	7276.73
706.51	5584.52
706.82	10312.40
707.14	6225.82
707.46	5376.21
707.78	6125.18
708.09	8561.68
708.41	9872.38
708.73	7894.63
709.04	10319.42
709.36	6832.02
709.68	7227.57
709.99	13547.02
710.31	10647.10
710.62	7459.29
710.94	6745.42
711.26	8269.11
711.57	6766.49
711.89	5713.25
712.21	15859.47
712.52	7578.65
712.84	10857.75
713.15	7850.16
713.47	9364.48
713.79	5774.10
714.10	6516.05
714.42	6876.49
714.73	11145.63
715.05	5596.22
715.36	5753.04
715.68	6190.72
715.99	6764.15
716.31	9764.72
716.63	8659.98
716.94	9717.90
717.26	20556.93
717.57	9376.19
717.89	11765.87
718.20	6106.46
718.52	8887.01
718.83	7185.44
719.15	15250.93
719.46	14539.41
719.78	8039.74
720.09	7140.97
720.41	6118.16
720.72	5900.49
721.04	5961.34
721.35	7101.19
721.67	7087.14
721.98	6951.39
722.29	6480.94
722.61	6249.23
722.92	5186.63
723.24	6972.46
723.55	7564.61
723.87	8030.38
724.18	9076.60
724.50	5886.45
724.81	7204.17
725.12	7356.30
725.44	8580.40
725.75	7705.04
726.07	10878.81
726.38	8659.98
726.69	6881.18
727.01	9151.49
727.32	8938.51
727.63	6700.95
727.95	11190.10
728.26	6462.22
728.58	9221.71
728.89	6581.59
729.20	7344.60
729.52	6008.16
729.83	14078.32
730.14	8994.68
730.46	7440.56
730.77	10406.02
731.08	8912.76
731.39	6951.39
731.71	7470.99
732.02	9465.13
732.33	7433.54
732.65	6775.85
732.96	11257.98
733.27	9500.23
733.59	14944.32
733.90	9940.26
734.21	6071.35
734.52	6932.67
734.84	17933.18
735.15	6719.68
735.46	6960.75
735.77	7686.32
736.09	7419.50
736.40	11417.13
736.71	9329.38
737.02	5561.11
737.33	6817.98
737.65	6890.54
737.96	7616.10
738.27	7948.46
738.58	13947.25
738.89	8877.65
739.21	6457.54
739.52	5284.93
739.83	8966.59
740.14	6370.94
740.45	7712.07
740.76	6703.29
741.08	5804.53
741.39	7382.05
741.70	6684.57
742.01	7948.46
742.32	10356.87
742.63	7880.58
742.94	6216.46
743.26	8999.36
743.57	8395.50
743.88	9668.75
744.19	8131.02
744.50	7084.80
744.81	12936.14
745.12	7227.57
745.43	7260.34
745.74	15939.05
746.05	11679.27
746.36	5467.49
746.67	12608.47
746.99	7049.69
747.30	8650.62
747.61	6567.54
747.92	7974.21
748.23	10438.79
748.54	6977.14
748.85	7173.74
749.16	7719.09
749.47	6127.52
749.78	6761.81
750.09	6537.12
750.40	8390.82
750.71	7803.35
751.02	8739.56
751.33	7398.43
751.64	8484.44
751.95	7562.27
752.26	9034.47
752.57	9146.81
752.88	6906.92
753.19	7487.37
753.50	10841.36
753.81	7103.53
754.11	7623.12
754.42	17488.48
754.73	7803.35
755.04	8194.22
755.35	7971.86
755.66	14143.86
755.97	6026.88
756.28	5921.56
756.59	8840.20
756.90	17493.16
757.21	8318.26
757.52	11585.65
757.82	8496.14
758.13	6705.63
758.44	10321.76
758.75	8800.41
759.06	6562.86
759.37	5954.32
759.68	8147.40
759.98	6623.72
760.29	8746.58
760.60	8109.96
760.91	5596.22
761.22	7276.73
761.53	7929.74
761.83	6340.51
762.14	7693.34
762.45	6722.02
762.76	5671.12
763.07	8606.15
763.37	16606.10
763.68	11674.59
763.99	13502.55
764.30	12044.40
764.60	6696.27
764.91	10471.56
765.22	7903.99
765.53	13825.54
765.84	8182.51
766.14	7243.96
766.45	5636.01
766.76	11307.13
767.06	12329.94
767.37	6920.96
767.68	7723.77
767.99	7061.40
768.29	6590.95
768.60	7674.62
768.91	10333.47
769.21	13736.60
769.52	11260.32
769.83	7300.13
770.13	7400.77
770.44	6988.84
770.75	9317.67
771.05	7489.71
771.36	9118.73
771.67	7943.78
771.97	6970.12
772.28	7318.86
772.59	8002.29
772.89	9790.46
773.20	6520.73
773.51	6595.63
773.81	12203.55
774.12	6029.22
774.42	7569.29
774.73	6356.90
775.04	6506.69
775.34	22305.31
775.65	8610.83
775.95	12994.65
776.26	8578.06
776.56	6724.36
776.87	8879.99
777.18	65535.00
777.48	18244.48
777.79	7955.48
778.09	11325.85
778.40	6885.86
778.70	6991.18
779.01	11286.06
779.31	7733.13
779.62	7049.69
779.92	9399.59
780.23	8968.93
780.53	5720.27
780.84	7318.86
781.14	6799.26
781.45	6654.14
781.75	9635.99
782.06	6434.13
782.36	8346.35
782.67	6181.35
782.97	6511.37
783.28	13900.44
783.58	6944.37
783.89	6984.16
784.19	8882.33
784.49	13209.98
784.80	7297.79
785.10	13603.19
785.41	6349.87
785.71	9043.83
786.02	8564.02
786.32	14506.64
786.62	9715.56
786.93	12294.83
787.23	6780.53
787.54	7250.98
787.84	13191.26
788.14	8758.28
788.45	5483.88
788.75	7791.64
789.05	6113.48
789.36	7379.71
789.66	14310.04
789.96	9418.32
790.27	7730.79
790.57	8367.42
790.87	6509.03
791.18	6651.80
791.48	6354.55
791.78	8627.21
792.09	9221.71
792.39	6513.71
792.69	9900.47
793.00	8720.84
793.30	9226.39
793.60	6073.69
793.90	5565.79
794.21	8819.14
794.51	18078.30
794.81	11211.17
795.11	7798.66
795.42	6731.38
795.72	12037.38
796.02	9696.84
796.32	8645.94
796.63	8662.32
796.93	10464.54
797.23	9380.87
797.53	8294.86
797.84	10710.29
798.14	6377.96
798.44	8411.89
798.74	8760.63
799.04	8484.44
799.34	6012.84
799.65	16540.57
799.95	8079.53
800.25	7433.54
800.55	7014.59
800.85	8301.88
801.15	6642.44
801.46	7445.24
801.76	18576.83
802.06	6827.34
802.36	9568.11
802.66	6810.96
802.96	9537.68
803.26	11279.04
803.56	13596.17
803.87	16896.33
804.17	7517.80
804.47	10143.88
804.77	10803.91
805.07	11185.42
805.37	9956.64
805.67	9411.29
805.97	7129.27
806.27	7426.52
806.57	6965.43
806.87	11964.82
807.17	8320.60
807.47	11557.57
807.77	11335.21
808.07	6855.43
808.37	11990.56
808.67	7943.78
808.98	15859.47
809.28	7166.72
809.58	16493.76
809.88	10846.04
810.18	15087.09
810.47	7482.69
810.77	7456.95
811.07	9760.03
811.37	8805.10
811.67	6211.78
811.97	5479.19
812.27	6282.00
812.57	5514.30
812.87	6801.60
813.17	6403.71
813.47	6504.35
813.77	7103.53
814.07	6747.76
814.37	10284.31
814.67	6438.81
814.97	7555.25
815.27	6459.88
815.56	9043.83
815.86	11487.35
816.16	8313.58
816.46	6083.05
816.76	6621.38
817.06	10679.86
817.36	12659.96
817.66	7735.47
817.95	6286.68
818.25	8456.36
818.55	10190.69
818.85	9640.67
819.15	7075.44
819.45	13570.43
819.75	7688.66
820.04	7475.67
820.34	16374.39
820.64	10265.59
820.94	13032.10
821.24	7304.81
821.53	7166.72
821.83	6672.87
822.13	6005.81
822.43	7201.83
822.72	5806.87
823.02	6717.34
823.32	6216.46
823.62	8140.38
823.91	15435.83
824.21	5881.77
824.51	8603.81
824.81	7089.48
825.10	5949.64
825.40	9380.87
825.70	7918.03
826.00	12809.75
826.29	6710.32
826.59	8547.64
826.89	7122.25
827.18	6539.46
827.48	6672.87
827.78	6141.57
828.07	7829.09
828.37	9675.77
828.67	8280.82
828.96	7775.26
829.26	6438.81
829.56	10853.06
829.85	6778.19
830.15	8524.23
830.45	5785.80
830.74	12695.07
831.04	9734.29
831.34	10633.05
831.63	13926.19
831.93	10085.37
832.22	9603.22
832.52	7531.84
832.82	6164.97
833.11	6249.23
833.41	6373.28
833.70	6787.55
834.00	10658.80
834.29	8009.31
834.59	5743.67
834.89	8734.88
835.18	7150.34
835.48	13327.01
835.77	9296.61
836.07	9451.08
836.36	9284.91
836.66	10569.86
836.95	7499.08
837.25	6668.19
837.54	7461.63
837.84	6904.58
838.13	8077.19
838.43	6560.52
838.72	14204.71
839.02	11049.67
839.31	6502.01
839.61	10869.45
839.90	5767.08
840.20	7824.41
840.49	6031.56
840.78	8360.39
841.08	9331.72
841.37	7019.27
841.67	5888.79
841.96	9046.17
842.26	8278.47
842.55	5860.70
842.84	6272.64
843.14	10160.27
843.43	5877.09
843.73	7534.18
844.02	5881.77
844.31	7506.10
844.61	6822.66
844.90	8542.96
845.20	7925.05
845.49	5446.43
845.78	7059.06
846.08	6038.58
846.37	5195.99
846.66	8753.60
846.96	9249.80
847.25	8840.20
847.54	5956.66
847.84	9078.94
848.13	7286.09
848.42	10211.76
848.72	6466.90
849.01	8961.91
849.30	6665.85
849.59	6406.05
849.89	6548.82
850.18	12690.38
850.47	6359.24
850.76	16620.14
851.06	14728.99
851.35	8617.85
851.64	9839.61
851.93	7950.80
852.23	10942.00
852.52	6981.82
852.81	6726.70
853.10	6518.39
853.40	5563.45
853.69	5598.56
853.98	7714.41
854.27	10143.88
854.56	6696.27
854.86	8919.78
855.15	7969.52
855.44	8203.58
855.73	5687.50
856.02	6626.06
856.31	9900.47
856.61	8358.05
856.90	6939.69
857.19	6043.26
857.48	5846.66
857.77	6052.63
858.06	5224.08
858.35	5797.51
858.65	11702.68
858.94	9376.19
859.23	7222.89
859.52	9312.99
859.81	12290.15
860.10	6494.99
860.39	9427.68
860.68	7822.07
860.97	6216.46
861.26	6333.49
861.55	12212.92
861.85	7669.94
862.14	9465.13
862.43	9818.55
862.72	7868.88
863.01	5757.72
863.30	6916.28
863.59	7417.16
863.88	7424.18
864.17	7372.69
864.46	6289.02
864.75	14956.02
865.04	7918.03
865.33	5989.43
865.62	11042.65
865.91	6623.72
866.20	8997.02
866.49	7040.33
866.78	7185.44
867.07	7002.88
867.36	10415.38
867.65	9949.62
867.93	9270.86
868.22	7536.52
868.51	7131.61
868.80	7920.37
869.09	7325.88
869.38	6396.68
869.67	12819.11
869.96	12819.11
870.25	12819.11
