178.76	1694.55
179.14	1694.55
179.52	1694.55
179.90	1671.14
180.28	10633.05
180.66	6171.99
181.04	8297.20
181.42	7323.54
181.80	6305.40
182.18	10775.83
182.55	5816.23
182.93	7178.42
183.31	7112.89
183.69	7812.71
184.07	8002.29
184.45	6841.39
184.83	7283.75
185.21	6553.50
185.59	6815.64
185.97	16093.52
186.35	11786.94
186.72	7037.99
187.10	7103.53
187.48	11662.89
187.86	8924.46
188.24	6504.35
188.62	6061.99
189.00	10832.00
189.38	7887.61
189.75	7328.22
190.13	7784.62
190.51	6253.91
190.89	14794.53
191.27	20690.34
191.65	7119.91
192.03	7691.00
192.40	10244.52
192.78	7538.87
193.16	8620.19
193.54	11997.59
193.92	10658.80
194.30	6649.46
194.67	9467.47
195.05	8336.99
195.43	7260.34
195.81	6885.86
196.19	10445.81
196.56	7613.76
196.94	7208.85
197.32	11412.45
197.70	6459.88
198.08	8444.65
198.45	6504.35
198.83	7637.17
199.21	6850.75
199.59	12074.82
199.97	8161.45
200.34	5865.38
200.72	6665.85
201.10	13870.01
201.48	10017.49
201.85	6333.49
202.23	6867.13
202.61	6607.33
202.99	15901.60
203.36	6387.32
203.74	8973.61
204.12	7045.01
204.49	6356.90
204.87	8533.59
205.25	7028.63
205.63	5753.04
206.00	6413.07
206.38	7810.37
206.76	9544.70
207.14	6427.11
207.51	5912.19
207.89	10506.66
208.27	6349.87
208.64	5401.96
209.02	6651.80
209.40	6918.62
209.77	5558.77
210.15	14696.22
210.53	5863.04
210.90	10995.84
211.28	6321.79
211.66	11838.43
212.03	6338.17
212.41	5778.78
212.79	7236.94
213.16	5994.11
213.54	7648.87
213.92	7880.58
214.29	5511.96
214.67	6626.06
215.05	6817.98
215.42	9247.46
215.80	6736.06
216.17	6661.16
216.55	7747.17
216.93	5783.46
217.30	8842.54
217.68	6366.26
218.05	6698.61
218.43	6516.05
218.81	6750.10
219.18	10860.09
219.56	6560.52
219.93	6520.73
220.31	6551.16
220.69	5863.04
221.06	6073.69
221.44	7433.54
221.81	6094.76
222.19	5696.86
222.56	6064.33
222.94	6848.41
223.32	7478.01
223.69	6069.01
224.07	8875.31
224.44	12259.73
224.82	7339.92
225.19	8510.19
225.57	7492.05
225.94	6719.68
226.32	7087.14
226.69	12187.17
227.07	8559.34
227.44	6579.25
227.82	7719.09
228.19	6888.20
228.57	8655.30
228.94	11344.58
229.32	9493.21
229.69	8833.18
230.07	6768.83
230.44	6094.76
230.82	10761.78
231.19	9556.41
231.57	5636.01
231.94	5764.74
232.32	9022.77
232.69	6759.47
233.07	7311.83
233.44	8053.78
233.82	6885.86
234.19	7513.12
234.57	9841.95
234.94	6307.74
235.31	6682.23
235.69	7110.55
236.06	7396.09
236.44	8507.85
236.81	5776.44
237.19	7733.13
237.56	11510.75
237.93	6246.89
238.31	7597.38
238.68	6874.15
239.06	7510.78
239.43	8870.63
239.81	8006.97
240.18	5795.17
240.55	6115.82
240.93	12678.68
241.30	7625.47
241.67	7150.34
242.05	8648.28
242.42	9481.51
242.80	5844.32
243.17	7686.32
243.54	7564.61
243.92	9179.58
244.29	6960.75
244.66	7566.95
245.04	9968.34
245.41	15833.72
245.78	5898.15
246.16	6675.21
246.53	8573.38
246.90	6923.30
247.28	12903.37
247.65	6958.41
248.02	7061.40
248.40	9811.53
248.77	7438.22
249.14	8250.39
249.52	6672.87
249.89	8470.40
250.26	6026.88
250.64	7405.46
251.01	15229.87
251.38	5743.67
251.75	7176.08
252.13	6698.61
252.50	9022.77
252.87	13238.07
253.25	5888.79
253.62	7803.35
253.99	5607.92
254.36	9348.10
254.74	6551.16
255.11	6045.60
255.48	5430.04
255.85	13947.25
256.23	5678.14
256.60	5345.78
256.97	6839.05
257.34	8109.96
257.71	7494.40
258.09	6207.10
258.46	7609.08
258.83	11220.53
259.20	9504.92
259.58	7012.24
259.95	7056.72
260.32	9221.71
260.69	5860.70
261.06	10670.50
261.44	6214.12
261.81	12779.32
262.18	7754.19
262.55	6204.76
262.92	7246.30
263.29	6530.09
263.67	5708.57
264.04	6640.10
264.41	6843.73
264.78	6349.87
265.15	10129.84
265.52	12119.29
265.90	7412.48
266.27	6401.37
266.64	5774.10
267.01	5338.76
267.38	7920.37
267.75	6005.81
268.12	5205.35
268.50	6937.35
268.87	6106.46
269.24	6265.61
269.61	7531.84
269.98	8081.87
270.35	8030.38
270.72	6162.63
271.09	6836.70
271.46	6576.91
271.83	7847.82
272.21	9184.26
272.58	5867.72
272.95	6251.57
273.32	7302.47
273.69	7281.41
274.06	5511.96
274.43	6108.80
274.80	7068.42
275.17	7730.79
275.54	17455.72
275.91	7330.56
276.28	7302.47
276.65	7398.43
277.02	11126.91
277.39	6141.57
277.76	6045.60
278.13	8250.39
278.50	8657.64
278.87	10349.85
279.24	9130.43
279.61	8294.86
279.98	9598.54
280.35	6160.29
280.72	7274.38
281.09	6944.37
281.46	7379.71
281.83	6265.61
282.20	7688.66
282.57	6466.90
282.94	8028.04
283.31	6303.06
283.68	7604.40
284.05	5619.63
284.42	5322.38
284.79	7606.74
285.16	8348.69
285.53	7070.76
285.90	7262.68
286.27	14478.55
286.64	5537.71
287.01	6235.19
287.38	8334.65
287.75	58293.38
288.12	8589.77
288.49	16299.49
288.86	6003.47
289.23	6064.33
289.59	6085.39
289.96	5841.98
290.33	6382.64
290.70	6532.44
291.07	8308.90
291.44	7679.30
291.81	5886.45
292.18	7260.34
292.55	6483.28
292.91	12372.07
293.28	8180.17
293.65	10808.59
294.02	7761.22
294.39	5495.58
294.76	6904.58
295.13	7194.81
295.50	6913.94
295.86	6658.82
296.23	6448.18
296.60	5757.72
296.97	6342.85
297.34	6871.81
297.71	8709.13
298.07	7162.04
298.44	5188.97
298.81	7831.43
299.18	7515.46
299.55	10436.45
299.91	6920.96
300.28	7342.26
300.65	5350.46
301.02	7433.54
301.39	8163.79
301.75	13025.08
302.12	7964.84
302.49	6829.68
302.86	10094.73
303.23	7225.23
303.59	5886.45
303.96	16978.25
304.33	9483.85
304.70	14256.20
305.06	6417.75
305.43	10106.43
305.80	8051.44
306.17	8882.33
306.53	6150.93
306.90	9329.38
307.27	7194.81
307.64	10258.57
308.00	6296.04
308.37	6242.21
308.74	12114.61
309.11	8688.07
309.47	6160.29
309.84	5472.17
310.21	6904.58
310.57	7243.96
310.94	6527.75
311.31	7314.17
311.67	7761.22
312.04	5509.62
312.41	9516.62
312.77	7866.54
313.14	6115.82
313.51	6757.13
313.87	6464.56
314.24	6403.71
314.61	6242.21
314.97	6363.92
315.34	7030.97
315.71	5406.64
316.07	8793.39
316.44	5636.01
316.81	8552.32
317.17	6214.12
317.54	15180.71
317.91	6335.83
318.27	5343.44
318.64	6745.42
319.00	8533.59
319.37	5453.45
319.74	9188.94
320.10	9469.81
320.47	6595.63
320.83	10345.17
321.20	6988.84
321.57	5860.70
321.93	6427.11
322.30	7424.18
322.66	6218.80
323.03	8585.08
323.40	7866.54
323.76	6347.53
324.13	6176.67
324.49	5338.76
324.86	18455.12
325.22	7300.13
325.59	6888.20
325.95	7789.30
326.32	9177.24
326.68	8905.74
327.05	6984.16
327.42	5879.43
327.78	6368.60
328.15	9195.96
328.51	6200.08
328.88	8432.95
329.24	10918.60
329.61	7112.89
329.97	8386.14
330.34	6279.66
330.70	7115.23
331.07	10417.72
331.43	8379.12
331.80	13078.91
332.16	10200.05
332.52	6069.01
332.89	8042.08
333.25	5441.75
333.62	12121.63
333.98	6778.19
334.35	6803.94
334.71	7272.04
335.08	5844.32
335.44	11683.95
335.81	11873.54
336.17	10026.86
336.53	7049.69
336.90	5764.74
337.26	8390.82
337.63	9210.01
337.99	7604.40
338.36	5820.91
338.72	9029.79
339.08	7342.26
339.45	5762.40
339.81	9252.14
340.18	6656.48
340.54	10363.89
340.90	6246.89
341.27	6782.87
341.63	8124.00
341.99	5366.85
342.36	10427.09
342.72	5956.66
343.09	10139.20
343.45	6267.95
343.81	10417.72
344.18	5570.48
344.54	6846.07
344.90	7712.07
345.27	7405.46
345.63	6839.05
345.99	8657.64
346.36	7206.51
346.72	5870.06
347.08	6031.56
347.45	5411.32
347.81	9863.02
348.17	7349.28
348.54	5708.57
348.90	8699.77
349.26	9575.13
349.62	10705.61
349.99	5320.04
350.35	5167.90
350.71	7683.98
351.08	7021.61
351.44	5083.64
351.80	13085.94
352.16	11405.43
352.53	5921.56
352.89	8231.66
353.25	10787.53
353.61	6502.01
353.98	8559.34
354.34	10003.45
354.70	6401.37
355.06	5193.65
355.43	7045.01
355.79	6569.88
356.15	6581.59
356.51	5940.28
356.88	6033.90
357.24	6698.61
357.60	5523.66
357.96	5273.23
358.32	15012.20
358.69	5401.96
359.05	7817.39
359.41	7482.69
359.77	5760.06
360.13	6188.38
360.49	5830.27
360.86	8985.32
361.22	10871.79
361.58	7492.05
361.94	10881.15
362.30	5799.85
362.66	8248.05
363.03	5259.18
363.39	5282.59
363.75	6087.73
364.11	9863.02
364.47	6293.70
364.83	10420.06
365.19	7403.11
365.56	8835.52
365.92	5284.93
366.28	8475.08
366.64	9851.31
367.00	5401.96
367.36	5322.38
367.72	9764.72
368.08	9205.33
368.44	6354.55
368.80	8283.16
369.17	6450.52
369.53	6644.78
369.89	6167.31
370.25	5921.56
370.61	6160.29
370.97	10642.42
371.33	6324.13
371.69	12414.20
372.05	8276.13
372.41	5769.42
372.77	6413.07
373.13	7405.46
373.49	5146.84
373.85	7880.58
374.21	7300.13
374.57	5708.57
374.93	8592.11
375.29	8908.08
375.65	7302.47
376.01	7049.69
376.37	10054.94
376.73	8393.16
377.09	5748.36
377.45	9645.35
377.81	6640.10
378.17	5914.53
378.53	5041.51
378.89	8166.13
379.25	10853.06
379.61	14101.73
379.97	9235.75
380.33	6324.13
380.69	6040.92
381.05	5610.26
381.41	8929.14
381.77	7185.44
382.13	8458.70
382.49	14438.76
382.85	7379.71
383.21	8716.16
383.57	5172.58
383.93	10265.59
384.28	5156.20
384.64	6363.92
385.00	7407.80
385.36	7255.66
385.72	8908.08
386.08	5856.02
386.44	8571.04
386.80	8784.03
387.16	10576.88
387.52	9273.20
387.87	13729.58
388.23	7925.05
388.59	6022.20
388.95	5444.09
389.31	6665.85
389.67	6558.18
390.03	6155.61
390.38	6429.45
390.74	5004.07
391.10	9294.27
391.46	7391.41
391.82	5874.74
392.18	8187.19
392.54	4943.21
392.89	5593.88
393.25	8149.75
393.61	5570.48
393.97	5341.10
394.33	7740.15
394.68	6670.53
395.04	5458.13
395.40	7136.29
395.76	9048.51
396.12	7283.75
396.47	5884.11
396.83	6808.62
397.19	5521.32
397.55	5743.67
397.90	7145.66
398.26	7288.43
398.62	5666.44
398.98	4915.12
399.33	6628.40
399.69	24091.13
400.05	8145.06
400.41	5717.93
400.76	8578.06
401.12	10076.01
401.48	7707.38
401.84	5956.66
402.19	6216.46
402.55	7655.89
402.91	7047.35
403.26	5193.65
403.62	8400.18
403.98	6958.41
404.34	4695.11
404.69	6848.41
405.05	9142.13
405.41	13783.41
405.76	5731.97
406.12	5729.63
406.48	6670.53
406.83	6019.86
407.19	8273.79
407.55	7688.66
407.90	14064.28
408.26	8327.63
408.62	9102.34
408.97	6937.35
409.33	5362.17
409.68	5778.78
410.04	7536.52
410.40	5802.19
410.75	8133.36
411.11	5818.57
411.47	7337.58
411.82	6551.16
412.18	7143.32
412.53	6623.72
412.89	6090.07
413.25	6689.25
413.60	7091.82
413.96	5221.74
414.31	6239.87
414.67	7339.92
415.03	5228.76
415.38	5575.16
415.74	6282.00
416.09	6263.27
416.45	8334.65
416.80	5916.87
417.16	8341.67
417.51	6574.56
417.87	6331.15
418.23	7604.40
418.58	7880.58
418.94	4865.97
419.29	5966.03
419.65	7529.50
420.00	8638.92
420.36	8238.69
420.71	8163.79
421.07	5437.06
421.42	7005.22
421.78	9109.36
422.13	6546.48
422.49	5343.44
422.84	7302.47
423.20	5160.88
423.55	5469.83
423.91	5390.25
424.26	13635.96
424.61	8100.59
424.97	10956.05
425.32	5806.87
425.68	6506.69
426.03	7339.92
426.39	9874.72
426.74	9818.55
427.10	9158.52
427.45	6129.86
427.80	7304.81
428.16	6768.83
428.51	6796.92
428.87	7435.88
429.22	9296.61
429.58	9954.30
429.93	9827.91
430.28	5980.07
430.64	6106.46
430.99	5254.50
431.35	7356.30
431.70	6408.39
432.05	6576.91
432.41	8100.59
432.76	7646.53
433.11	7822.07
433.47	7527.16
433.82	10513.69
434.17	7964.84
434.53	7700.36
434.88	13734.26
435.24	7641.85
435.59	7346.94
435.94	5626.65
436.30	8252.73
436.65	6406.05
437.00	9205.33
437.35	15775.21
437.71	6672.87
438.06	6221.14
438.41	5994.11
438.77	7758.88
439.12	5170.24
439.47	4732.56
439.83	7653.55
440.18	5062.58
440.53	6422.43
440.88	11789.28
441.24	8360.39
441.59	5565.79
441.94	6300.72
442.30	8217.62
442.65	12276.11
443.00	6906.92
443.35	10373.25
443.71	6303.06
444.06	9413.63
444.41	8021.02
444.76	11056.69
445.11	7112.89
445.47	10033.88
445.82	8870.63
446.17	5767.08
446.52	9944.94
446.88	7091.82
447.23	5172.58
447.58	7817.39
447.93	6017.52
448.28	29319.89
448.63	10799.23
448.99	6895.22
449.34	8180.17
449.69	8547.64
450.04	5996.45
450.39	5902.83
450.74	7119.91
451.10	6979.48
451.45	6986.50
451.80	7555.25
452.15	9975.36
452.50	8032.72
452.85	9755.35
453.21	8971.27
453.56	7637.17
453.91	6623.72
454.26	7421.84
454.61	5722.61
454.96	8329.97
455.31	6637.76
455.66	6338.17
456.01	8079.53
456.36	6242.21
456.72	6076.03
457.07	7520.14
457.42	10052.60
457.77	9008.72
458.12	5926.24
458.47	7234.60
458.82	9533.00
459.17	6867.13
459.52	7243.96
459.87	11826.73
460.22	5579.84
460.57	7070.76
460.92	6033.90
461.27	8074.85
461.62	6476.26
461.97	5624.31
462.32	11981.20
462.67	10513.69
463.02	13617.24
463.38	13434.68
463.73	8786.37
464.08	12091.21
464.43	7604.40
464.78	5430.04
465.12	8035.06
465.47	8313.58
465.82	27599.60
466.17	6434.13
466.52	8755.94
466.87	6242.21
467.22	6050.28
467.57	5142.16
467.92	7646.53
468.27	10857.75
468.62	14618.99
468.97	6635.42
469.32	4837.89
469.67	15503.71
470.02	14061.94
470.37	6118.16
470.72	7396.09
471.07	5266.21
471.42	6551.16
471.76	6668.19
472.11	6637.76
472.46	8236.35
472.81	14721.97
473.16	5907.51
473.51	5937.94
473.86	5282.59
474.21	6450.52
474.56	6239.87
474.90	6349.87
475.25	9589.17
475.60	8512.53
475.95	6008.16
476.30	11005.20
476.65	10197.71
477.00	14794.53
477.34	11054.35
477.69	5500.26
478.04	9240.44
478.39	7080.12
478.74	5717.93
479.09	5111.73
479.43	7030.97
479.78	4912.78
480.13	12322.92
480.48	10218.78
480.83	7089.48
481.17	5418.34
481.52	7232.26
481.87	6509.03
482.22	11716.72
482.57	6537.12
482.91	9006.38
483.26	7868.88
483.61	6513.71
483.96	7335.24
484.30	65535.00
484.65	12299.52
485.00	5832.62
485.35	6698.61
485.69	5954.32
486.04	6579.25
486.39	7508.44
486.74	7529.50
487.08	5252.16
487.43	7903.99
487.78	5008.75
488.12	8077.19
488.47	5961.34
488.82	10399.00
489.17	5844.32
489.51	5151.52
489.86	7929.74
490.21	5088.32
490.55	7630.15
490.90	5226.42
491.25	6476.26
491.59	5446.43
491.94	12671.66
492.29	6200.08
492.63	6981.82
492.98	4901.08
493.33	7372.69
493.67	6286.68
494.02	5483.88
494.37	5401.96
494.71	8093.57
495.06	6066.67
495.40	10279.63
495.75	5996.45
496.10	10193.03
496.44	6895.22
496.79	7955.48
497.13	5914.53
497.48	14160.24
497.83	10134.52
498.17	8023.36
498.52	6188.38
498.86	8557.00
499.21	6614.35
499.56	5856.02
499.90	6513.71
500.25	5273.23
500.59	6827.34
500.94	7653.55
501.28	8472.74
501.63	9652.37
501.97	6401.37
502.32	5797.51
502.67	7803.35
503.01	5413.66
503.36	6153.27
503.70	6024.54
504.05	8095.91
504.39	9268.52
504.74	6593.29
505.08	10712.63
505.43	4587.45
505.77	5416.00
506.12	7356.30
506.46	6476.26
506.81	5755.38
507.15	5774.10
507.49	6286.68
507.84	5434.72
508.18	7513.12
508.53	7227.57
508.87	6909.26
509.22	6366.26
509.56	65535.00
509.91	18958.34
510.25	6906.92
510.60	4978.32
510.94	8915.10
511.28	4748.95
511.63	9275.54
511.97	7695.68
512.32	8748.92
512.66	5727.29
513.00	6986.50
513.35	9198.31
513.69	5755.38
514.04	8262.09
514.38	8678.71
514.72	7492.05
515.07	5729.63
515.41	5785.80
515.76	5879.43
516.10	6963.09
516.44	8760.63
516.79	6195.40
517.13	5413.66
517.47	9092.98
517.82	7410.14
518.16	6698.61
518.50	7255.66
518.85	7431.20
519.19	9963.66
519.53	13238.07
519.88	8823.82
520.22	6509.03
520.56	7002.88
520.91	5357.49
521.25	5469.83
521.59	6670.53
521.93	7712.07
522.28	6513.71
522.62	7646.53
522.96	9008.72
523.31	6441.15
523.65	7775.26
523.99	8365.07
524.33	11360.96
524.68	8133.36
525.02	5315.36
525.36	7583.34
525.70	5097.69
526.05	5888.79
526.39	5626.65
526.73	8374.44
527.07	7164.38
527.41	10420.06
527.76	5844.32
528.10	6462.22
528.44	7803.35
528.78	6705.63
529.12	8564.02
529.47	6476.26
529.81	9069.58
530.15	9193.62
530.49	8198.90
530.83	4938.53
531.18	5504.94
531.52	6698.61
531.86	5287.27
532.20	7068.42
532.54	9530.66
532.88	4875.34
533.22	6665.85
533.57	5949.64
533.91	9139.79
534.25	5404.30
534.59	10775.83
534.93	8587.43
535.27	5659.42
535.61	6490.31
535.95	10764.12
536.30	5263.86
536.64	6766.49
536.98	4456.38
537.32	6345.19
537.66	4938.53
538.00	8091.23
538.34	8248.05
538.68	8035.06
539.02	11393.73
539.36	6122.84
539.70	5263.86
540.04	6476.26
540.39	19569.22
540.73	5675.80
541.07	6832.02
541.41	7478.01
541.75	7630.15
542.09	9687.48
542.43	7735.47
542.77	6979.48
543.11	7489.71
543.45	6888.20
543.79	9357.46
544.13	6523.07
544.47	6483.28
544.81	5886.45
545.15	8210.60
545.49	6684.57
545.83	5640.69
546.17	6258.59
546.51	4802.78
546.85	5966.03
547.19	10899.87
547.53	5303.65
547.87	8510.19
548.21	11854.81
548.54	6995.86
548.88	5970.71
549.22	5682.82
549.56	5245.14
549.90	6054.97
550.24	6888.20
550.58	5715.59
550.92	9678.12
551.26	6153.27
551.60	10995.84
551.94	6235.19
552.28	6384.98
552.61	8149.75
552.95	6429.45
553.29	5804.53
553.63	6981.82
553.97	11087.12
554.31	9170.22
554.65	10340.49
554.99	10052.60
555.32	6188.38
555.66	7978.89
556.00	4770.01
556.34	6726.70
556.68	7330.56
557.02	8971.27
557.36	7145.66
557.69	6726.70
558.03	6174.33
558.37	12369.73
558.71	14518.34
559.05	10338.15
559.38	11360.96
559.72	5654.73
560.06	8671.68
560.40	8205.92
560.74	9682.80
561.07	7976.55
561.41	9022.77
561.75	7721.43
562.09	6132.20
562.42	8891.70
562.76	8142.72
563.10	7101.19
563.44	23920.28
563.77	7646.53
564.11	8154.43
564.45	9647.69
564.79	7962.50
565.12	7178.42
565.46	7353.96
565.80	7641.85
566.14	7414.82
566.47	9067.24
566.81	5743.67
567.15	7148.00
567.48	7716.75
567.82	8287.84
568.16	7705.04
568.49	5757.72
568.83	5327.06
569.17	6822.66
569.50	7576.31
569.84	10553.48
570.18	7903.99
570.51	11316.49
570.85	6764.15
571.19	6612.01
571.52	5886.45
571.86	7346.94
572.20	6225.82
572.53	10846.04
572.87	5872.40
573.21	5593.88
573.54	5453.45
573.88	7707.38
574.21	7307.15
574.55	6663.51
574.89	6277.32
575.22	8898.72
575.56	6157.95
575.89	6179.01
576.23	6431.79
576.57	7868.88
576.90	5898.15
577.24	7414.82
577.57	5399.62
577.91	7637.17
578.24	5069.60
578.58	6780.53
578.91	7950.80
579.25	5991.77
579.59	7124.59
579.92	6693.93
580.26	5371.53
580.59	7861.86
580.93	7557.59
581.26	6303.06
581.60	7782.28
581.93	8266.77
582.27	10995.84
582.60	5685.16
582.94	7295.45
583.27	5558.77
583.61	6766.49
583.94	7377.37
584.28	5207.69
584.61	6490.31
584.94	8154.43
585.28	7934.42
585.61	8582.74
585.95	8198.90
586.28	11503.73
586.62	13029.76
586.95	6899.90
587.29	11861.84
587.62	15293.06
587.95	5556.43
588.29	7302.47
588.62	8283.16
588.96	9153.84
589.29	6263.27
589.62	6136.88
589.96	6527.75
590.29	6132.20
590.63	5186.63
590.96	8601.47
591.29	8856.59
591.63	9387.89
591.96	5549.41
592.29	6490.31
592.63	6164.97
592.96	7524.82
593.30	11604.38
593.63	7648.87
593.96	5731.97
594.30	6408.39
594.63	7765.90
594.96	11777.58
595.30	6981.82
595.63	6415.41
595.96	5991.77
596.29	7798.66
596.63	6284.34
596.96	8631.90
597.29	7918.03
597.63	5114.07
597.96	9949.62
598.29	9631.30
598.63	9439.38
598.96	5865.38
599.29	6256.25
599.62	6047.94
599.96	6113.48
600.29	6743.08
600.62	5781.12
600.95	6111.14
601.29	6738.40
601.62	7520.14
601.95	6841.39
602.28	5935.60
602.61	19557.52
602.95	7119.91
603.28	11873.54
603.61	5940.28
603.94	9364.48
604.27	5844.32
604.61	8336.99
604.94	7941.44
605.27	7447.58
605.60	5582.18
605.93	6012.84
606.27	9137.45
606.60	5867.72
606.93	5214.71
607.26	11101.16
607.59	7005.22
607.92	9799.82
608.26	5959.00
608.59	6054.97
608.92	6614.35
609.25	5554.09
609.58	7625.47
609.91	8369.76
610.24	13303.60
610.57	8004.63
610.90	9434.70
611.24	5107.05
611.57	5217.05
611.90	9008.72
612.23	6939.69
612.56	8870.63
612.89	8468.06
613.22	8709.13
613.55	5156.20
613.88	9125.75
614.21	5738.99
614.54	7925.05
614.87	5764.74
615.20	4844.91
615.53	9820.89
615.87	6054.97
616.20	7246.30
616.53	10050.26
616.86	7012.24
617.19	7908.67
617.52	6197.74
617.85	6438.81
618.18	6005.81
618.51	6494.99
618.84	8519.55
619.17	6710.32
619.50	10565.18
619.83	10143.88
620.16	8308.90
620.49	6293.70
620.82	13884.06
621.14	10504.32
621.47	6609.67
621.80	9540.02
622.13	7314.17
622.46	14284.29
622.79	8367.42
623.12	5479.19
623.45	9060.21
623.78	8535.93
624.11	5668.78
624.44	7662.91
624.77	5511.96
625.10	5865.38
625.43	5579.84
625.75	7372.69
626.08	5959.00
626.41	5757.72
626.74	6927.99
627.07	6326.47
627.40	12152.06
627.73	6408.39
628.06	5811.55
628.38	4744.27
628.71	8791.05
629.04	9757.69
629.37	8613.17
629.70	7325.88
630.03	5771.76
630.36	9738.97
630.68	8821.48
631.01	6228.17
631.34	10705.61
631.67	6300.72
632.00	4992.36
632.32	8727.86
632.65	9958.98
632.98	7658.23
633.31	7014.59
633.64	9186.60
633.96	5867.72
634.29	10738.38
634.62	7201.83
634.95	7646.53
635.27	7398.43
635.60	8365.07
635.93	7749.51
636.26	7936.76
636.58	6333.49
636.91	6045.60
637.24	5930.92
637.57	7274.38
637.89	8271.45
638.22	6146.25
638.55	7307.15
638.87	7630.15
639.20	8737.22
639.53	7915.69
639.86	6155.61
640.18	5701.54
640.51	7304.81
640.84	7852.50
641.16	5621.97
641.49	7442.90
641.82	5600.90
642.14	5806.87
642.47	13996.40
642.80	6820.32
643.12	9270.86
643.45	6747.76
643.78	7192.47
644.10	6134.54
644.43	7133.95
644.75	9987.07
645.08	5233.44
645.41	7932.08
645.73	5755.38
646.06	14883.47
646.39	8992.34
646.71	6331.15
647.04	5858.36
647.36	5186.63
647.69	8524.23
648.01	7311.83
648.34	6026.88
648.67	9820.89
648.99	10333.47
649.32	5996.45
649.64	5394.93
649.97	4704.48
650.29	5338.76
650.62	14216.41
650.94	7082.46
651.27	10993.50
651.59	6801.60
651.92	6036.24
652.25	8004.63
652.57	5645.37
652.90	5750.70
653.22	7400.77
653.55	7531.84
653.87	5043.85
654.20	7332.90
654.52	10857.75
654.84	6754.79
655.17	8112.30
655.49	11173.72
655.82	6504.35
656.14	7644.19
656.47	8454.02
656.79	11487.35
657.12	6413.07
657.44	6352.21
657.77	8833.18
658.09	7454.61
658.41	6808.62
658.74	8344.01
659.06	5486.22
659.39	6909.26
659.71	6054.97
660.03	6925.65
660.36	6438.81
660.68	9762.37
661.01	13207.64
661.33	10518.37
661.65	6094.76
661.98	13724.90
662.30	10265.59
662.63	7096.50
662.95	6750.10
663.27	6022.20
663.60	5446.43
663.92	6867.13
664.24	6719.68
664.57	5764.74
664.89	6139.23
665.21	6141.57
665.54	9385.55
665.86	7316.51
666.18	7658.23
666.51	10186.01
666.83	6494.99
667.15	15068.37
667.47	9366.82
667.80	8372.10
668.12	6040.92
668.44	7396.09
668.77	8617.85
669.09	10143.88
669.41	8971.27
669.73	5413.66
670.06	7023.95
670.38	6558.18
670.70	5359.83
671.02	8105.28
671.35	6363.92
671.67	10553.48
671.99	6637.76
672.31	10050.26
672.63	7789.30
672.96	10897.53
673.28	6340.51
673.60	7375.03
673.92	7246.30
674.24	5877.09
674.57	5933.26
674.89	9771.74
675.21	6651.80
675.53	9013.40
675.85	9928.55
676.17	10125.16
676.50	5851.34
676.82	9891.10
677.14	7363.33
677.46	14628.35
677.78	5406.64
678.10	9434.70
678.42	7077.78
678.75	6455.20
679.07	5565.79
679.39	7143.32
679.71	6459.88
680.03	6265.61
680.35	6230.51
680.67	6427.11
680.99	6078.37
681.31	5390.25
681.63	8147.40
681.96	10115.80
682.28	6347.53
682.60	5966.03
682.92	8566.36
683.24	5497.92
683.56	8617.85
683.88	6209.44
684.20	6789.89
684.52	6251.57
684.84	6312.42
685.16	6459.88
685.48	8816.80
685.80	7698.02
686.12	8463.38
686.44	11714.38
686.76	6860.11
687.08	5275.57
687.40	5708.57
687.72	9125.75
688.04	6527.75
688.36	14501.96
688.68	10846.04
689.00	7896.97
689.32	6548.82
689.64	6555.84
689.96	6925.65
690.28	9633.64
690.60	10209.42
690.92	6094.76
691.24	8325.29
691.56	6637.76
691.88	6892.88
692.19	5785.80
692.51	9111.71
692.83	8100.59
693.15	9036.81
693.47	7936.76
693.79	7356.30
694.11	9612.58
694.43	8021.02
694.75	6846.07
695.06	7241.62
695.38	10246.87
695.70	7302.47
696.02	7485.03
696.34	6494.99
696.66	6417.75
696.98	5224.08
697.29	7281.41
697.61	11248.61
697.93	9937.91
698.25	13799.80
698.57	7983.57
698.89	5467.49
699.20	6628.40
699.52	11122.23
699.84	5029.81
700.16	6993.52
700.48	10576.88
700.79	5820.91
701.11	11784.60
701.43	9224.05
701.75	6157.95
702.07	6796.92
702.38	11768.21
702.70	6104.12
703.02	5900.49
703.34	8678.71
703.65	7197.15
703.97	6523.07
704.29	4983.00
704.61	5722.61
704.92	8985.32
705.24	6633.08
705.56	9474.49
705.87	9856.00
706.19	7276.73
706.51	6782.87
706.82	9961.32
707.14	6125.18
707.46	5238.12
707.78	5736.65
708.09	8383.80
708.41	9678.12
708.73	7557.59
709.04	10097.07
709.36	6665.85
709.68	7101.19
709.99	12985.29
710.31	10253.89
710.62	7353.96
710.94	6466.90
711.26	8070.17
711.57	6691.59
711.89	5628.99
712.21	15246.25
712.52	7199.49
712.84	10628.37
713.15	7709.72
713.47	9060.21
713.79	5518.98
714.10	6190.72
714.42	6696.27
714.73	10761.78
715.05	5294.29
715.36	5636.01
715.68	6064.33
715.99	6462.22
716.31	9525.98
716.63	8561.68
716.94	9378.53
717.26	19782.21
717.57	9392.57
717.89	11435.86
718.20	6076.03
718.52	9483.85
718.83	7225.23
719.15	14593.24
719.46	14319.40
719.78	7744.83
720.09	6995.86
720.41	6033.90
720.72	5687.50
721.04	5809.21
721.35	7009.90
721.67	6892.88
721.98	6614.35
722.29	6450.52
722.61	6066.67
722.92	5022.79
723.24	6747.76
723.55	7433.54
723.87	7880.58
724.18	8826.16
724.50	5593.88
724.81	6993.52
725.12	7117.57
725.44	8201.24
725.75	7751.85
726.07	10471.56
726.38	8255.07
726.69	6729.04
727.01	8779.35
727.32	9111.71
727.63	6502.01
727.95	10602.63
728.26	6328.81
728.58	8936.17
728.89	6583.93
729.20	7091.82
729.52	5916.87
729.83	13558.72
730.14	8533.59
730.46	7098.84
730.77	9886.42
731.08	8559.34
731.39	6794.58
731.71	7148.00
732.02	9210.01
732.33	7243.96
732.65	6612.01
732.96	10490.28
733.27	9067.24
733.59	14047.90
733.90	9605.56
734.21	5689.84
734.52	6965.43
734.84	17011.01
735.15	6497.33
735.46	6771.17
735.77	7531.84
736.09	7066.08
736.40	10801.57
736.71	9092.98
737.02	5432.38
737.33	6506.69
737.65	6843.73
737.96	7250.98
738.27	7693.34
738.58	13394.89
738.89	8545.30
739.21	6256.25
739.52	5163.22
739.83	8603.81
740.14	6207.10
740.45	7297.79
740.76	6392.00
741.08	5664.10
741.39	6972.46
741.70	6406.05
742.01	7662.91
742.32	10083.03
742.63	7562.27
742.94	6118.16
743.26	8620.19
743.57	8121.66
743.88	9228.73
744.19	7803.35
744.50	6806.28
744.81	12606.13
745.12	7157.36
745.43	7213.53
745.74	15250.93
746.05	12636.55
746.36	5195.99
746.67	12091.21
746.99	6853.09
747.30	8456.36
747.61	6502.01
747.92	7716.75
748.23	10120.48
748.54	6841.39
748.85	6794.58
749.16	7494.40
749.47	5895.81
749.78	6565.20
750.09	6520.73
750.40	7985.91
750.71	7648.87
751.02	8482.10
751.33	7131.61
751.64	8163.79
751.95	7164.38
752.26	8620.19
752.57	8769.99
752.88	6722.02
753.19	7346.94
753.50	10492.62
753.81	6923.30
754.11	7368.01
754.42	16872.92
754.73	8060.80
755.04	7911.01
755.35	7864.20
755.66	13685.11
755.97	5849.00
756.28	5863.04
756.59	8479.76
756.90	17116.34
757.21	8177.83
757.52	11019.24
757.82	8077.19
758.13	6399.02
758.44	9898.13
758.75	8472.74
759.06	6368.60
759.37	5968.37
759.68	8042.08
759.98	6340.51
760.29	8587.43
760.60	7796.32
760.91	5500.26
761.22	7037.99
761.53	7581.00
761.83	6228.17
762.14	7358.64
762.45	6436.47
762.76	5668.78
763.07	8351.03
763.37	16067.78
763.68	11250.96
763.99	13504.89
764.30	11688.64
764.60	6382.64
764.91	10113.45
765.22	7864.20
765.53	13317.65
765.84	7915.69
766.14	6988.84
766.45	5703.89
766.76	11040.31
767.06	11810.34
767.37	6801.60
767.68	7316.51
767.99	6925.65
768.29	6368.60
768.60	7344.60
768.91	10087.71
769.21	12975.93
769.52	11089.46
769.83	7258.00
770.13	7325.88
770.44	6825.00
770.75	9088.30
771.05	7419.50
771.36	8858.93
771.67	7747.17
771.97	6822.66
772.28	6974.80
772.59	7709.72
772.89	9369.16
773.20	6333.49
773.51	6548.82
773.81	11882.90
774.12	5959.00
774.42	7344.60
774.73	5888.79
775.04	6108.80
775.34	21572.72
775.65	8304.22
775.95	12760.60
776.26	8147.40
776.56	6567.54
776.87	8517.21
777.18	65535.00
777.48	13619.58
777.79	7819.73
778.09	11084.78
778.40	6712.66
778.70	6825.00
779.01	10803.91
779.31	7566.95
779.62	6789.89
779.92	8966.59
780.23	8634.24
780.53	5746.02
780.84	7052.03
781.14	6518.39
781.45	6619.04
781.75	9411.29
782.06	6267.95
782.36	8091.23
782.67	6073.69
782.97	6424.77
783.28	13188.92
783.58	6754.79
783.89	6616.69
784.19	8603.81
784.49	12711.45
784.80	7129.27
785.10	13055.51
785.41	6197.74
785.71	8634.24
786.02	8276.13
786.32	14005.77
786.62	9207.67
786.93	11817.36
787.23	6626.06
787.54	6991.18
787.84	12585.06
788.14	8711.47
788.45	5526.00
788.75	10106.43
789.05	5935.60
789.36	7150.34
789.66	13542.34
789.96	9312.99
790.27	7545.89
790.57	7440.56
790.87	6118.16
791.18	6469.24
791.48	6422.43
791.78	8395.50
792.09	8758.28
792.39	6296.04
792.69	9799.82
793.00	8390.82
793.30	8936.17
793.60	5767.08
793.90	5462.81
794.21	8425.93
794.51	16891.65
794.81	10579.22
795.11	7468.65
795.42	6352.21
795.72	11232.23
796.02	9425.34
796.32	8446.99
796.63	8561.68
796.93	10125.16
797.23	9090.64
797.53	7929.74
797.84	10366.23
798.14	6389.66
798.44	8126.34
798.74	8498.49
799.04	8152.09
799.34	5919.21
799.65	15892.24
799.95	7838.45
800.25	7138.63
800.55	6820.32
800.85	7983.57
801.15	6282.00
801.46	7197.15
801.76	17848.93
802.06	6679.89
802.36	9132.77
802.66	6846.07
802.96	9291.93
803.26	10476.24
803.56	13284.88
803.87	16505.46
804.17	7150.34
804.47	9741.31
804.77	10520.71
805.07	10516.03
805.37	9678.12
805.67	9015.74
805.97	6965.43
806.27	7433.54
806.57	6841.39
806.87	11548.20
807.17	7978.89
807.47	11353.94
807.77	11035.63
808.07	6787.55
808.37	11506.07
808.67	7693.34
808.98	15410.09
809.28	6960.75
809.58	15571.58
809.88	10445.81
810.18	14567.49
810.47	7159.70
810.77	7353.96
811.07	9322.35
811.37	8702.11
811.67	6167.31
811.97	5345.78
812.27	6193.06
812.57	5439.40
812.87	6492.65
813.17	6380.30
813.47	6176.67
813.77	6796.92
814.07	6602.65
814.37	10073.67
814.67	6338.17
814.97	7344.60
815.27	6228.17
815.56	8671.68
815.86	11194.78
816.16	8086.55
816.46	5930.92
816.76	6532.44
817.06	10305.38
817.36	12105.25
817.66	7644.19
817.95	6066.67
818.25	8407.20
818.55	10022.17
818.85	9252.14
819.15	6670.53
819.45	13151.47
819.75	7267.36
820.04	7419.50
820.34	15604.35
820.64	9741.31
820.94	12587.40
821.24	7061.40
821.53	6970.12
821.83	6497.33
822.13	5982.41
822.43	6946.71
822.72	5652.39
823.02	6455.20
823.32	6050.28
823.62	7978.89
823.91	14668.14
824.21	5767.08
824.51	8439.97
824.81	7061.40
825.10	5778.78
825.40	9315.33
825.70	7683.98
826.00	12264.41
826.29	6583.93
826.59	8212.94
826.89	7033.31
827.18	6342.85
827.48	6387.32
827.78	6045.60
828.07	7557.59
828.37	9397.25
828.67	8079.53
828.96	7552.91
829.26	6324.13
829.56	10567.52
829.85	6600.31
830.15	8217.62
830.45	5607.92
830.74	12142.70
831.04	9217.03
831.34	10230.48
831.63	13528.30
831.93	9799.82
832.22	9378.53
832.52	7433.54
832.82	5944.96
833.11	6064.33
833.41	6216.46
833.70	6595.63
834.00	10403.68
834.29	7805.69
834.59	5715.59
834.89	8554.66
835.18	7054.37
835.48	13011.04
835.77	8875.31
836.07	9076.60
836.36	8795.73
836.66	10129.84
836.95	7241.62
837.25	6518.39
837.54	7377.37
837.84	6661.16
838.13	7932.08
838.43	6282.00
838.72	13558.72
839.02	10487.94
839.31	6221.14
839.61	10459.85
839.90	5760.06
840.20	7534.18
840.49	5933.26
840.78	8458.70
841.08	9102.34
841.37	6935.01
841.67	5701.54
841.96	8725.52
842.26	7803.35
842.55	5666.44
842.84	6122.84
843.14	10029.20
843.43	5544.73
843.73	7382.05
844.02	5703.89
844.31	7061.40
844.61	6771.17
844.90	8203.58
845.20	7569.29
845.49	5301.31
845.78	6803.94
846.08	5900.49
846.37	5011.09
846.66	8444.65
846.96	8882.33
847.25	8336.99
847.54	5643.03
847.84	8943.19
848.13	7140.97
848.42	9708.54
848.72	6225.82
849.01	8669.34
849.30	6509.03
849.59	6211.78
849.89	6303.06
850.18	11990.56
850.47	6040.92
850.76	15983.52
851.06	14319.40
851.35	8465.72
851.64	9610.24
851.93	7819.73
852.23	10661.14
852.52	6885.86
852.81	6565.20
853.10	6427.11
853.40	5408.98
853.69	5518.98
853.98	7260.34
854.27	9715.56
854.56	6609.67
854.86	8599.13
855.15	7658.23
855.44	8168.47
855.73	5495.58
856.02	6541.80
856.31	9661.73
856.61	8432.95
856.90	6839.05
857.19	5788.14
857.48	5654.73
857.77	5825.59
858.06	4910.44
858.35	5771.76
858.65	11176.06
858.94	9289.59
859.23	7136.29
859.52	8987.66
859.81	11646.51
860.10	6286.68
860.39	9205.33
860.68	7538.87
860.97	6036.24
861.26	6321.79
861.55	11819.71
861.85	7431.20
862.14	9125.75
862.43	9544.70
862.72	7824.41
863.01	5631.33
863.30	6647.12
863.59	7227.57
863.88	6951.39
864.17	7250.98
864.46	6164.97
864.75	14583.88
865.04	7693.34
865.33	5650.05
865.62	10874.13
865.91	6324.13
866.20	8706.79
866.49	6820.32
866.78	6890.54
867.07	6516.05
867.36	9848.97
867.65	9617.26
867.93	8730.20
868.22	7258.00
868.51	7066.08
868.80	7510.78
869.09	6930.33
869.38	6179.01
869.67	12187.17
869.96	12187.17
870.25	12187.17
