178.76	1680.50
179.14	1680.50
179.52	1680.50
179.90	1682.85
180.28	11103.50
180.66	6169.65
181.04	8449.33
181.42	7478.01
181.80	6282.00
182.18	11232.23
182.55	6008.16
182.93	7414.82
183.31	7325.88
183.69	8063.15
184.07	8248.05
184.45	7176.08
184.83	7332.90
185.21	6736.06
185.59	7037.99
185.97	16854.20
186.35	12212.92
186.72	7314.17
187.10	7307.15
187.48	11941.41
187.86	9228.73
188.24	6740.74
188.62	6569.88
189.00	11215.85
189.38	8079.53
189.75	7456.95
190.13	7978.89
190.51	6394.34
190.89	15618.39
191.27	21638.25
191.65	7105.87
192.03	7955.48
192.40	10721.99
192.78	7763.56
193.16	8924.46
193.54	12636.55
193.92	11103.50
194.30	6874.15
194.67	9748.33
195.05	8620.19
195.43	7597.38
195.81	7108.21
196.19	10782.85
196.56	7889.95
196.94	7442.90
197.32	11894.60
197.70	6649.46
198.08	8772.33
198.45	6600.31
198.83	7744.83
199.21	6773.51
199.59	12697.41
199.97	8184.85
200.34	5961.34
200.72	6780.53
201.10	14342.80
201.48	10473.90
201.85	6523.07
202.23	7002.88
202.61	6715.00
202.99	16503.12
203.36	6642.44
203.74	9245.12
204.12	7332.90
204.49	6555.84
204.87	8884.67
205.25	7302.47
205.63	5888.79
206.00	6438.81
206.38	8044.42
206.76	9771.74
207.14	6789.89
207.51	6036.24
207.89	11112.86
208.27	6471.58
208.64	5448.77
209.02	6911.60
209.40	7105.87
209.77	5713.25
210.15	15257.95
210.53	6040.92
210.90	11550.54
211.28	6359.24
211.66	12290.15
212.03	6726.70
212.41	6083.05
212.79	7391.41
213.16	6026.88
213.54	7882.92
213.92	8135.70
214.29	5706.23
214.67	6684.57
215.05	7016.93
215.42	9462.79
215.80	6972.46
216.17	6895.22
216.55	8016.33
216.93	5799.85
217.30	9146.81
217.68	6590.95
218.05	6871.81
218.43	6626.06
218.81	6918.62
219.18	11485.01
219.56	6813.30
219.93	6729.04
220.31	6600.31
220.69	6073.69
221.06	6272.64
221.44	7667.60
221.81	6445.84
222.19	5624.31
222.56	6263.27
222.94	7070.76
223.32	7721.43
223.69	6450.52
224.07	9020.42
224.44	12744.22
224.82	7824.41
225.19	8603.81
225.57	7712.07
225.94	6731.38
226.32	7515.46
226.69	12343.99
227.07	8802.75
227.44	6820.32
227.82	8063.15
228.19	7250.98
228.57	8730.20
228.94	11929.71
229.32	9778.76
229.69	9177.24
230.07	6956.07
230.44	6249.23
230.82	11152.65
231.19	9610.24
231.57	5741.33
231.94	5750.70
232.32	9188.94
232.69	7056.72
233.07	7822.07
233.44	8283.16
233.82	7140.97
234.19	7634.83
234.57	10303.04
234.94	6478.60
235.31	6815.64
235.69	7386.73
236.06	7878.24
236.44	8851.91
236.81	5994.11
237.19	7913.35
237.56	11826.73
237.93	6539.46
238.31	7742.49
238.68	7108.21
239.06	7735.47
239.43	9069.58
239.81	8149.75
240.18	5994.11
240.55	6256.25
240.93	13170.19
241.30	7896.97
241.67	7368.01
242.05	8905.74
242.42	9963.66
242.80	5907.51
243.17	7775.26
243.54	7871.22
243.92	9537.68
244.29	7243.96
244.66	7665.25
245.04	10438.79
245.41	16585.04
245.78	5949.64
246.16	6913.94
246.53	8931.48
246.90	7183.10
247.28	13149.13
247.65	7110.55
248.02	7297.79
248.40	10057.28
248.77	7618.44
249.14	8650.62
249.52	7101.19
249.89	8762.97
250.26	6289.02
250.64	7597.38
251.01	15683.93
251.38	6043.26
251.75	7393.75
252.13	6979.48
252.50	9146.81
252.87	13642.98
253.25	6239.87
253.62	7957.82
253.99	5860.70
254.36	9397.25
254.74	6785.21
255.11	6483.28
255.48	5731.97
255.85	14527.71
256.23	5846.66
256.60	5472.17
256.97	7068.42
257.34	8442.31
257.71	7775.26
258.09	6810.96
258.46	7803.35
258.83	11386.71
259.20	9989.41
259.58	7021.61
259.95	7255.66
260.32	9582.15
260.69	6120.50
261.06	10895.19
261.44	6349.87
261.81	13558.72
262.18	8163.79
262.55	6628.40
262.92	7363.33
263.29	6822.66
263.67	5961.34
264.04	6668.19
264.41	7023.95
264.78	6511.37
265.15	10471.56
265.52	12835.50
265.90	7660.57
266.27	6588.61
266.64	5879.43
267.01	5631.33
267.38	8320.60
267.75	6326.47
268.12	5336.42
268.50	7178.42
268.87	6511.37
269.24	6399.02
269.61	7793.98
269.98	8423.59
270.35	8149.75
270.72	6375.62
271.09	7063.74
271.46	6970.12
271.83	8028.04
272.21	9488.53
272.58	6176.67
272.95	6628.40
273.32	7541.21
273.69	7508.44
274.06	5771.76
274.43	6413.07
274.80	7239.28
275.17	7999.95
275.54	18202.35
275.91	7662.91
276.28	7571.63
276.65	7932.08
277.02	11730.76
277.39	6429.45
277.76	6441.15
278.13	8566.36
278.50	9149.15
278.87	10707.95
279.24	9437.04
279.61	8671.68
279.98	10333.47
280.35	6480.94
280.72	7648.87
281.09	7365.67
281.46	7510.78
281.83	6305.40
282.20	8217.62
282.57	6906.92
282.94	8351.03
283.31	6705.63
283.68	8182.51
284.05	5977.73
284.42	5523.66
284.79	8044.42
285.16	8760.63
285.53	7623.12
285.90	7536.52
286.27	15356.25
286.64	5895.81
287.01	6539.46
287.38	8905.74
287.75	59592.38
288.12	8849.57
288.49	17095.27
288.86	6197.74
289.23	6331.15
289.59	6415.41
289.96	6307.74
290.33	6574.56
290.70	6991.18
291.07	8685.73
291.44	8255.07
291.81	6127.52
292.18	7768.24
292.55	6909.26
292.91	12929.12
293.28	8463.38
293.65	11234.57
294.02	7920.37
294.39	5895.81
294.76	7234.60
295.13	7683.98
295.50	7304.81
295.86	7225.23
296.23	6857.77
296.60	6179.01
296.97	6693.93
297.34	7482.69
297.71	9137.45
298.07	7513.12
298.44	5638.35
298.81	8198.90
299.18	7698.02
299.55	10895.19
299.91	7199.49
300.28	7698.02
300.65	5668.78
301.02	8058.46
301.39	8486.78
301.75	13727.24
302.12	8624.87
302.49	7372.69
302.86	10855.40
303.23	7737.81
303.59	6223.48
303.96	17827.86
304.33	9961.32
304.70	15353.91
305.06	6857.77
305.43	10574.54
305.80	8456.36
306.17	9266.18
306.53	6583.93
306.90	9760.03
307.27	7634.83
307.64	11260.32
308.00	6810.96
308.37	6602.65
308.74	12395.48
309.11	9385.55
309.47	6539.46
309.84	5884.11
310.21	7346.94
310.57	7669.94
310.94	6960.75
311.31	7541.21
311.67	8191.88
312.04	5696.86
312.41	9930.89
312.77	8374.44
313.14	6408.39
313.51	7290.77
313.87	6787.55
314.24	6684.57
314.61	6651.80
314.97	6736.06
315.34	7658.23
315.71	5792.83
316.07	9345.76
316.44	5930.92
316.81	9076.60
317.17	6546.48
317.54	15817.34
317.91	6710.32
318.27	5617.29
318.64	6998.20
319.00	9027.45
319.37	5795.17
319.74	9483.85
320.10	9851.31
320.47	6899.90
320.83	10979.45
321.20	7164.38
321.57	6209.44
321.93	6888.20
322.30	7693.34
322.66	6506.69
323.03	8947.87
323.40	8241.03
323.76	6647.12
324.13	6642.44
324.49	5699.20
324.86	19173.67
325.22	7604.40
325.59	7192.47
325.95	8210.60
326.32	9614.92
326.68	9355.12
327.05	7047.35
327.42	6415.41
327.78	6654.14
328.15	9729.61
328.51	6724.36
328.88	8870.63
329.24	11424.15
329.61	7433.54
329.97	8765.31
330.34	6485.62
330.70	7517.80
331.07	10927.96
331.43	8798.07
331.80	13502.55
332.16	10485.60
332.52	6195.40
332.89	8372.10
333.25	5621.97
333.62	12589.74
333.98	7192.47
334.35	7143.32
334.71	7613.76
335.08	6052.63
335.44	12423.56
335.81	12205.89
336.17	10370.91
336.53	7398.43
336.90	6066.67
337.26	8652.96
337.63	9540.02
337.99	7887.61
338.36	5961.34
338.72	9270.86
339.08	7641.85
339.45	6003.47
339.81	9708.54
340.18	6796.92
340.54	10544.11
340.90	6583.93
341.27	6991.18
341.63	8484.44
341.99	5488.56
342.36	10707.95
342.72	6008.16
343.09	10724.33
343.45	6518.39
343.81	11147.97
344.18	5720.27
344.54	7180.76
344.90	7887.61
345.27	7534.18
345.63	7162.04
345.99	9247.46
346.36	7609.08
346.72	5944.96
347.08	6005.81
347.45	5540.05
347.81	10223.46
348.17	7676.96
348.54	5853.68
348.90	9165.54
349.26	9872.38
349.62	10871.79
349.99	5516.64
350.35	5301.31
350.71	8021.02
351.08	7194.81
351.44	5249.82
351.80	13839.59
352.16	11868.86
352.53	6197.74
352.89	8622.53
353.25	11342.24
353.61	6780.53
353.98	8922.12
354.34	10544.11
354.70	6621.38
355.06	5308.34
355.43	7398.43
355.79	6846.07
356.15	6803.94
356.51	5970.71
356.88	6256.25
357.24	6925.65
357.60	5788.14
357.96	5411.32
358.32	15789.25
358.69	5577.50
359.05	8102.93
359.41	7506.10
359.77	5980.07
360.13	6431.79
360.49	6277.32
360.86	9128.09
361.22	11431.18
361.58	7929.74
361.94	11162.01
362.30	5940.28
362.66	8521.89
363.03	5245.14
363.39	5469.83
363.75	6424.77
364.11	10527.73
364.47	6298.38
364.83	10974.77
365.19	7501.42
365.56	9275.54
365.92	5533.03
366.28	8865.95
366.64	10015.15
367.00	5605.58
367.36	5645.37
367.72	10150.90
368.08	9528.32
368.44	6581.59
368.80	8477.42
369.17	6546.48
369.53	6888.20
369.89	6179.01
370.25	6157.95
370.61	6310.08
370.97	11030.94
371.33	6502.01
371.69	13240.41
372.05	8505.51
372.41	5923.90
372.77	6668.19
373.13	7737.81
373.49	5310.68
373.85	8116.98
374.21	7845.48
374.57	5984.75
374.93	8795.73
375.29	9233.41
375.65	7646.53
376.01	7267.36
376.37	10375.59
376.73	8627.21
377.09	5774.10
377.45	10162.61
377.81	6841.39
378.17	6223.48
378.53	5341.10
378.89	8631.90
379.25	11262.66
379.61	14567.49
379.97	9657.05
380.33	6637.76
380.69	6228.17
381.05	5853.68
381.41	9210.01
381.77	7452.27
382.13	8872.97
382.49	15094.11
382.85	7609.08
383.21	8875.31
383.57	5427.70
383.93	10799.23
384.28	5207.69
384.64	6637.76
385.00	7683.98
385.36	7307.15
385.72	9240.44
386.08	5975.39
386.44	9224.05
386.80	9104.68
387.16	10855.40
387.52	10080.69
387.87	13769.37
388.23	8128.68
388.59	6300.72
388.95	5640.69
389.31	6857.77
389.67	6853.09
390.03	6382.64
390.38	6710.32
390.74	5135.14
391.10	10171.97
391.46	7590.36
391.82	6141.57
392.18	8500.83
392.54	4966.62
392.89	5898.15
393.25	8608.49
393.61	5863.04
393.97	5633.67
394.33	8093.57
394.68	6850.75
395.04	5509.62
395.40	7421.84
395.76	9399.59
396.12	7747.17
396.47	5837.30
396.83	7133.95
397.19	5837.30
397.55	5937.94
397.90	7358.64
398.26	7396.09
398.62	5717.93
398.98	5046.20
399.33	6902.24
399.69	25209.91
400.05	8395.50
400.41	6001.13
400.76	8905.74
401.12	10305.38
401.48	7906.33
401.84	6043.26
402.19	6462.22
402.55	7852.50
402.91	7339.92
403.26	5420.68
403.62	8617.85
403.98	7023.95
404.34	4849.59
404.69	7201.83
405.05	9280.22
405.41	14422.38
405.76	6059.65
406.12	6026.88
406.48	6944.37
406.83	6181.35
407.19	8575.72
407.55	8147.40
407.90	14459.83
408.26	8744.24
408.62	9528.32
408.97	7136.29
409.33	5680.48
409.68	5827.93
410.04	7852.50
410.40	6282.00
410.75	8180.17
411.11	5944.96
411.47	7602.06
411.82	6750.10
412.18	7435.88
412.53	6867.13
412.89	6331.15
413.25	6897.56
413.60	7258.00
413.96	5305.99
414.31	6590.95
414.67	7360.98
415.03	5406.64
415.38	5774.10
415.74	6707.98
416.09	6705.63
416.45	8638.92
416.80	5987.09
417.16	8402.52
417.51	6843.73
417.87	6466.90
418.23	8112.30
418.58	8369.76
418.94	5078.96
419.29	6274.98
419.65	7934.42
420.00	9062.55
420.36	8723.18
420.71	8425.93
421.07	5774.10
421.42	7157.36
421.78	9369.16
422.13	6820.32
422.49	5469.83
422.84	7199.49
423.20	5294.29
423.55	5659.42
423.91	5434.72
424.26	14092.37
424.61	8428.27
424.97	11641.82
425.32	6164.97
425.68	6825.00
426.03	7857.18
426.39	10169.63
426.74	10120.48
427.10	9741.31
427.45	6279.66
427.80	7786.96
428.16	7000.54
428.51	7131.61
428.87	7971.86
429.22	9671.09
429.58	10480.92
429.93	10448.15
430.28	6136.88
430.64	6530.09
430.99	5226.42
431.35	7775.26
431.70	6757.13
432.05	6895.22
432.41	8346.35
432.76	7894.63
433.11	8187.19
433.47	8032.72
433.82	10939.66
434.17	8477.42
434.53	8063.15
434.88	14375.57
435.24	7824.41
435.59	7391.41
435.94	5832.62
436.30	8559.34
436.65	6478.60
437.00	9497.89
437.35	16580.36
437.71	6729.04
438.06	6373.28
438.41	6331.15
438.77	8032.72
439.12	5385.57
439.47	4924.49
439.83	8074.85
440.18	5254.50
440.53	6710.32
440.88	12528.89
441.24	8779.35
441.59	5818.57
441.94	6583.93
442.30	8482.10
442.65	13118.70
443.00	7077.78
443.35	10714.97
443.71	6785.21
444.06	9603.22
444.41	8217.62
444.76	11784.60
445.11	7124.59
445.47	10153.24
445.82	9174.90
446.17	6076.03
446.52	10462.19
446.88	7384.39
447.23	5195.99
447.58	7946.12
447.93	6012.84
448.28	29804.38
448.63	11154.99
448.99	7112.89
449.34	8622.53
449.69	9064.89
450.04	6267.95
450.39	6324.13
450.74	7227.57
451.10	7131.61
451.45	7243.96
451.80	7803.35
452.15	10485.60
452.50	8325.29
452.85	9909.83
453.21	9315.33
453.56	8093.57
453.91	6986.50
454.26	7538.87
454.61	5837.30
454.96	8362.73
455.31	6853.09
455.66	6504.35
456.01	8442.31
456.36	6562.86
456.72	6195.40
457.07	8086.55
457.42	10621.35
457.77	9408.95
458.12	5989.43
458.47	7480.35
458.82	9914.51
459.17	7021.61
459.52	7318.86
459.87	11988.22
460.22	5708.57
460.57	7323.54
460.92	6246.89
461.27	8411.89
461.62	6773.51
461.97	5973.05
462.32	12482.08
462.67	10937.32
463.02	13790.44
463.38	13884.06
463.73	9191.28
464.08	12706.77
464.43	7782.28
464.78	5750.70
465.12	8358.05
465.47	8889.35
465.82	29371.38
466.17	6560.52
466.52	8915.10
466.87	6314.77
467.22	6005.81
467.57	5371.53
467.92	7990.59
468.27	11194.78
468.62	15452.22
468.97	6853.09
469.32	4985.34
469.67	16318.22
470.02	14478.55
470.37	6146.25
470.72	7754.19
471.07	5401.96
471.42	6700.95
471.76	7077.78
472.11	6843.73
472.46	8667.00
472.81	15529.45
473.16	6164.97
473.51	6031.56
473.86	5282.59
474.21	6801.60
474.56	6604.99
474.90	6422.43
475.25	9884.08
475.60	8896.38
475.95	6141.57
476.30	11459.26
476.65	10633.05
477.00	15569.24
477.34	11541.18
477.69	5820.91
478.04	9570.45
478.39	7405.46
478.74	5970.71
479.09	5448.77
479.43	7218.21
479.78	4983.00
480.13	12753.58
480.48	10462.19
480.83	7468.65
481.17	5474.51
481.52	7337.58
481.87	6743.08
482.22	12250.36
482.57	7040.33
482.91	9549.39
483.26	8028.04
483.61	6546.48
483.96	7672.28
484.30	65535.00
484.65	12116.95
485.00	6052.63
485.35	6902.24
485.69	5982.41
486.04	6707.98
486.39	8044.42
486.74	7761.22
487.08	5432.38
487.43	8198.90
487.78	5093.01
488.12	8339.33
488.47	6223.48
488.82	10717.31
489.17	6076.03
489.51	5212.37
489.86	8098.25
490.21	5378.55
490.55	7948.46
490.90	5432.38
491.25	6675.21
491.59	5689.84
491.94	13069.55
492.29	6574.56
492.63	7070.76
492.98	4940.87
493.33	7583.34
493.67	6396.68
494.02	5750.70
494.37	5741.33
494.71	8393.16
495.06	6251.57
495.40	11096.48
495.75	6204.76
496.10	10497.30
496.44	6988.84
496.79	8430.61
497.13	5909.85
497.48	14581.54
497.83	10501.98
498.17	8430.61
498.52	6413.07
498.86	8957.23
499.21	6932.67
499.56	5973.05
499.90	6722.02
500.25	5577.50
500.59	7026.29
500.94	7920.37
501.28	8793.39
501.63	9902.81
501.97	6815.64
502.32	5921.56
502.67	8124.00
503.01	5507.28
503.36	6450.52
503.70	6373.28
504.05	8402.52
504.39	9371.50
504.74	6827.34
505.08	11199.46
505.43	4896.40
505.77	5584.52
506.12	7777.60
506.46	6743.08
506.81	5994.11
507.15	5778.78
507.49	6473.92
507.84	5870.06
508.18	8002.29
508.53	7538.87
508.87	7365.67
509.22	6656.48
509.56	65535.00
509.91	19384.32
510.25	7295.45
510.60	5139.82
510.94	9144.47
511.28	4880.02
511.63	9647.69
511.97	8044.42
512.32	9219.37
512.66	5968.37
513.00	7360.98
513.35	9834.93
513.69	5942.62
514.04	8706.79
514.38	9076.60
514.72	7646.53
515.07	6052.63
515.41	5982.41
515.76	5998.79
516.10	7232.26
516.44	9188.94
516.79	6305.40
517.13	5619.63
517.47	9643.01
517.82	7545.89
518.16	7002.88
518.50	7536.52
518.85	7623.12
519.19	10567.52
519.53	13984.70
519.88	9135.11
520.22	6743.08
520.56	7295.45
520.91	5458.13
521.25	5692.18
521.59	6974.80
521.93	7950.80
522.28	6649.46
522.62	7562.27
522.96	9397.25
523.31	6949.05
523.65	8184.85
523.99	8826.16
524.33	11721.40
524.68	8496.14
525.02	5521.32
525.36	7889.95
525.70	5224.08
526.05	6059.65
526.39	5776.44
526.73	8552.32
527.07	7475.67
527.41	10904.56
527.76	6008.16
528.10	6691.59
528.44	8131.02
528.78	6871.81
529.12	8828.50
529.47	6778.19
529.81	9511.94
530.15	9628.96
530.49	8489.12
530.83	5160.88
531.18	5652.39
531.52	6911.60
531.86	5458.13
532.20	7316.51
532.54	10019.83
532.88	5022.79
533.22	6813.30
533.57	6289.02
533.91	9610.24
534.25	5483.88
534.59	11295.43
534.93	8786.37
535.27	5954.32
535.61	6722.02
535.95	11300.11
536.30	5490.90
536.64	7176.08
536.98	4800.44
537.32	6630.74
537.66	5156.20
538.00	8393.16
538.34	8575.72
538.68	8341.67
539.02	12159.08
539.36	6319.45
539.70	5607.92
540.04	6836.70
540.39	20800.34
540.73	5841.98
541.07	7150.34
541.41	8016.33
541.75	7960.16
542.09	10232.82
542.43	8156.77
542.77	7101.19
543.11	7749.51
543.45	7103.53
543.79	9781.10
544.13	6682.23
544.47	6801.60
544.81	5996.45
545.15	8444.65
545.49	6965.43
545.83	5729.63
546.17	6642.44
546.51	4980.66
546.85	6293.70
547.19	11283.72
547.53	5446.43
547.87	8814.46
548.21	12201.21
548.54	7403.11
548.88	6279.66
549.22	6104.12
549.56	5472.17
549.90	6171.99
550.24	7045.01
550.58	5874.74
550.92	10118.14
551.26	6394.34
551.60	11021.58
551.94	6291.36
552.28	6656.48
552.61	8449.33
552.95	6729.04
553.29	6195.40
553.63	7346.94
553.97	11573.95
554.31	9586.83
554.65	10733.70
554.99	10630.71
555.32	6483.28
555.66	8278.47
556.00	4945.55
556.34	6778.19
556.68	7489.71
557.02	9427.68
557.36	7693.34
557.69	7140.97
558.03	6396.68
558.37	12861.24
558.71	15304.76
559.05	10677.52
559.38	11885.24
559.72	6022.20
560.06	8917.44
560.40	8571.04
560.74	10078.35
561.07	8210.60
561.41	9284.91
561.75	8056.12
562.09	6356.90
562.42	9320.01
562.76	8554.66
563.10	7372.69
563.44	25301.19
563.77	7899.31
564.11	8360.39
564.45	10204.74
564.79	8393.16
565.12	7475.67
565.46	7723.77
565.80	7932.08
566.14	7623.12
566.47	9628.96
566.81	5954.32
567.15	7506.10
567.48	7997.61
567.82	8727.86
568.16	8009.31
568.49	5942.62
568.83	5486.22
569.17	7080.12
569.50	7960.16
569.84	11169.04
570.18	8229.32
570.51	11625.44
570.85	6920.96
571.19	6780.53
571.52	6017.52
571.86	9678.12
572.20	6562.86
572.53	11344.58
572.87	6012.84
573.21	5846.66
573.54	5556.43
573.88	7852.50
574.21	7573.97
574.55	7009.90
574.89	6483.28
575.22	9334.06
575.56	6319.45
575.89	6326.47
576.23	6703.29
576.57	8168.47
576.90	6073.69
577.24	7595.04
577.57	5664.10
577.91	7805.69
578.24	5533.03
578.58	7030.97
578.91	8390.82
579.25	6111.14
579.59	7545.89
579.92	6892.88
580.26	5483.88
580.59	8217.62
580.93	7779.94
581.26	6644.78
581.60	8180.17
581.93	8528.91
582.27	11393.73
582.60	5872.40
582.94	7691.00
583.27	5785.80
583.61	6883.52
583.94	7805.69
584.28	5423.02
584.61	6469.24
584.94	8479.76
585.28	8269.11
585.61	8987.66
585.95	8428.27
586.28	11981.20
586.62	13532.98
586.95	7267.36
587.29	12641.23
587.62	15927.35
587.95	5827.93
588.29	7667.60
588.62	8521.89
588.96	9561.09
589.29	6546.48
589.62	6502.01
589.96	6785.21
590.29	6438.81
590.63	5469.83
590.96	8961.91
591.29	9231.07
591.63	9736.63
591.96	5701.54
592.29	6789.89
592.63	6527.75
592.96	7932.08
593.30	12205.89
593.63	8021.02
593.96	6054.97
594.30	6406.05
594.63	7992.93
594.96	12175.47
595.30	7372.69
595.63	6459.88
595.96	6134.54
596.29	8065.49
596.63	6740.74
596.96	8926.80
597.29	8489.12
597.63	5334.08
597.96	10518.37
598.29	9771.74
598.63	9647.69
598.96	6001.13
599.29	6403.71
599.62	6384.98
599.96	6244.55
600.29	6946.71
600.62	5849.00
600.95	6438.81
601.29	7056.72
601.62	7843.14
601.95	7117.57
602.28	6225.82
602.61	21181.85
602.95	7297.79
603.28	12400.16
603.61	6209.44
603.94	9579.81
604.27	5930.92
604.61	8772.33
604.94	8308.90
605.27	7660.57
605.60	5731.97
605.93	6225.82
606.27	9490.87
606.60	6090.07
606.93	5437.06
607.26	11283.72
607.59	7258.00
607.92	9919.19
608.26	6352.21
608.59	6211.78
608.92	6874.15
609.25	5877.09
609.58	7793.98
609.91	8791.05
610.24	13851.29
610.57	8077.19
610.90	9881.74
611.24	5256.84
611.57	5572.82
611.90	9418.32
612.23	7185.44
612.56	9179.58
612.89	8837.86
613.22	8854.25
613.55	5408.98
613.88	9797.48
614.21	5940.28
614.54	8086.55
614.87	6005.81
615.20	4990.02
615.53	10452.83
615.87	6399.02
616.20	7241.62
616.53	10504.32
616.86	7042.67
617.19	8332.31
617.52	6310.08
617.85	6553.50
618.18	6008.16
618.51	6565.20
618.84	8919.78
619.17	6944.37
619.50	11255.64
619.83	10686.89
620.16	8624.87
620.49	6422.43
620.82	14473.87
621.14	10998.18
621.47	6918.62
621.80	9991.75
622.13	7716.75
622.46	15061.35
622.79	8678.71
623.12	5769.42
623.45	9593.86
623.78	8769.99
624.11	5912.19
624.44	8030.38
624.77	5797.51
625.10	6085.39
625.43	5734.31
625.75	7658.23
626.08	6314.77
626.41	5947.30
626.74	7258.00
627.07	6553.50
627.40	12674.00
627.73	6506.69
628.06	5951.98
628.38	5006.41
628.71	9018.08
629.04	10054.94
629.37	8966.59
629.70	7700.36
630.03	6141.57
630.36	10160.27
630.68	9064.89
631.01	6445.84
631.34	11183.08
631.67	6396.68
632.00	5128.11
632.32	9415.98
632.65	10476.24
632.98	7939.10
633.31	7300.13
633.64	9441.72
633.96	5991.77
634.29	11325.85
634.62	7599.72
634.95	8042.08
635.27	7784.62
635.60	8774.67
635.93	8098.25
636.26	7953.14
636.58	6621.38
636.91	6427.11
637.24	6246.89
637.57	7496.74
637.89	8674.03
638.22	6569.88
638.55	7475.67
638.87	8053.78
639.20	8959.57
639.53	8379.12
639.86	6235.19
640.18	5837.30
640.51	7613.76
640.84	8011.65
641.16	5825.59
641.49	7763.56
641.82	5598.56
642.14	5975.39
642.47	14576.86
642.80	7253.32
643.12	9626.62
643.45	7023.95
643.78	7651.21
644.10	6298.38
644.43	7250.98
644.75	10221.12
645.08	5329.40
645.41	8264.43
645.73	5991.77
646.06	15864.15
646.39	9366.82
646.71	6476.26
647.04	6141.57
647.36	5212.37
647.69	8697.43
648.01	7793.98
648.34	6286.68
648.67	9879.40
648.99	10724.33
649.32	6228.17
649.64	5561.11
649.97	4816.82
650.29	5572.82
650.62	15063.69
650.94	7393.75
651.27	11597.35
651.59	7279.07
651.92	4847.25
652.25	8095.91
652.57	5916.87
652.90	6080.71
653.22	7915.69
653.55	8042.08
653.87	5256.84
654.20	7618.44
654.52	11552.88
654.84	7054.37
655.17	8535.93
655.49	11674.59
655.82	6693.93
656.14	7829.09
656.47	8786.37
656.79	11955.46
657.12	6808.62
657.44	6696.27
657.77	9092.98
658.09	7920.37
658.41	6916.28
658.74	8741.90
659.06	5675.80
659.39	7126.93
659.71	6457.54
660.03	7265.02
660.36	6693.93
660.68	10113.45
661.01	13942.57
661.33	10841.36
661.65	6377.96
661.98	14410.68
662.30	10796.89
662.63	7435.88
662.95	6878.83
663.27	6373.28
663.60	5643.03
663.92	7023.95
664.24	7164.38
664.57	5949.64
664.89	6300.72
665.21	6347.53
665.54	9930.89
665.86	7506.10
666.18	7779.94
666.51	10876.47
666.83	6658.82
667.15	15569.24
667.47	10045.58
667.80	8535.93
668.12	6197.74
668.44	7651.21
668.77	8896.38
669.09	10721.99
669.41	9240.44
669.73	5544.73
670.06	7403.11
670.38	6794.58
670.70	5502.60
671.02	8638.92
671.35	6494.99
671.67	10719.65
671.99	6899.90
672.31	10551.14
672.63	7939.10
672.96	11529.48
673.28	6490.31
673.60	7548.23
673.92	7637.17
674.24	6059.65
674.57	6305.40
674.89	10324.10
675.21	6949.05
675.53	9727.27
675.85	10277.29
676.17	10335.81
676.50	5935.60
676.82	10272.61
677.14	7730.79
677.46	15190.08
677.78	5558.77
678.10	9813.87
678.42	7314.17
678.75	6567.54
679.07	5753.04
679.39	7372.69
679.71	6724.36
680.03	6448.18
680.35	6665.85
680.67	6834.36
680.99	6225.82
681.31	5582.18
681.63	8393.16
681.96	10581.56
682.28	6583.93
682.60	6054.97
682.92	8896.38
683.24	5551.75
683.56	8961.91
683.88	6354.55
684.20	7091.82
684.52	6654.14
684.84	6438.81
685.16	6710.32
685.48	9188.94
685.80	8023.36
686.12	8851.91
686.44	12390.80
686.76	7250.98
687.08	5514.30
687.40	5877.09
687.72	9671.09
688.04	6820.32
688.36	14970.07
688.68	11325.85
689.00	8219.96
689.32	6939.69
689.64	6684.57
689.96	7145.66
690.28	9886.42
690.60	10633.05
690.92	6335.83
691.24	8854.25
691.56	6794.58
691.88	7070.76
692.19	6029.22
692.51	9605.56
692.83	8336.99
693.15	9193.62
693.47	8269.11
693.79	7796.32
694.11	9865.36
694.43	8116.98
694.75	7169.06
695.06	7487.37
695.38	10406.02
695.70	7597.38
696.02	7627.81
696.34	6815.64
696.66	6736.06
696.98	5261.52
697.29	7667.60
697.61	11520.12
697.93	10305.38
698.25	14384.93
698.57	8119.32
698.89	5596.22
699.20	6988.84
699.52	11520.12
699.84	5163.22
700.16	7304.81
700.48	10916.26
700.79	6038.58
701.11	12428.24
701.43	9699.18
701.75	6406.05
702.07	7098.84
702.38	12205.89
702.70	6310.08
703.02	6115.82
703.34	9116.39
703.65	7726.11
703.97	6923.30
704.29	5067.26
704.61	6012.84
704.92	9432.36
705.24	6757.13
705.56	9563.43
705.87	10253.89
706.19	7492.05
706.51	6951.39
706.82	10073.67
707.14	6221.14
707.46	5408.98
707.78	5961.34
708.09	8627.21
708.41	9991.75
708.73	7789.30
709.04	10284.31
709.36	6707.98
709.68	7274.38
709.99	13764.69
710.31	10478.58
710.62	7545.89
710.94	6867.13
711.26	8301.88
711.57	6855.43
711.89	5834.96
712.21	15800.96
712.52	7513.12
712.84	11005.20
713.15	8049.10
713.47	9804.50
713.79	5664.10
714.10	6492.65
714.42	7087.14
714.73	11108.18
715.05	5685.16
715.36	5951.98
715.68	6296.04
715.99	6883.52
716.31	10040.90
716.63	8840.20
716.94	9881.74
717.26	20460.96
717.57	9701.52
717.89	12035.03
718.20	6260.93
718.52	9858.34
718.83	7344.60
719.15	15543.50
719.46	14824.95
719.78	8084.21
720.09	7201.83
720.41	6239.87
720.72	5764.74
721.04	5954.32
721.35	7218.21
721.67	7094.16
721.98	6904.58
722.29	6670.53
722.61	6509.03
722.92	5217.05
723.24	6956.07
723.55	7709.72
723.87	7990.59
724.18	9214.69
724.50	5872.40
724.81	7229.91
725.12	7255.66
725.44	8641.26
725.75	7679.30
726.07	11110.52
726.38	8685.73
726.69	6799.26
727.01	9064.89
727.32	9092.98
727.63	6768.83
727.95	11253.30
728.26	6513.71
728.58	9186.60
728.89	6672.87
729.20	7468.65
729.52	5980.07
729.83	14169.60
730.14	8788.71
730.46	7316.51
730.77	10331.12
731.08	8828.50
731.39	7016.93
731.71	7522.48
732.02	9558.75
732.33	7368.01
732.65	6874.15
732.96	11042.65
733.27	9525.98
733.59	14888.15
733.90	10118.14
734.21	5895.81
734.52	7077.78
734.84	17554.02
735.15	6626.06
735.46	6984.16
735.77	7719.09
736.09	7351.62
736.40	11279.04
736.71	9455.76
737.02	5703.89
737.33	6927.99
737.65	6949.05
737.96	7653.55
738.27	8166.13
738.58	13933.21
738.89	8849.57
739.21	6494.99
739.52	5256.84
739.83	9078.94
740.14	6410.73
740.45	7726.11
740.76	6871.81
741.08	5870.06
741.39	7339.92
741.70	6820.32
742.01	8063.15
742.32	10516.03
742.63	8002.29
742.94	6195.40
743.26	8917.44
743.57	8376.78
743.88	9617.26
744.19	8093.57
744.50	7021.61
744.81	12961.89
745.12	7246.30
745.43	7286.09
745.74	16088.84
746.05	13179.56
746.36	5481.53
746.67	12674.00
746.99	7005.22
747.30	8683.39
747.61	6483.28
747.92	8009.31
748.23	10476.24
748.54	7047.35
748.85	7171.40
749.16	7779.94
749.47	6104.12
749.78	6747.76
750.09	6548.82
750.40	8418.91
750.71	7843.14
751.02	8643.60
751.33	7335.24
751.64	8439.97
751.95	7440.56
752.26	8987.66
752.57	9224.05
752.88	7138.63
753.19	7588.02
753.50	10766.46
753.81	7169.06
754.11	7492.05
754.42	17554.02
754.73	7662.91
755.04	8198.90
755.35	8135.70
755.66	14312.38
755.97	6162.63
756.28	6080.71
756.59	8945.53
756.90	17944.89
757.21	8566.36
757.52	11695.66
757.82	8439.97
758.13	6670.53
758.44	10307.72
758.75	8901.06
759.06	6532.44
759.37	6155.61
759.68	8435.29
759.98	6644.78
760.29	9146.81
760.60	8013.99
760.91	5621.97
761.22	7267.36
761.53	8004.63
761.83	6289.02
762.14	7754.19
762.45	6562.86
762.76	5849.00
763.07	8695.09
763.37	16739.51
763.68	11597.35
763.99	13750.65
764.30	12222.28
764.60	6534.78
764.91	10436.45
765.22	7920.37
765.53	13734.26
765.84	8276.13
766.14	7084.80
766.45	5762.40
766.76	11639.48
767.06	12393.14
767.37	7061.40
767.68	7508.44
767.99	7199.49
768.29	6640.10
768.60	7555.25
768.91	10525.39
769.21	13530.64
769.52	11349.26
769.83	7506.10
770.13	7651.21
770.44	7173.74
770.75	9458.10
771.05	7693.34
771.36	9198.31
771.67	7932.08
771.97	7084.80
772.28	7351.62
772.59	7971.86
772.89	9881.74
773.20	6710.32
773.51	6637.76
773.81	12304.20
774.12	6174.33
774.42	7527.16
774.73	6267.95
775.04	6518.39
775.34	22349.78
775.65	8772.33
775.95	13118.70
776.26	8491.46
776.56	6775.85
776.87	8652.96
777.18	65535.00
777.48	13095.30
777.79	7852.50
778.09	11379.68
778.40	7033.31
778.70	7005.22
779.01	11295.43
779.31	7981.23
779.62	7124.59
779.92	9434.70
780.23	9078.94
780.53	5846.66
780.84	7405.46
781.14	6733.72
781.45	6726.70
781.75	9863.02
782.06	6478.60
782.36	8386.14
782.67	6246.89
782.97	6506.69
783.28	13832.57
783.58	6967.77
783.89	6853.09
784.19	8943.19
784.49	13114.02
784.80	7382.05
785.10	13329.35
785.41	6289.02
785.71	8887.01
786.02	8786.37
786.32	14642.39
786.62	9577.47
786.93	12264.41
787.23	6916.28
787.54	7250.98
787.84	13067.21
788.14	8905.74
788.45	5680.48
788.75	8828.50
789.05	6038.58
789.36	7335.24
789.66	14317.06
789.96	9605.56
790.27	7726.11
790.57	7669.94
790.87	6464.56
791.18	6644.78
791.48	6560.52
791.78	8667.00
792.09	9046.17
792.39	6530.09
792.69	9914.51
793.00	8720.84
793.30	9259.16
793.60	6148.59
793.90	5528.35
794.21	8826.16
794.51	17708.49
794.81	11007.54
795.11	7742.49
795.42	6698.61
795.72	12058.44
796.02	9540.02
796.32	8725.52
796.63	8840.20
796.93	10518.37
797.23	9476.83
797.53	8208.26
797.84	10717.31
798.14	6420.09
798.44	8641.26
798.74	8947.87
799.04	8463.38
799.34	6061.99
799.65	16519.50
799.95	8002.29
800.25	7353.96
800.55	7098.84
800.85	8177.83
801.15	6403.71
801.46	7648.87
801.76	18710.24
802.06	6939.69
802.36	9769.40
802.66	6958.41
802.96	9481.51
803.26	11178.40
803.56	13713.20
803.87	17198.26
804.17	7365.67
804.47	10307.72
804.77	10829.66
805.07	10930.30
805.37	9851.31
805.67	9310.65
805.97	7084.80
806.27	7564.61
806.57	7035.65
806.87	12145.04
807.17	8299.54
807.47	11693.32
807.77	11485.01
808.07	7077.78
808.37	11901.62
808.67	8098.25
808.98	15941.39
809.28	7045.01
809.58	16624.83
809.88	10773.49
810.18	15351.57
810.47	7325.88
810.77	7344.60
811.07	9619.60
811.37	8786.37
811.67	6459.88
811.97	5636.01
812.27	6366.26
812.57	5645.37
812.87	6899.90
813.17	6303.06
813.47	6448.18
813.77	7075.44
814.07	6813.30
814.37	10333.47
814.67	6541.80
814.97	7611.42
815.27	6399.02
815.56	9114.05
815.86	11463.94
816.16	8224.64
816.46	6106.46
816.76	6684.57
817.06	10944.34
817.36	12564.00
817.66	7817.39
817.95	6237.53
818.25	8723.18
818.55	10417.72
818.85	9603.22
819.15	7023.95
819.45	13577.45
819.75	7648.87
820.04	7672.28
820.34	16547.59
820.64	10258.57
820.94	12959.55
821.24	7258.00
821.53	7194.81
821.83	6778.19
822.13	5991.77
822.43	7253.32
822.72	5966.03
823.02	6679.89
823.32	6204.76
823.62	8236.35
823.91	15382.00
824.21	5947.30
824.51	8734.88
824.81	7148.00
825.10	5930.92
825.40	9547.05
825.70	7974.21
826.00	12973.59
826.29	6820.32
826.59	8355.71
826.89	7166.72
827.18	6623.72
827.48	6651.80
827.78	6174.33
828.07	7892.29
828.37	9820.89
828.67	8472.74
828.96	7845.48
829.26	6544.14
829.56	11044.99
829.85	6602.65
830.15	8554.66
830.45	5886.45
830.74	12739.54
831.04	9741.31
831.34	10558.16
831.63	13944.91
831.93	10125.16
832.22	9624.28
832.52	7602.06
832.82	6047.94
833.11	6179.01
833.41	6422.43
833.70	7061.40
834.00	10806.25
834.29	8053.78
834.59	5820.91
834.89	8685.73
835.18	7178.42
835.48	13390.20
835.77	9355.12
836.07	9563.43
836.36	9118.73
836.66	10583.90
836.95	7482.69
837.25	6738.40
837.54	7368.01
837.84	6864.79
838.13	8276.13
838.43	6658.82
838.72	14188.33
839.02	10988.82
839.31	6476.26
839.61	10890.51
839.90	5881.77
840.20	7733.13
840.49	6001.13
840.78	8650.62
841.08	9472.15
841.37	6991.18
841.67	6026.88
841.96	9078.94
842.26	8329.97
842.55	6029.22
842.84	6291.36
843.14	10321.76
843.43	5753.04
843.73	7653.55
844.02	5933.26
844.31	7183.10
844.61	6848.41
844.90	8444.65
845.20	7878.24
845.49	5313.02
845.78	7103.53
846.08	6183.70
846.37	5212.37
846.66	8758.28
846.96	9315.33
847.25	8734.88
847.54	5902.83
847.84	9085.96
848.13	7494.40
848.42	10094.73
848.72	6546.48
849.01	9245.12
849.30	6707.98
849.59	6366.26
849.89	6457.54
850.18	12617.83
850.47	6225.82
850.76	16837.81
851.06	14981.77
851.35	8645.94
851.64	9750.67
851.93	7988.25
852.23	11070.73
852.52	6977.14
852.81	6871.81
853.10	6731.38
853.40	5493.24
853.69	5668.78
853.98	7548.23
854.27	10061.96
854.56	6738.40
854.86	9114.05
855.15	7915.69
855.44	8241.03
855.73	5603.24
856.02	6750.10
856.31	10092.39
856.61	8425.93
856.90	6930.33
857.19	5907.51
857.48	5792.83
857.77	6036.24
858.06	5123.43
858.35	5919.21
858.65	11639.48
858.94	9376.19
859.23	7246.30
859.52	10492.62
859.81	12327.60
860.10	6644.78
860.39	9633.64
860.68	7772.92
860.97	6150.93
861.26	6483.28
861.55	12386.12
861.85	7730.79
862.14	9392.57
862.43	9930.89
862.72	8098.25
863.01	5755.38
863.30	7012.24
863.59	7398.43
863.88	7110.55
864.17	7627.81
864.46	6413.07
864.75	14874.10
865.04	7805.69
865.33	5959.00
865.62	11103.50
865.91	6663.51
866.20	9090.64
866.49	6960.75
866.78	7176.08
867.07	6925.65
867.36	10349.85
867.65	10202.40
867.93	9071.92
868.22	7644.19
868.51	7148.00
868.80	7971.86
869.09	7213.53
869.38	6326.47
869.67	12952.52
869.96	12952.52
870.25	12952.52
