178.76	1724.97
179.14	1724.97
179.52	1724.97
179.90	1636.03
180.28	10876.47
180.66	6125.18
181.04	8226.98
181.42	7461.63
181.80	6230.51
182.18	10836.68
182.55	5830.27
182.93	7190.13
183.31	6930.33
183.69	7681.64
184.07	8079.53
184.45	6965.43
184.83	7225.23
185.21	6546.48
185.59	6787.55
185.97	16105.23
186.35	11686.29
186.72	7166.72
187.10	7122.25
187.48	11489.69
187.86	9069.58
188.24	6541.80
188.62	6249.23
189.00	10780.51
189.38	7875.90
189.75	7428.86
190.13	7878.24
190.51	6282.00
190.89	14862.40
191.27	21034.39
191.65	6960.75
192.03	7920.37
192.40	9907.49
192.78	7620.78
193.16	8706.79
193.54	12020.99
193.92	10693.91
194.30	6597.97
194.67	9430.02
195.05	8311.24
195.43	7337.58
195.81	6902.24
196.19	10541.77
196.56	7735.47
196.94	7307.15
197.32	11449.90
197.70	6513.71
198.08	8278.47
198.45	6612.01
198.83	7358.64
199.21	6724.36
199.59	12217.60
199.97	7964.84
200.34	5849.00
200.72	6588.61
201.10	13563.40
201.48	9935.57
201.85	6347.53
202.23	6853.09
202.61	6427.11
202.99	16140.33
203.36	6476.26
203.74	8896.38
204.12	6986.50
204.49	6473.92
204.87	8629.56
205.25	7054.37
205.63	5694.52
206.00	6335.83
206.38	7812.71
206.76	9408.95
207.14	6455.20
207.51	5881.77
207.89	10738.38
208.27	6249.23
208.64	5390.25
209.02	6698.61
209.40	6902.24
209.77	5661.76
210.15	14853.04
210.53	6024.54
210.90	11360.96
211.28	6200.08
211.66	11988.22
212.03	6445.84
212.41	5720.27
212.79	7087.14
213.16	5802.19
213.54	7578.65
213.92	7859.52
214.29	5638.35
214.67	6518.39
215.05	6722.02
215.42	9259.16
215.80	6623.72
216.17	6630.74
216.55	7810.37
216.93	5961.34
217.30	8975.95
217.68	6267.95
218.05	6565.20
218.43	6471.58
218.81	6651.80
219.18	10963.07
219.56	6773.51
219.93	6471.58
220.31	6490.31
220.69	5804.53
221.06	6017.52
221.44	7555.25
221.81	6289.02
222.19	5699.20
222.56	5914.53
222.94	6801.60
223.32	7581.00
223.69	6225.82
224.07	8795.73
224.44	12545.27
224.82	7555.25
225.19	8482.10
225.57	7571.63
225.94	6511.37
226.32	7131.61
226.69	12140.36
227.07	8465.72
227.44	6675.21
227.82	7822.07
228.19	7007.56
228.57	8575.72
228.94	11719.06
229.32	9378.53
229.69	8734.88
230.07	6726.70
230.44	6050.28
230.82	10733.70
231.19	9483.85
231.57	5507.28
231.94	5753.04
232.32	8961.91
232.69	6867.13
233.07	7435.88
233.44	8077.19
233.82	6857.77
234.19	7440.56
234.57	9975.36
234.94	6349.87
235.31	6642.44
235.69	7091.82
236.06	7330.56
236.44	8430.61
236.81	6012.84
237.19	7789.30
237.56	11440.54
237.93	6396.68
238.31	7545.89
238.68	6991.18
239.06	7599.72
239.43	8798.07
239.81	8025.70
240.18	5834.96
240.55	6235.19
240.93	12690.38
241.30	7747.17
241.67	6944.37
242.05	8503.17
242.42	9387.89
242.80	5860.70
243.17	7662.91
243.54	7508.44
243.92	9102.34
244.29	7030.97
244.66	7463.97
245.04	10190.69
245.41	15936.71
245.78	5951.98
246.16	6902.24
246.53	8746.58
246.90	7045.01
247.28	12758.26
247.65	6988.84
248.02	7197.15
248.40	9734.29
248.77	7672.28
249.14	8112.30
249.52	6923.30
249.89	8121.66
250.26	6061.99
250.64	7461.63
251.01	15124.54
251.38	5743.67
251.75	7372.69
252.13	6731.38
252.50	8994.68
252.87	13518.93
253.25	5996.45
253.62	7826.75
253.99	5774.10
254.36	9310.65
254.74	6602.65
255.11	5898.15
255.48	5483.88
255.85	14132.15
256.23	5636.01
256.60	5301.31
256.97	6864.79
257.34	7985.91
257.71	7536.52
258.09	6349.87
258.46	7613.76
258.83	11073.07
259.20	9523.64
259.58	7005.22
259.95	7056.72
260.32	9341.08
260.69	6038.58
261.06	10661.14
261.44	6054.97
261.81	13083.59
262.18	7728.45
262.55	6443.49
262.92	7190.13
263.29	6445.84
263.67	5636.01
264.04	6558.18
264.41	6855.43
264.78	6541.80
265.15	10246.87
265.52	12332.28
265.90	7405.46
266.27	6303.06
266.64	5738.99
267.01	5509.62
267.38	7922.71
267.75	6274.98
268.12	5245.14
268.50	7009.90
268.87	6422.43
269.24	6284.34
269.61	7557.59
269.98	8086.55
270.35	7985.91
270.72	6195.40
271.09	7028.63
271.46	6686.91
271.83	7854.84
272.21	9125.75
272.58	6080.71
272.95	6417.75
273.32	7389.07
273.69	7295.45
274.06	5603.24
274.43	6286.68
274.80	6993.52
275.17	7805.69
275.54	14139.18
275.91	7246.30
276.28	7372.69
276.65	7534.18
277.02	11243.93
277.39	6274.98
277.76	6232.85
278.13	8215.28
278.50	8669.34
278.87	10183.67
279.24	8980.64
279.61	8341.67
279.98	9984.73
280.35	6406.05
280.72	7391.41
281.09	7075.44
281.46	7431.20
281.83	6127.52
282.20	7857.18
282.57	6623.72
282.94	7957.82
283.31	6534.78
283.68	7765.90
284.05	5750.70
284.42	5355.15
284.79	7665.25
285.16	8446.99
285.53	7157.36
285.90	7407.80
286.27	14611.96
286.64	5579.84
287.01	6349.87
287.38	8533.59
287.75	58291.04
288.12	8435.29
288.49	16414.18
288.86	6008.16
289.23	6132.20
289.59	6176.67
289.96	6022.20
290.33	6448.18
290.70	6637.76
291.07	8180.17
291.44	7948.46
291.81	5975.39
292.18	7508.44
292.55	6789.89
292.91	12526.55
293.28	8418.91
293.65	10904.56
294.02	7655.89
294.39	5614.95
294.76	7122.25
295.13	7454.61
295.50	6946.71
295.86	7124.59
296.23	6506.69
296.60	5940.28
296.97	6597.97
297.34	7164.38
297.71	8854.25
298.07	7178.42
298.44	5575.16
298.81	7915.69
299.18	7543.55
299.55	10518.37
299.91	7246.30
300.28	7494.40
300.65	5514.30
301.02	7564.61
301.39	8032.72
301.75	13170.19
302.12	8187.19
302.49	7028.63
302.86	10581.56
303.23	7375.03
303.59	6024.54
303.96	17071.87
304.33	9596.20
304.70	14920.92
305.06	6707.98
305.43	10111.11
305.80	8210.60
306.17	9027.45
306.53	6211.78
306.90	9399.59
307.27	7192.47
307.64	10712.63
308.00	6466.90
308.37	6441.15
308.74	11990.56
309.11	8990.00
309.47	6457.54
309.84	5612.60
310.21	7066.08
310.57	7513.12
310.94	6626.06
311.31	7377.37
311.67	7761.22
312.04	5547.07
312.41	9666.41
312.77	8126.34
313.14	6284.34
313.51	6939.69
313.87	6511.37
314.24	6539.46
314.61	6354.55
314.97	6499.67
315.34	7295.45
315.71	5621.97
316.07	9067.24
316.44	5813.89
316.81	8788.71
317.17	6148.59
317.54	15386.68
317.91	6516.05
318.27	5380.89
318.64	6740.74
319.00	8781.69
319.37	5650.05
319.74	9350.44
320.10	9540.02
320.47	6569.88
320.83	10590.92
321.20	6998.20
321.57	5921.56
321.93	6597.97
322.30	7428.86
322.66	6298.38
323.03	8692.75
323.40	8112.30
323.76	6506.69
324.13	6464.56
324.49	5383.23
324.86	18555.77
325.22	7377.37
325.59	6860.11
325.95	7915.69
326.32	9224.05
326.68	8966.59
327.05	6761.81
327.42	6122.84
327.78	6473.92
328.15	9336.40
328.51	6459.88
328.88	8395.50
329.24	10979.45
329.61	7255.66
329.97	8601.47
330.34	6424.77
330.70	7293.11
331.07	10532.41
331.43	8512.53
331.80	13018.06
332.16	10085.37
332.52	6026.88
332.89	8091.23
333.25	5437.06
333.62	12128.66
333.98	6813.30
334.35	6965.43
334.71	7183.10
335.08	5818.57
335.44	11777.58
335.81	11646.51
336.17	9973.02
336.53	7070.76
336.90	5888.79
337.26	8358.05
337.63	9242.78
337.99	7557.59
338.36	5942.62
338.72	8961.91
339.08	7400.77
339.45	5853.68
339.81	9378.53
340.18	6506.69
340.54	10230.48
340.90	6389.66
341.27	6803.94
341.63	8276.13
341.99	5277.91
342.36	10190.69
342.72	5781.12
343.09	10326.44
343.45	6349.87
343.81	10354.53
344.18	5575.16
344.54	6853.09
344.90	7632.49
345.27	7290.77
345.63	7108.21
345.99	8922.12
346.36	7304.81
346.72	5928.58
347.08	5930.92
347.45	5493.24
347.81	9790.46
348.17	7637.17
348.54	5774.10
348.90	9025.11
349.26	9441.72
349.62	10480.92
349.99	5224.08
350.35	5158.54
350.71	7749.51
351.08	7063.74
351.44	5228.76
351.80	13263.82
352.16	11241.59
352.53	5944.96
352.89	8285.50
353.25	11019.24
353.61	6590.95
353.98	8594.45
354.34	9987.07
354.70	6480.94
355.06	5174.92
355.43	7047.35
355.79	6654.14
356.15	6703.29
356.51	5937.94
356.88	6005.81
357.24	6787.55
357.60	5645.37
357.96	5217.05
358.32	15183.06
358.69	5542.39
359.05	7861.86
359.41	7468.65
359.77	5685.16
360.13	6338.17
360.49	5951.98
360.86	8842.54
361.22	11220.53
361.58	7576.31
361.94	10712.63
362.30	5724.95
362.66	8266.77
363.03	5200.67
363.39	5291.95
363.75	6167.31
364.11	9947.28
364.47	6354.55
364.83	10410.70
365.19	7585.68
365.56	8725.52
365.92	5313.02
366.28	8449.33
366.64	9682.80
367.00	5371.53
367.36	5291.95
367.72	9895.78
368.08	9357.46
368.44	6396.68
368.80	8093.57
369.17	6373.28
369.53	6504.35
369.89	6015.18
370.25	5909.85
370.61	6310.08
370.97	10799.23
371.33	6502.01
371.69	12709.11
372.05	8184.85
372.41	5746.02
372.77	6380.30
373.13	7485.03
373.49	5125.77
373.85	8002.29
374.21	7400.77
374.57	5598.56
374.93	8388.48
375.29	8945.53
375.65	7414.82
376.01	7246.30
376.37	10160.27
376.73	8395.50
377.09	5589.20
377.45	9696.84
377.81	6855.43
378.17	5811.55
378.53	5172.58
378.89	8381.46
379.25	10817.96
379.61	13947.25
379.97	9207.67
380.33	6328.81
380.69	6097.10
381.05	5612.60
381.41	8978.30
381.77	7227.57
382.13	8456.36
382.49	14939.64
382.85	7288.43
383.21	8746.58
383.57	5497.92
383.93	10469.22
384.28	5116.41
384.64	6614.35
385.00	7538.87
385.36	7328.22
385.72	8891.70
386.08	5818.57
386.44	8762.97
386.80	8858.93
387.16	10485.60
387.52	9652.37
387.87	13495.53
388.23	7899.31
388.59	6101.78
388.95	5497.92
389.31	6696.27
389.67	6572.22
390.03	6108.80
390.38	6427.11
390.74	4987.68
391.10	9401.93
391.46	7534.18
391.82	5809.21
392.18	8187.19
392.54	4854.27
392.89	5600.90
393.25	8238.69
393.61	5757.72
393.97	5462.81
394.33	7756.54
394.68	6644.78
395.04	5427.70
395.40	7126.93
395.76	9057.87
396.12	7344.60
396.47	5743.67
396.83	6979.48
397.19	5408.98
397.55	5734.31
397.90	7232.26
398.26	7194.81
398.62	5603.24
398.98	4957.25
399.33	6590.95
399.69	24528.81
400.05	8262.09
400.41	5841.98
400.76	8477.42
401.12	10136.86
401.48	7627.81
401.84	6005.81
402.19	6270.30
402.55	7662.91
402.91	6974.80
403.26	5172.58
403.62	8154.43
403.98	7030.97
404.34	4779.37
404.69	6771.17
405.05	8922.12
405.41	14036.19
405.76	5947.30
406.12	5832.62
406.48	6668.19
406.83	5994.11
407.19	8292.52
407.55	7815.05
407.90	13755.33
408.26	8325.29
408.62	8947.87
408.97	7002.88
409.33	5303.65
409.68	5853.68
410.04	7585.68
410.40	5898.15
410.75	7936.76
411.11	5785.80
411.47	7468.65
411.82	6518.39
412.18	6967.77
412.53	6619.04
412.89	6069.01
413.25	6576.91
413.60	7089.48
413.96	5282.59
414.31	6368.60
414.67	7173.74
415.03	5238.12
415.38	5577.50
415.74	6462.22
416.09	6504.35
416.45	8446.99
416.80	5870.06
417.16	8458.70
417.51	6710.32
417.87	6253.91
418.23	7712.07
418.58	8077.19
418.94	4812.14
419.29	5921.56
419.65	7609.08
420.00	8482.10
420.36	8205.92
420.71	7969.52
421.07	5490.90
421.42	7087.14
421.78	8924.46
422.13	6717.34
422.49	5488.56
422.84	7297.79
423.20	5203.01
423.55	5488.56
423.91	5523.66
424.26	13891.08
424.61	8154.43
424.97	11309.47
425.32	6017.52
425.68	6677.55
426.03	7602.06
426.39	10141.54
426.74	9888.76
427.10	9202.99
427.45	6200.08
427.80	7482.69
428.16	6715.00
428.51	6757.13
428.87	7496.74
429.22	9453.42
429.58	10029.20
429.93	10085.37
430.28	5916.87
430.64	6249.23
430.99	5102.37
431.35	7576.31
431.70	6494.99
432.05	6658.82
432.41	8042.08
432.76	7660.57
433.11	8006.97
433.47	7555.25
433.82	10600.29
434.17	7880.58
434.53	7810.37
434.88	13980.02
435.24	7538.87
435.59	7145.66
435.94	5476.85
436.30	8170.81
436.65	6354.55
437.00	9303.63
437.35	16053.73
437.71	6457.54
438.06	6183.70
438.41	6043.26
438.77	7864.20
439.12	5270.89
439.47	4830.87
439.83	7480.35
440.18	5252.16
440.53	6476.26
440.88	12023.33
441.24	8643.60
441.59	5638.35
441.94	6485.62
442.30	7995.27
442.65	12407.18
443.00	7056.72
443.35	10178.99
443.71	6497.33
444.06	9415.98
444.41	7880.58
444.76	11229.89
445.11	6939.69
445.47	9898.13
445.82	8875.31
446.17	5823.25
446.52	10050.26
446.88	7215.87
447.23	5137.48
447.58	7810.37
447.93	6003.47
448.28	28540.49
448.63	10803.91
448.99	6731.38
449.34	8386.14
449.69	8695.09
450.04	6300.72
450.39	6115.82
450.74	6986.50
451.10	6825.00
451.45	6937.35
451.80	7688.66
452.15	9912.17
452.50	8180.17
452.85	9790.46
453.21	8910.42
453.56	7702.70
453.91	6581.59
454.26	7625.47
454.61	5734.31
454.96	8224.64
455.31	6829.68
455.66	6354.55
456.01	7948.46
456.36	6384.98
456.72	6085.39
457.07	7779.94
457.42	10200.05
457.77	9036.81
458.12	5830.27
458.47	7328.22
458.82	9495.55
459.17	6937.35
459.52	7201.83
459.87	11800.98
460.22	5650.05
460.57	7243.96
460.92	6022.20
461.27	8044.42
461.62	6736.06
461.97	5851.34
462.32	11646.51
462.67	10520.71
463.02	13521.27
463.38	13359.78
463.73	8798.07
464.08	12140.36
464.43	7625.47
464.78	5600.90
465.12	8217.62
465.47	8463.38
465.82	27950.68
466.17	6450.52
466.52	8643.60
466.87	6202.42
467.22	5858.36
467.57	5284.93
467.92	7740.15
468.27	10904.56
468.62	14731.33
468.97	6661.16
469.32	4840.23
469.67	15803.30
470.02	13940.23
470.37	5982.41
470.72	7414.82
471.07	5385.57
471.42	6612.01
471.76	6785.21
472.11	6906.92
472.46	8217.62
472.81	14869.42
473.16	5933.26
473.51	5968.37
473.86	5219.39
474.21	6600.31
474.56	6153.27
474.90	6080.71
475.25	9731.95
475.60	8669.34
475.95	6040.92
476.30	11077.76
476.65	10092.39
477.00	15143.27
477.34	11166.70
477.69	5605.58
478.04	9373.85
478.39	7173.74
478.74	5804.53
479.09	5158.54
479.43	6913.94
479.78	4931.51
480.13	12402.50
480.48	10090.05
480.83	7276.73
481.17	5336.42
481.52	7119.91
481.87	6502.01
482.22	11632.46
482.57	6612.01
482.91	9078.94
483.26	7761.22
483.61	6417.75
483.96	7391.41
484.30	63196.80
484.65	6043.26
485.00	5699.20
485.35	6651.80
485.69	5865.38
486.04	6532.44
486.39	7653.55
486.74	7555.25
487.08	5266.21
487.43	7971.86
487.78	4975.98
488.12	8060.80
488.47	6101.78
488.82	10537.09
489.17	5851.34
489.51	5219.39
489.86	7946.12
490.21	5172.58
490.55	7676.96
490.90	5334.08
491.25	6511.37
491.59	5523.66
491.94	12713.79
492.29	6246.89
492.63	6899.90
492.98	4676.39
493.33	7267.36
493.67	6265.61
494.02	5385.57
494.37	5502.60
494.71	8294.86
495.06	6209.44
495.40	10211.76
495.75	5989.43
496.10	10298.36
496.44	6864.79
496.79	8063.15
497.13	5617.29
497.48	13977.68
497.83	10071.33
498.17	8245.71
498.52	6097.10
498.86	8465.72
499.21	6761.81
499.56	5865.38
499.90	6558.18
500.25	5226.42
500.59	6841.39
500.94	7669.94
501.28	8631.90
501.63	9628.96
501.97	6429.45
502.32	5888.79
502.67	7782.28
503.01	5348.12
503.36	6155.61
503.70	6216.46
504.05	8124.00
504.39	9069.58
504.74	6527.75
505.08	10644.76
505.43	4697.46
505.77	5472.17
506.12	7442.90
506.46	6466.90
506.81	5746.02
507.15	5781.12
507.49	6258.59
507.84	5666.44
508.18	7676.96
508.53	7176.08
508.87	7096.50
509.22	6525.41
509.56	65535.00
509.91	19073.03
510.25	7091.82
510.60	5034.49
510.94	8751.26
511.28	4830.87
511.63	9369.16
511.97	7714.41
512.32	8950.21
512.66	5696.86
513.00	7108.21
513.35	9348.10
513.69	5647.71
514.04	8362.73
514.38	8865.95
514.72	7337.58
515.07	5776.44
515.41	5849.00
515.76	5951.98
516.10	7136.29
516.44	8762.97
516.79	6031.56
517.13	5327.06
517.47	9277.88
517.82	7243.96
518.16	6686.91
518.50	7197.15
518.85	7365.67
519.19	10038.56
519.53	13495.53
519.88	8830.84
520.22	6497.33
520.56	6909.26
520.91	5277.91
521.25	5490.90
521.59	6743.08
521.93	7918.03
522.28	6466.90
522.62	7536.52
522.96	8973.61
523.31	6602.65
523.65	7770.58
523.99	8393.16
524.33	11110.52
524.68	8079.53
525.02	5301.31
525.36	7683.98
525.70	5177.26
526.05	6033.90
526.39	5628.99
526.73	8044.42
527.07	7208.85
527.41	10408.36
527.76	5851.34
528.10	6485.62
528.44	7805.69
528.78	6766.49
529.12	8472.74
529.47	6527.75
529.81	9062.55
530.15	9146.81
530.49	8042.08
530.83	5043.85
531.18	5582.18
531.52	6649.46
531.86	5399.62
532.20	6949.05
532.54	9554.07
532.88	4908.10
533.22	6555.84
533.57	6005.81
533.91	9097.66
534.25	5542.39
534.59	10829.66
534.93	8573.38
535.27	5785.80
535.61	6511.37
535.95	10806.25
536.30	5275.57
536.64	6792.23
536.98	4697.46
537.32	6305.40
537.66	5076.62
538.00	7939.10
538.34	8290.18
538.68	8135.70
539.02	11730.76
539.36	6162.63
539.70	5310.68
540.04	6642.44
540.39	19601.99
540.73	5657.07
541.07	6715.00
541.41	7758.88
541.75	7770.58
542.09	10017.49
542.43	7772.92
542.77	6846.07
543.11	7602.06
543.45	7009.90
543.79	9303.63
544.13	6396.68
544.47	6541.80
544.81	5797.51
545.15	8149.75
545.49	6829.68
545.83	5619.63
546.17	6431.79
546.51	4851.93
546.85	6061.99
547.19	11122.23
547.53	5259.18
547.87	8479.76
548.21	11836.09
548.54	7016.93
548.88	5947.30
549.22	5860.70
549.56	5383.23
549.90	6101.78
550.24	6890.54
550.58	5853.68
550.92	9668.75
551.26	6289.02
551.60	10747.74
551.94	6396.68
552.28	6466.90
552.61	8393.16
552.95	6422.43
553.29	6078.37
553.63	7056.72
553.97	11164.36
554.31	9254.48
554.65	10328.78
554.99	10174.31
555.32	6253.91
555.66	7957.82
556.00	4727.88
556.34	6700.95
556.68	7218.21
557.02	9172.56
557.36	7272.04
557.69	6920.96
558.03	6038.58
558.37	12463.35
558.71	14796.87
559.05	10317.08
559.38	11456.92
559.72	5741.33
560.06	8704.45
560.40	8173.15
560.74	9631.30
561.07	8070.17
561.41	8816.80
561.75	7971.86
562.09	6289.02
562.42	8884.67
562.76	8395.50
563.10	7133.95
563.44	24336.89
563.77	7644.19
564.11	8184.85
564.45	9853.66
564.79	8156.77
565.12	7208.85
565.46	7353.96
565.80	7749.51
566.14	7513.12
566.47	9261.50
566.81	5689.84
567.15	7513.12
567.48	7831.43
567.82	8224.64
568.16	7833.77
568.49	5827.93
568.83	5369.19
569.17	7040.33
569.50	7728.45
569.84	10733.70
570.18	7817.39
570.51	11370.32
570.85	6719.68
571.19	6487.96
571.52	5973.05
571.86	7323.54
572.20	6286.68
572.53	10729.02
572.87	5956.66
573.21	5699.20
573.54	5408.98
573.88	7485.03
574.21	7201.83
574.55	6958.41
574.89	6417.75
575.22	8669.34
575.56	6047.94
575.89	6125.18
576.23	6462.22
576.57	7840.79
576.90	6003.47
577.24	7351.62
577.57	5554.09
577.91	7566.95
578.24	5242.80
578.58	6771.17
578.91	8086.55
579.25	5914.53
579.59	7187.79
579.92	6930.33
580.26	5320.04
580.59	7873.56
580.93	7569.29
581.26	6455.20
581.60	7927.39
581.93	8273.79
582.27	11030.94
582.60	5860.70
582.94	7461.63
583.27	5631.33
583.61	6647.12
583.94	7403.11
584.28	5114.07
584.61	6452.86
584.94	8159.11
585.28	7875.90
585.61	8772.33
585.95	8222.30
586.28	11428.84
586.62	13092.96
586.95	6850.75
587.29	12177.81
587.62	15239.23
587.95	5650.05
588.29	7438.22
588.62	8299.54
588.96	9366.82
589.29	6263.27
589.62	6090.07
589.96	6689.25
590.29	6221.14
590.63	5256.84
590.96	8503.17
591.29	8795.73
591.63	9544.70
591.96	5598.56
592.29	6431.79
592.63	6209.44
592.96	7658.23
593.30	11641.82
593.63	7702.70
593.96	5736.65
594.30	6373.28
594.63	7735.47
594.96	11674.59
595.30	6984.16
595.63	6469.24
595.96	5916.87
596.29	7819.73
596.63	6457.54
596.96	8699.77
597.29	8147.40
597.63	5277.91
597.96	10085.37
598.29	9582.15
598.63	9355.12
598.96	5844.32
599.29	6085.39
599.62	5980.07
599.96	6108.80
600.29	6705.63
600.62	5802.19
600.95	6167.31
601.29	6754.79
601.62	7545.89
601.95	7131.61
602.28	6024.54
602.61	20592.03
602.95	7321.20
603.28	11901.62
603.61	5973.05
603.94	9348.10
604.27	5748.36
604.61	8325.29
604.94	7838.45
605.27	7557.59
605.60	5640.69
605.93	6054.97
606.27	9008.72
606.60	5820.91
606.93	5380.89
607.26	10995.84
607.59	6918.62
607.92	9626.62
608.26	6310.08
608.59	5893.47
608.92	6745.42
609.25	5610.26
609.58	7838.45
609.91	8226.98
610.24	13551.70
610.57	8131.02
610.90	9462.79
611.24	5240.46
611.57	5289.61
611.90	8828.50
612.23	6932.67
612.56	9025.11
612.89	8514.87
613.22	8769.99
613.55	5160.88
613.88	9296.61
614.21	5797.51
614.54	7990.59
614.87	5715.59
615.20	4837.89
615.53	9818.55
615.87	6148.59
616.20	7138.63
616.53	9989.41
616.86	7035.65
617.19	7957.82
617.52	6164.97
617.85	6352.21
618.18	6059.65
618.51	6628.40
618.84	8367.42
619.17	6707.98
619.50	10626.03
619.83	10216.44
620.16	8517.21
620.49	6272.64
620.82	14118.11
621.14	10726.68
621.47	7478.01
621.80	9572.79
622.13	7393.75
622.46	14508.98
622.79	8603.81
623.12	5533.03
623.45	9146.81
623.78	8571.04
624.11	5664.10
624.44	7712.07
624.77	5839.64
625.10	5863.04
625.43	5673.46
625.75	7328.22
626.08	6066.67
626.41	5874.74
626.74	6958.41
627.07	6476.26
627.40	12105.25
627.73	6349.87
628.06	5823.25
628.38	4833.21
628.71	8861.27
629.04	9818.55
629.37	8765.31
629.70	7463.97
630.03	5877.09
630.36	9675.77
630.68	8908.08
631.01	6223.48
631.34	11021.58
631.67	6361.58
632.00	4868.31
632.32	9062.55
632.65	9937.91
632.98	7791.64
633.31	7162.04
633.64	9238.09
633.96	5886.45
634.29	10658.80
634.62	7309.49
634.95	7810.37
635.27	7513.12
635.60	8304.22
635.93	7915.69
636.26	7953.14
636.58	6377.96
636.91	6324.13
637.24	6143.91
637.57	7410.14
637.89	8196.56
638.22	6406.05
638.55	7204.17
638.87	7735.47
639.20	8730.20
639.53	7920.37
639.86	6143.91
640.18	5748.36
640.51	7304.81
640.84	7761.22
641.16	5605.58
641.49	7683.98
641.82	5657.07
642.14	5746.02
642.47	13867.67
642.80	6951.39
643.12	9282.56
643.45	7014.59
643.78	7330.56
644.10	6237.53
644.43	7138.63
644.75	10256.23
645.08	5320.04
645.41	8269.11
645.73	5834.96
646.06	15152.63
646.39	9039.15
646.71	6242.21
647.04	6003.47
647.36	5156.20
647.69	8491.46
648.01	7536.52
648.34	6043.26
648.67	9930.89
648.99	10064.30
649.32	6022.20
649.64	5521.32
649.97	4741.93
650.29	5383.23
650.62	14579.20
650.94	7215.87
651.27	11108.18
651.59	7082.46
651.92	6129.86
652.25	7932.08
652.57	5734.31
652.90	5762.40
653.22	7625.47
653.55	7503.76
653.87	5006.41
654.20	7307.15
654.52	11234.57
654.84	6820.32
655.17	8229.32
655.49	11328.19
655.82	6464.56
656.14	7623.12
656.47	8355.71
656.79	11602.04
657.12	6626.06
657.44	6590.95
657.77	8798.07
658.09	7620.78
658.41	7000.54
658.74	8449.33
659.06	5516.64
659.39	6867.13
659.71	6256.25
660.03	7012.24
660.36	6586.27
660.68	9851.31
661.01	13537.66
661.33	10497.30
661.65	6260.93
661.98	13912.14
662.30	10567.52
662.63	7080.12
662.95	6724.36
663.27	6169.65
663.60	5568.13
663.92	6848.41
664.24	6682.23
664.57	5774.10
664.89	6083.05
665.21	6417.75
665.54	9451.08
665.86	7115.23
666.18	7527.16
666.51	10232.82
666.83	6333.49
667.15	15035.60
667.47	9720.24
667.80	8353.37
668.12	6087.73
668.44	7325.88
668.77	8667.00
669.09	10132.18
669.41	8910.42
669.73	5427.70
670.06	7115.23
670.38	6633.08
670.70	5380.89
671.02	8177.83
671.35	6380.30
671.67	10338.15
671.99	6825.00
672.31	10120.48
672.63	7714.41
672.96	11052.01
673.28	6448.18
673.60	7375.03
673.92	7375.03
674.24	6003.47
674.57	6029.22
674.89	9825.57
675.21	6722.02
675.53	9282.56
675.85	10061.96
676.17	10029.20
676.50	6047.94
676.82	10010.47
677.14	7293.11
677.46	14642.39
677.78	5348.12
678.10	9378.53
678.42	6911.60
678.75	6345.19
679.07	5558.77
679.39	7159.70
679.71	6553.50
680.03	6373.28
680.35	6267.95
680.67	6614.35
680.99	6010.50
681.31	5352.81
681.63	8196.56
681.96	10251.55
682.28	6356.90
682.60	5717.93
682.92	8603.81
683.24	5345.78
683.56	8695.09
683.88	6232.85
684.20	6825.00
684.52	6331.15
684.84	6303.06
685.16	6502.01
685.48	9025.11
685.80	7674.62
686.12	8503.17
686.44	11775.24
686.76	7138.63
687.08	5207.69
687.40	5738.99
687.72	9247.46
688.04	6576.91
688.36	14305.35
688.68	10759.44
689.00	7950.80
689.32	6679.89
689.64	6338.17
689.96	6967.77
690.28	9795.14
690.60	10235.16
690.92	6099.44
691.24	8362.73
691.56	6654.14
691.88	6850.75
692.19	5746.02
692.51	9259.16
692.83	7983.57
693.15	9114.05
693.47	8149.75
693.79	7461.63
694.11	9579.81
694.43	8065.49
694.75	6937.35
695.06	7335.24
695.38	10132.18
695.70	7375.03
696.02	7307.15
696.34	6476.26
696.66	6506.69
696.98	5142.16
697.29	7344.60
697.61	11365.64
697.93	9806.84
698.25	13774.05
698.57	7918.03
698.89	5383.23
699.20	6729.04
699.52	11173.72
699.84	5123.43
700.16	6927.99
700.48	10661.14
700.79	5818.57
701.11	11800.98
701.43	9261.50
701.75	6106.46
702.07	6623.72
702.38	11726.08
702.70	6146.25
703.02	5909.85
703.34	8667.00
703.65	7531.84
703.97	6829.68
704.29	4924.49
704.61	5572.82
704.92	9207.67
705.24	6717.34
705.56	9320.01
705.87	9715.56
706.19	7243.96
706.51	6750.10
706.82	9951.96
707.14	6043.26
707.46	5195.99
707.78	5856.02
708.09	8339.33
708.41	9584.49
708.73	7559.93
709.04	10207.08
709.36	6717.34
709.68	7148.00
709.99	13270.84
710.31	10111.11
710.62	7201.83
710.94	6502.01
711.26	8065.49
711.57	6754.79
711.89	5694.52
712.21	15154.97
712.52	7222.89
712.84	10345.17
713.15	7630.15
713.47	9303.63
713.79	5509.62
714.10	6253.91
714.42	6630.74
714.73	10736.04
715.05	5476.85
715.36	5734.31
715.68	6171.99
715.99	6579.25
716.31	9568.11
716.63	8334.65
716.94	9338.74
717.26	19976.47
717.57	9226.39
717.89	11573.95
718.20	6092.41
718.52	9320.01
718.83	7082.46
719.15	14839.00
719.46	14111.09
719.78	7695.68
720.09	6988.84
720.41	6066.67
720.72	5699.20
721.04	5797.51
721.35	6888.20
721.67	6853.09
721.98	6565.20
722.29	6558.18
722.61	6204.76
722.92	5078.96
723.24	6757.13
723.55	7520.14
723.87	7826.75
724.18	8964.25
724.50	5593.88
724.81	7007.56
725.12	7239.28
725.44	8315.92
725.75	7644.19
726.07	10499.64
726.38	8318.26
726.69	6719.68
727.01	8723.18
727.32	8837.86
727.63	6576.91
727.95	10808.59
728.26	6352.21
728.58	8851.91
728.89	6434.13
729.20	7218.21
729.52	5799.85
729.83	13523.62
730.14	8641.26
730.46	7047.35
730.77	9884.08
731.08	8500.83
731.39	6689.25
731.71	7178.42
732.02	9114.05
732.33	7325.88
732.65	6583.93
732.96	10808.59
733.27	9423.00
733.59	14118.11
733.90	9727.27
734.21	5708.57
734.52	6899.90
734.84	16870.58
735.15	6541.80
735.46	6808.62
735.77	7363.33
736.09	7169.06
736.40	11049.67
736.71	9095.32
737.02	5760.06
737.33	6731.38
737.65	6834.36
737.96	7407.80
738.27	7686.32
738.58	13380.84
738.89	8685.73
739.21	6377.96
739.52	5212.37
739.83	8624.87
740.14	6190.72
740.45	7330.56
740.76	6373.28
741.08	5579.84
741.39	7117.57
741.70	6574.56
742.01	7669.94
742.32	10101.75
742.63	7552.91
742.94	5966.03
743.26	8512.53
743.57	8147.40
743.88	9266.18
744.19	7892.29
744.50	6803.94
744.81	12491.44
745.12	7220.55
745.43	7087.14
745.74	15360.94
746.05	11459.26
746.36	5240.46
746.67	12168.45
746.99	6892.88
747.30	8430.61
747.61	6523.07
747.92	7808.03
748.23	10092.39
748.54	6822.66
748.85	6965.43
749.16	7564.61
749.47	5792.83
749.78	6630.74
750.09	6413.07
750.40	7936.76
750.71	7552.91
751.02	8332.31
751.33	7187.79
751.64	8217.62
751.95	7227.57
752.26	8645.94
752.57	8872.97
752.88	6740.74
753.19	7391.41
753.50	10656.46
753.81	6899.90
754.11	7199.49
754.42	16807.39
754.73	7489.71
755.04	8011.65
755.35	7782.28
755.66	13661.71
755.97	5816.23
756.28	5947.30
756.59	8678.71
756.90	17088.25
757.21	8250.39
757.52	11204.14
757.82	8128.68
758.13	6471.58
758.44	9888.76
758.75	8606.15
759.06	6338.17
759.37	5853.68
759.68	8044.42
759.98	6434.13
760.29	8592.11
760.60	7782.28
760.91	5446.43
761.22	7052.03
761.53	7632.49
761.83	6202.42
762.14	7417.16
762.45	6459.88
762.76	5633.67
763.07	8372.10
763.37	16205.87
763.68	11377.34
763.99	13165.51
764.30	11548.20
764.60	6387.32
764.91	10244.52
765.22	7786.96
765.53	13390.20
765.84	7948.46
766.14	6902.24
766.45	5591.54
766.76	11075.42
767.06	11793.96
767.37	6892.88
767.68	7515.46
767.99	6775.85
768.29	6612.01
768.60	7227.57
768.91	10038.56
769.21	13200.62
769.52	11103.50
769.83	7276.73
770.13	7342.26
770.44	6803.94
770.75	9008.72
771.05	7543.55
771.36	8709.13
771.67	7585.68
771.97	6759.47
772.28	6977.14
772.59	7836.11
772.89	9444.06
773.20	6396.68
773.51	6555.84
773.81	11625.44
774.12	5975.39
774.42	7269.70
774.73	6106.46
775.04	6218.80
775.34	21631.23
775.65	8517.21
775.95	12657.62
776.26	8222.30
776.56	6555.84
776.87	8519.55
777.18	65535.00
777.48	17659.34
777.79	7740.15
778.09	10839.02
778.40	6892.88
778.70	6801.60
779.01	10834.34
779.31	7592.70
779.62	6801.60
779.92	9083.62
780.23	8716.16
780.53	5816.23
780.84	7211.19
781.14	6726.70
781.45	6476.26
781.75	9186.60
782.06	6340.51
782.36	8236.35
782.67	6104.12
782.97	6277.32
783.28	13291.90
783.58	6771.17
783.89	6502.01
784.19	8540.61
784.49	12933.80
784.80	7218.21
785.10	12809.75
785.41	5973.05
785.71	8535.93
786.02	8229.32
786.32	13877.04
786.62	9261.50
786.93	11892.26
787.23	6604.99
787.54	7052.03
787.84	12411.86
788.14	8535.93
788.45	5282.59
788.75	6754.79
789.05	5816.23
789.36	7068.42
789.66	13673.41
789.96	9195.96
790.27	7517.80
790.57	8109.96
790.87	6270.30
791.18	6361.58
791.48	6232.85
791.78	8409.54
792.09	8695.09
792.39	6502.01
792.69	9568.11
793.00	8463.38
793.30	8807.44
793.60	5748.36
793.90	5500.26
794.21	8521.89
794.51	16924.41
794.81	10850.72
795.11	7538.87
795.42	6572.22
795.72	11410.11
796.02	9437.04
796.32	8606.15
796.63	8540.61
796.93	10188.35
797.23	9198.31
797.53	7899.31
797.84	10286.65
798.14	6345.19
798.44	8245.71
798.74	8491.46
799.04	8154.43
799.34	5907.51
799.65	16004.58
799.95	7714.41
800.25	7145.66
800.55	6925.65
800.85	7936.76
801.15	6258.59
801.46	7300.13
801.76	17715.51
802.06	6633.08
802.36	9207.67
802.66	6684.57
802.96	9343.42
803.26	10586.24
803.56	13078.91
803.87	16453.97
804.17	7281.41
804.47	9734.29
804.77	10476.24
805.07	10684.55
805.37	9619.60
805.67	9151.49
805.97	6998.20
806.27	7393.75
806.57	6677.55
806.87	11524.80
807.17	7976.55
807.47	11286.06
807.77	10836.68
808.07	6771.17
808.37	11672.25
808.67	7857.18
808.98	15363.28
809.28	6937.35
809.58	16137.99
809.88	10700.93
810.18	14700.90
810.47	7140.97
810.77	7342.26
811.07	9329.38
811.37	8273.79
811.67	6167.31
811.97	5458.13
812.27	6214.12
812.57	5425.36
812.87	6590.95
813.17	6370.94
813.47	6317.11
813.77	7035.65
814.07	6539.46
814.37	9893.44
814.67	6403.71
814.97	7377.37
815.27	6324.13
815.56	8800.41
815.86	11117.54
816.16	8021.02
816.46	5947.30
816.76	6375.62
817.06	10506.66
817.36	12011.63
817.66	7550.57
817.95	6106.46
818.25	8095.91
818.55	10146.22
818.85	9401.93
819.15	6750.10
819.45	13287.22
819.75	7499.08
820.04	7414.82
820.34	15857.13
820.64	9738.97
820.94	12463.35
821.24	7075.44
821.53	7047.35
821.83	6628.40
822.13	5956.66
822.43	7000.54
822.72	5776.44
823.02	6534.78
823.32	6195.40
823.62	8124.00
823.91	14773.46
824.21	5858.36
824.51	8437.63
824.81	6885.86
825.10	5692.18
825.40	9018.08
825.70	7775.26
826.00	12505.48
826.29	6722.02
826.59	8241.03
826.89	7056.72
827.18	6403.71
827.48	6366.26
827.78	5872.40
828.07	7318.86
828.37	9352.78
828.67	8095.91
828.96	7576.31
829.26	6284.34
829.56	10532.41
829.85	6509.03
830.15	8149.75
830.45	5731.97
830.74	12219.94
831.04	9397.25
831.34	10193.03
831.63	13355.10
831.93	9701.52
832.22	9317.67
832.52	7672.28
832.82	5991.77
833.11	6080.71
833.41	6246.89
833.70	6658.82
834.00	10204.74
834.29	7749.51
834.59	5734.31
834.89	8353.37
835.18	7094.16
835.48	12833.16
835.77	9006.38
836.07	9123.41
836.36	9036.81
836.66	10218.78
836.95	7349.28
837.25	6406.05
837.54	7461.63
837.84	6569.88
838.13	7925.05
838.43	6345.19
838.72	13797.46
839.02	10469.22
839.31	6216.46
839.61	10499.64
839.90	5603.24
840.20	7480.35
840.49	5867.72
840.78	8301.88
841.08	9207.67
841.37	6787.55
841.67	5694.52
841.96	8772.33
842.26	8079.53
842.55	5692.18
842.84	6157.95
843.14	9678.12
843.43	5596.22
843.73	7510.78
844.02	5783.46
844.31	7279.07
844.61	6754.79
844.90	8280.82
845.20	7604.40
845.49	5350.46
845.78	6839.05
846.08	6010.50
846.37	5004.07
846.66	8559.34
846.96	9053.19
847.25	8435.29
847.54	5755.38
847.84	8814.46
848.13	7159.70
848.42	9846.63
848.72	6237.53
849.01	8884.67
849.30	6539.46
849.59	6174.33
849.89	6380.30
850.18	12290.15
850.47	6022.20
850.76	16037.35
851.06	14366.21
851.35	8500.83
851.64	9610.24
851.93	7707.38
852.23	10731.36
852.52	6862.45
852.81	6677.55
853.10	6399.02
853.40	5413.66
853.69	5521.32
853.98	7300.13
854.27	9706.20
854.56	6473.92
854.86	8484.44
855.15	7728.45
855.44	8140.38
855.73	5411.32
856.02	6473.92
856.31	9537.68
856.61	8191.88
856.90	6661.16
857.19	5764.74
857.48	5598.56
857.77	5785.80
858.06	5071.94
858.35	5603.24
858.65	11300.11
858.94	9078.94
859.23	7155.02
859.52	10115.80
859.81	11637.14
860.10	6345.19
860.39	9100.00
860.68	7712.07
860.97	6094.76
861.26	6129.86
861.55	11927.37
861.85	7463.97
862.14	8997.02
862.43	9514.28
862.72	7714.41
863.01	5685.16
863.30	6649.46
863.59	7108.21
863.88	7080.12
864.17	7169.06
864.46	6059.65
864.75	14171.94
865.04	7660.57
865.33	5741.33
865.62	10649.44
865.91	6476.26
866.20	8739.56
866.49	6569.88
866.78	6888.20
867.07	6661.16
867.36	9994.09
867.65	9769.40
867.93	8879.99
868.22	7311.83
868.51	6923.30
868.80	7583.34
869.09	6965.43
869.38	6160.29
869.67	12032.69
869.96	12032.69
870.25	12032.69
