178.76	1753.06
179.14	1753.06
179.52	1753.06
179.90	1722.63
180.28	10333.47
180.66	5886.45
181.04	8072.51
181.42	7183.10
181.80	6270.30
182.18	10724.33
182.55	5781.12
182.93	7215.87
183.31	6967.77
183.69	7662.91
184.07	8079.53
184.45	6740.74
184.83	7148.00
185.21	6490.31
185.59	6530.09
185.97	15543.50
186.35	11531.82
186.72	6993.52
187.10	7089.48
187.48	11286.06
187.86	8849.57
188.24	6450.52
188.62	6167.31
189.00	10492.62
189.38	7742.49
189.75	7197.15
190.13	7950.80
190.51	6230.51
190.89	14553.45
191.27	20018.60
191.65	6923.30
192.03	7688.66
192.40	10003.45
192.78	7489.71
193.16	8446.99
193.54	11758.85
193.92	10483.26
194.30	6614.35
194.67	9060.21
195.05	8095.91
195.43	7248.64
195.81	6796.92
196.19	10410.70
196.56	7592.70
196.94	7190.13
197.32	11204.14
197.70	6415.41
198.08	8297.20
198.45	6560.52
198.83	7384.39
199.21	6600.31
199.59	11920.35
199.97	7885.26
200.34	5865.38
200.72	6399.02
201.10	13825.54
201.48	9682.80
201.85	6186.04
202.23	6764.15
202.61	6464.56
202.99	15452.22
203.36	6452.86
203.74	8936.17
204.12	6895.22
204.49	6380.30
204.87	8500.83
205.25	7070.76
205.63	5668.78
206.00	6310.08
206.38	7695.68
206.76	9289.59
207.14	6345.19
207.51	5841.98
207.89	10586.24
208.27	6139.23
208.64	5334.08
209.02	6473.92
209.40	6710.32
209.77	5612.60
210.15	13930.87
210.53	5804.53
210.90	11014.56
211.28	6216.46
211.66	11800.98
212.03	6546.48
212.41	5825.59
212.79	6951.39
213.16	5708.57
213.54	7662.91
213.92	7763.56
214.29	5413.66
214.67	6384.98
215.05	6782.87
215.42	8992.34
215.80	6555.84
216.17	6513.71
216.55	7688.66
216.93	5706.23
217.30	8997.02
217.68	6303.06
218.05	6647.12
218.43	6494.99
218.81	6679.89
219.18	10750.08
219.56	6537.12
219.93	6363.92
220.31	6305.40
220.69	5823.25
221.06	5947.30
221.44	7421.84
221.81	6164.97
222.19	5481.53
222.56	6064.33
222.94	6635.42
223.32	7503.76
223.69	6202.42
224.07	8791.05
224.44	12320.58
224.82	7456.95
225.19	8346.35
225.57	7260.34
225.94	6583.93
226.32	7131.61
226.69	11800.98
227.07	8318.26
227.44	6553.50
227.82	7861.86
228.19	6862.45
228.57	8468.06
228.94	11262.66
229.32	9210.01
229.69	8585.08
230.07	6607.33
230.44	5996.45
230.82	10544.11
231.19	9137.45
231.57	5385.57
231.94	5682.82
232.32	8711.47
232.69	6532.44
233.07	7239.28
233.44	8077.19
233.82	6832.02
234.19	7232.26
234.57	9643.01
234.94	6321.79
235.31	6633.08
235.69	7063.74
236.06	7124.59
236.44	8376.78
236.81	5830.27
237.19	7756.54
237.56	11276.70
237.93	6242.21
238.31	7550.57
238.68	6693.93
239.06	7545.89
239.43	8430.61
239.81	7943.78
240.18	5907.51
240.55	6139.23
240.93	12542.93
241.30	7611.42
241.67	6974.80
242.05	8334.65
242.42	9273.20
242.80	5874.74
243.17	7506.10
243.54	7473.33
243.92	8975.95
244.29	7012.24
244.66	7424.18
245.04	9848.97
245.41	15529.45
245.78	5823.25
246.16	6602.65
246.53	8531.25
246.90	6850.75
247.28	12446.97
247.65	6892.88
248.02	6991.18
248.40	9617.26
248.77	7489.71
249.14	8163.79
249.52	6808.62
249.89	8355.71
250.26	6008.16
250.64	7272.04
251.01	14874.10
251.38	5699.20
251.75	7241.62
252.13	6544.14
252.50	8889.35
252.87	13294.24
253.25	5921.56
253.62	7672.28
253.99	5657.07
254.36	9165.54
254.74	6485.62
255.11	5959.00
255.48	5387.91
255.85	13811.50
256.23	5544.73
256.60	5266.21
256.97	6619.04
257.34	7896.97
257.71	7342.26
258.09	6279.66
258.46	7531.84
258.83	10885.83
259.20	9277.88
259.58	6949.05
259.95	7077.78
260.32	9179.58
260.69	5870.06
261.06	10473.90
261.44	6148.59
261.81	12875.29
262.18	7639.51
262.55	6392.00
262.92	7049.69
263.29	6342.85
263.67	5661.76
264.04	6457.54
264.41	6661.16
264.78	6452.86
265.15	9980.04
265.52	12016.31
265.90	7279.07
266.27	6296.04
266.64	5628.99
267.01	5390.25
267.38	7868.88
267.75	5987.09
268.12	5219.39
268.50	6832.02
268.87	6169.65
269.24	6061.99
269.61	7555.25
269.98	7911.01
270.35	7803.35
270.72	6012.84
271.09	6759.47
271.46	6457.54
271.83	7810.37
272.21	8823.82
272.58	5900.49
272.95	6438.81
273.32	6932.67
273.69	7201.83
274.06	5453.45
274.43	5923.90
274.80	6932.67
275.17	7489.71
275.54	16451.63
275.91	7213.53
276.28	7105.87
276.65	7396.09
277.02	10792.21
277.39	6162.63
277.76	6090.07
278.13	8109.96
278.50	8428.27
278.87	9745.99
279.24	8821.48
279.61	8004.63
279.98	9420.66
280.35	6204.76
280.72	7253.32
281.09	6860.11
281.46	7192.47
281.83	5994.11
282.20	7686.32
282.57	6394.34
282.94	7775.26
283.31	6363.92
283.68	7506.10
284.05	5638.35
284.42	5179.61
284.79	7330.56
285.16	8154.43
285.53	6937.35
285.90	7112.89
286.27	14050.24
286.64	5404.30
287.01	6111.14
287.38	8128.68
287.75	57914.22
288.12	8304.22
288.49	15885.22
288.86	5790.49
289.23	5849.00
289.59	6054.97
289.96	5746.02
290.33	6193.06
290.70	6366.26
291.07	8205.92
291.44	7634.83
291.81	5659.42
292.18	7148.00
292.55	6523.07
292.91	12025.67
293.28	8023.36
293.65	10382.62
294.02	7625.47
294.39	5547.07
294.76	6787.55
295.13	7089.48
295.50	6897.56
295.86	6815.64
296.23	6258.59
296.60	5586.86
296.97	6420.09
297.34	6848.41
297.71	8596.79
298.07	7218.21
298.44	5224.08
298.81	7616.10
299.18	7283.75
299.55	10300.70
299.91	6916.28
300.28	7192.47
300.65	5383.23
301.02	7426.52
301.39	8021.02
301.75	12971.25
302.12	7950.80
302.49	6878.83
302.86	10132.18
303.23	7073.10
303.59	5776.44
303.96	16563.97
304.33	9366.82
304.70	14185.99
305.06	6370.94
305.43	9767.06
305.80	8198.90
306.17	8926.80
306.53	6176.67
306.90	9104.68
307.27	6949.05
307.64	10457.51
308.00	6272.64
308.37	6150.93
308.74	11609.06
309.11	8592.11
309.47	6251.57
309.84	5408.98
310.21	6864.79
310.57	7136.29
310.94	6455.20
311.31	7091.82
311.67	7522.48
312.04	5413.66
312.41	9327.03
312.77	7779.94
313.14	6080.71
313.51	6736.06
313.87	6232.85
314.24	6321.79
314.61	6232.85
314.97	6459.88
315.34	6951.39
315.71	5528.35
316.07	8751.26
316.44	5757.72
316.81	8456.36
317.17	6090.07
317.54	14768.78
317.91	6211.78
318.27	5305.99
318.64	6607.33
319.00	8444.65
319.37	5472.17
319.74	9067.24
320.10	9076.60
320.47	6417.75
320.83	10230.48
321.20	6698.61
321.57	5809.21
321.93	6314.77
322.30	7382.05
322.66	6150.93
323.03	8336.99
323.40	7728.45
323.76	6235.19
324.13	6146.25
324.49	5390.25
324.86	17905.10
325.22	7199.49
325.59	6822.66
325.95	7475.67
326.32	9100.00
326.68	8650.62
327.05	6794.58
327.42	5879.43
327.78	6197.74
328.15	9069.58
328.51	6171.99
328.88	8257.41
329.24	10796.89
329.61	7033.31
329.97	8322.94
330.34	6143.91
330.70	7103.53
331.07	10197.71
331.43	8241.03
331.80	12716.13
332.16	9982.38
332.52	5926.24
332.89	7786.96
333.25	5408.98
333.62	11920.35
333.98	6686.91
334.35	6752.45
334.71	7110.55
335.08	5607.92
335.44	11808.00
335.81	11545.86
336.17	9879.40
336.53	7040.33
336.90	5825.59
337.26	8105.28
337.63	8961.91
337.99	7398.43
338.36	5741.33
338.72	8620.19
339.08	7265.02
339.45	5760.06
339.81	9116.39
340.18	6490.31
340.54	9923.87
340.90	6176.67
341.27	6747.76
341.63	8145.06
341.99	5193.65
342.36	10033.88
342.72	5696.86
343.09	10270.27
343.45	6134.54
343.81	10303.04
344.18	5401.96
344.54	6806.28
344.90	7595.04
345.27	7262.68
345.63	6834.36
345.99	8690.41
346.36	7037.99
346.72	5736.65
347.08	5991.77
347.45	5385.57
347.81	9504.92
348.17	7143.32
348.54	5654.73
348.90	8699.77
349.26	9350.44
349.62	10413.04
349.99	5207.69
350.35	5039.17
350.71	7609.08
351.08	6913.94
351.44	5053.22
351.80	12744.22
352.16	11199.46
352.53	5813.89
352.89	8102.93
353.25	11080.10
353.61	6406.05
353.98	8344.01
354.34	9748.33
354.70	6249.23
355.06	5233.44
355.43	6925.65
355.79	6476.26
356.15	6424.77
356.51	5767.08
356.88	5909.85
357.24	6464.56
357.60	5355.15
357.96	5188.97
358.32	14920.92
358.69	5334.08
359.05	7822.07
359.41	7197.15
359.77	5680.48
360.13	6005.81
360.49	5930.92
360.86	8599.13
361.22	10902.22
361.58	7377.37
361.94	10668.16
362.30	5734.31
362.66	8168.47
363.03	5139.82
363.39	5268.55
363.75	6066.67
364.11	9624.28
364.47	6146.25
364.83	10380.28
365.19	7194.81
365.56	8671.68
365.92	5188.97
366.28	8454.02
366.64	9451.08
367.00	5322.38
367.36	5291.95
367.72	9561.09
368.08	8990.00
368.44	6291.36
368.80	8088.89
369.17	6274.98
369.53	6523.07
369.89	5891.13
370.25	5816.23
370.61	6054.97
370.97	10464.54
371.33	6244.55
371.69	12383.77
372.05	8063.15
372.41	5617.29
372.77	6239.87
373.13	7187.79
373.49	4985.34
373.85	7824.41
374.21	7234.60
374.57	5528.35
374.93	8496.14
375.29	8903.40
375.65	7372.69
376.01	6951.39
376.37	9998.77
376.73	8294.86
377.09	5610.26
377.45	9451.08
377.81	6628.40
378.17	5881.77
378.53	5114.07
378.89	8095.91
379.25	10523.05
379.61	13605.53
379.97	9060.21
380.33	6181.35
380.69	5991.77
381.05	5540.05
381.41	8760.63
381.77	6974.80
382.13	8231.66
382.49	14420.04
382.85	7246.30
383.21	8505.51
383.57	5263.86
383.93	10104.09
384.28	5020.45
384.64	6326.47
385.00	7232.26
385.36	7066.08
385.72	8681.05
386.08	5713.25
386.44	8383.80
386.80	8711.47
387.16	10345.17
387.52	9242.78
387.87	13371.48
388.23	7779.94
388.59	6038.58
388.95	5394.93
389.31	6476.26
389.67	6499.67
390.03	6092.41
390.38	6382.64
390.74	4880.02
391.10	9057.87
391.46	7473.33
391.82	5785.80
392.18	7896.97
392.54	4828.53
392.89	5556.43
393.25	8095.91
393.61	5596.22
393.97	5378.55
394.33	7536.52
394.68	6502.01
395.04	5364.51
395.40	7204.17
395.76	8777.01
396.12	7201.83
396.47	5561.11
396.83	6874.15
397.19	5528.35
397.55	5776.44
397.90	7150.34
398.26	7033.31
398.62	5526.00
398.98	4746.61
399.33	6494.99
399.69	23283.65
400.05	8016.33
400.41	5746.02
400.76	8348.69
401.12	9811.53
401.48	7566.95
401.84	5919.21
402.19	6155.61
402.55	7545.89
402.91	6916.28
403.26	5146.84
403.62	8025.70
403.98	6787.55
404.34	4725.54
404.69	6876.49
405.05	8777.01
405.41	13558.72
405.76	5671.12
406.12	5856.02
406.48	6628.40
406.83	5940.28
407.19	8021.02
407.55	7705.04
407.90	13603.19
408.26	8184.85
408.62	8945.53
408.97	6796.92
409.33	5362.17
409.68	5633.67
410.04	7262.68
410.40	5664.10
410.75	7712.07
411.11	5729.63
411.47	7227.57
411.82	6464.56
412.18	7070.76
412.53	6623.72
412.89	5961.34
413.25	6504.35
413.60	6899.90
413.96	5123.43
414.31	6282.00
414.67	7077.78
415.03	5195.99
415.38	5554.09
415.74	6186.04
416.09	6326.47
416.45	8283.16
416.80	5853.68
417.16	8283.16
417.51	6413.07
417.87	6174.33
418.23	7644.19
418.58	7791.64
418.94	4891.72
419.29	5909.85
419.65	7508.44
420.00	8407.20
420.36	7889.95
420.71	7939.10
421.07	5465.15
421.42	6860.11
421.78	8985.32
422.13	6352.21
422.49	5291.95
422.84	7162.04
423.20	5102.37
423.55	5294.29
423.91	5228.76
424.26	13179.56
424.61	8077.19
424.97	10984.13
425.32	5893.47
425.68	6483.28
426.03	7368.01
426.39	9717.90
426.74	9495.55
427.10	9076.60
427.45	6001.13
427.80	7365.67
428.16	6607.33
428.51	6593.29
428.87	7204.17
429.22	9270.86
429.58	9900.47
429.93	9867.70
430.28	5905.17
430.64	6118.16
430.99	5240.46
431.35	7325.88
431.70	6363.92
432.05	6633.08
432.41	7770.58
432.76	7503.76
433.11	7705.04
433.47	7676.96
433.82	10279.63
434.17	7871.22
434.53	7653.55
434.88	13694.47
435.24	7632.49
435.59	7000.54
435.94	5533.03
436.30	8051.44
436.65	6300.72
437.00	9210.01
437.35	15770.53
437.71	6392.00
438.06	6083.05
438.41	6097.10
438.77	7747.17
439.12	5102.37
439.47	4671.71
439.83	7461.63
440.18	5100.03
440.53	6319.45
440.88	11644.17
441.24	8222.30
441.59	5549.41
441.94	6155.61
442.30	8030.38
442.65	12184.83
443.00	6832.02
443.35	10026.86
443.71	6389.66
444.06	9109.36
444.41	7644.19
444.76	11042.65
445.11	6888.20
445.47	9834.93
445.82	8905.74
446.17	5696.86
446.52	9998.77
446.88	7007.56
447.23	5102.37
447.58	7599.72
447.93	5874.74
448.28	28893.91
448.63	10509.01
448.99	6747.76
449.34	8177.83
449.69	8603.81
450.04	6101.78
450.39	5898.15
450.74	6946.71
451.10	6839.05
451.45	7023.95
451.80	7363.33
452.15	9827.91
452.50	7772.92
452.85	9666.41
453.21	8737.22
453.56	7569.29
453.91	6600.31
454.26	7140.97
454.61	5547.07
454.96	8002.29
455.31	6492.65
455.66	6190.72
456.01	7808.03
456.36	6197.74
456.72	5926.24
457.07	7531.84
457.42	10015.15
457.77	8896.38
458.12	5820.91
458.47	7248.64
458.82	9184.26
459.17	6853.09
459.52	6981.82
459.87	11477.99
460.22	5423.02
460.57	6939.69
460.92	6026.88
461.27	7943.78
461.62	6448.18
461.97	5792.83
462.32	11845.45
462.67	10256.23
463.02	13153.81
463.38	12858.90
463.73	8786.37
464.08	11822.05
464.43	7442.90
464.78	5474.51
465.12	7878.24
465.47	8238.69
465.82	27487.25
466.17	6354.55
466.52	8482.10
466.87	6090.07
467.22	5717.93
467.57	5198.33
467.92	7545.89
468.27	10399.00
468.62	14394.29
468.97	6502.01
469.32	4791.08
469.67	15047.30
470.02	13542.34
470.37	5916.87
470.72	7372.69
471.07	5210.03
471.42	6518.39
471.76	6473.92
472.11	6466.90
472.46	8294.86
472.81	14473.87
473.16	5891.13
473.51	5912.19
473.86	5242.80
474.21	6471.58
474.56	6195.40
474.90	6134.54
475.25	9474.49
475.60	8395.50
475.95	6012.84
476.30	10902.22
476.65	9930.89
477.00	14504.30
477.34	10892.85
477.69	5554.09
478.04	9160.86
478.39	7157.36
478.74	5788.14
479.09	5851.34
479.43	6836.70
479.78	4877.68
480.13	12030.35
480.48	9912.17
480.83	7178.42
481.17	5165.56
481.52	7014.59
481.87	6377.96
482.22	11412.45
482.57	6581.59
482.91	8894.04
483.26	7782.28
483.61	6331.15
483.96	7272.04
484.30	65535.00
484.65	12472.71
485.00	5666.44
485.35	6466.90
485.69	5715.59
486.04	6340.51
486.39	7286.09
486.74	7290.77
487.08	5294.29
487.43	7714.41
487.78	4889.38
488.12	8011.65
488.47	5912.19
488.82	10143.88
489.17	5746.02
489.51	4931.51
489.86	7625.47
490.21	5093.01
490.55	7508.44
490.90	5205.35
491.25	6319.45
491.59	5369.19
491.94	12388.46
492.29	6106.46
492.63	6775.85
492.98	4809.80
493.33	7016.93
493.67	6040.92
494.02	5437.06
494.37	5458.13
494.71	8065.49
495.06	5935.60
495.40	10296.02
495.75	5776.44
496.10	10005.79
496.44	6726.70
496.79	8044.42
497.13	5785.80
497.48	13839.59
497.83	9863.02
498.17	8046.76
498.52	6026.88
498.86	8297.20
499.21	6532.44
499.56	5785.80
499.90	6394.34
500.25	5102.37
500.59	6747.76
500.94	7475.67
501.28	8404.86
501.63	9355.12
501.97	6363.92
502.32	5668.78
502.67	7494.40
503.01	5238.12
503.36	6186.04
503.70	6052.63
504.05	8098.25
504.39	8847.22
504.74	6567.54
505.08	10265.59
505.43	4629.58
505.77	5362.17
506.12	7159.70
506.46	6342.85
506.81	5673.46
507.15	5556.43
507.49	6132.20
507.84	5743.67
508.18	7419.50
508.53	7084.80
508.87	7035.65
509.22	6186.04
509.56	65535.00
509.91	18864.72
510.25	6942.03
510.60	4971.30
510.94	8725.52
511.28	4777.03
511.63	9116.39
511.97	7531.84
512.32	8671.68
512.66	5774.10
513.00	6813.30
513.35	9231.07
513.69	5673.46
514.04	8119.32
514.38	8542.96
514.72	7321.20
515.07	5643.03
515.41	5540.05
515.76	5722.61
516.10	6839.05
516.44	8681.05
516.79	6019.86
517.13	5294.29
517.47	9050.85
517.82	7133.95
518.16	6480.94
518.50	6977.14
518.85	7110.55
519.19	9769.40
519.53	13057.85
519.88	8690.41
520.22	6331.15
520.56	6750.10
520.91	5224.08
521.25	5472.17
521.59	6663.51
521.93	7534.18
522.28	6396.68
522.62	7375.03
522.96	8884.67
523.31	6487.96
523.65	7873.56
523.99	8311.24
524.33	11112.86
524.68	7932.08
525.02	5399.62
525.36	7651.21
525.70	5022.79
526.05	5849.00
526.39	5502.60
526.73	8149.75
527.07	7094.16
527.41	10097.07
527.76	5799.85
528.10	6361.58
528.44	7667.60
528.78	6604.99
529.12	8290.18
529.47	6464.56
529.81	8898.72
530.15	8990.00
530.49	7962.50
530.83	4830.87
531.18	5462.81
531.52	6548.82
531.86	5207.69
532.20	6937.35
532.54	9364.48
532.88	4699.80
533.22	6399.02
533.57	6069.01
533.91	8957.23
534.25	5273.23
534.59	10619.01
534.93	8182.51
535.27	5666.44
535.61	6506.69
535.95	10586.24
536.30	5188.97
536.64	6640.10
536.98	4547.66
537.32	6331.15
537.66	4975.98
538.00	7791.64
538.34	8067.83
538.68	8112.30
539.02	11152.65
539.36	6047.94
539.70	5212.37
540.04	6623.72
540.39	19126.86
540.73	5605.58
541.07	6864.79
541.41	7456.95
541.75	7447.58
542.09	9682.80
542.43	7606.74
542.77	6911.60
543.11	7283.75
543.45	6839.05
543.79	9139.79
544.13	6300.72
544.47	6293.70
544.81	5666.44
545.15	8046.76
545.49	6569.88
545.83	5577.50
546.17	6331.15
546.51	4655.33
546.85	5827.93
547.19	10738.38
547.53	5350.46
547.87	8344.01
548.21	11489.69
548.54	6895.22
548.88	5858.36
549.22	5617.29
549.56	5123.43
549.90	5966.03
550.24	6904.58
550.58	5579.84
550.92	9495.55
551.26	6059.65
551.60	10581.56
551.94	6277.32
552.28	6312.42
552.61	8067.83
552.95	6363.92
553.29	5951.98
553.63	6998.20
553.97	10942.00
554.31	8950.21
554.65	10017.49
554.99	10040.90
555.32	6061.99
555.66	7948.46
556.00	4664.69
556.34	6654.14
556.68	7199.49
557.02	8898.72
557.36	7206.51
557.69	6635.42
558.03	6085.39
558.37	12219.94
558.71	14281.95
559.05	10270.27
559.38	11005.20
559.72	5638.35
560.06	8395.50
560.40	8219.96
560.74	9565.77
561.07	7770.58
561.41	8681.05
561.75	7681.64
562.09	5942.62
562.42	8791.05
562.76	8086.55
563.10	7023.95
563.44	23578.56
563.77	7218.21
564.11	7997.61
564.45	9657.05
564.79	7913.35
565.12	7082.46
565.46	7225.23
565.80	7534.18
566.14	7433.54
566.47	9027.45
566.81	5556.43
567.15	7138.63
567.48	7737.81
567.82	8030.38
568.16	7515.46
568.49	5902.83
568.83	5383.23
569.17	6693.93
569.50	7559.93
569.84	10513.69
570.18	7630.15
570.51	11054.35
570.85	6794.58
571.19	6370.94
571.52	5881.77
571.86	7136.29
572.20	6263.27
572.53	10434.11
572.87	5720.27
573.21	5614.95
573.54	5390.25
573.88	7393.75
574.21	7096.50
574.55	6691.59
574.89	6174.33
575.22	8856.59
575.56	5963.68
575.89	6069.01
576.23	6267.95
576.57	7522.48
576.90	5881.77
577.24	7211.19
577.57	5516.64
577.91	7368.01
578.24	5210.03
578.58	6616.69
578.91	8039.74
579.25	5783.46
579.59	7009.90
579.92	6520.73
580.26	5336.42
580.59	7644.19
580.93	7414.82
581.26	6099.44
581.60	7672.28
581.93	8138.04
582.27	10757.10
582.60	5600.90
582.94	7279.07
583.27	5500.26
583.61	6448.18
583.94	7318.86
584.28	5226.42
584.61	6286.68
584.94	7925.05
585.28	7845.48
585.61	8468.06
585.95	8002.29
586.28	11323.51
586.62	12751.24
586.95	6780.53
587.29	11655.87
587.62	15049.64
587.95	5448.77
588.29	7234.60
588.62	8114.64
588.96	8915.10
589.29	6113.48
589.62	6111.14
589.96	6511.37
590.29	6118.16
590.63	5203.01
590.96	8526.57
591.29	8613.17
591.63	9338.74
591.96	5439.40
592.29	6375.62
592.63	6141.57
592.96	7426.52
593.30	11562.25
593.63	7693.34
593.96	5764.74
594.30	6167.31
594.63	7534.18
594.96	11382.03
595.30	6965.43
595.63	6324.13
595.96	5982.41
596.29	7620.78
596.63	6342.85
596.96	8549.98
597.29	8009.31
597.63	5118.75
597.96	9879.40
598.29	9277.88
598.63	9172.56
598.96	5841.98
599.29	6090.07
599.62	5947.30
599.96	6092.41
600.29	6675.21
600.62	5628.99
600.95	6127.52
601.29	6719.68
601.62	7372.69
601.95	6892.88
602.28	6003.47
602.61	19964.77
602.95	6965.43
603.28	11482.67
603.61	5863.04
603.94	9027.45
604.27	5542.39
604.61	8114.64
604.94	7789.30
605.27	7379.71
605.60	5427.70
605.93	5881.77
606.27	8819.14
606.60	5764.74
606.93	5240.46
607.26	11061.37
607.59	6813.30
607.92	9617.26
608.26	5963.68
608.59	5930.92
608.92	6633.08
609.25	5472.17
609.58	7665.25
609.91	8035.06
610.24	13219.35
610.57	7896.97
610.90	9151.49
611.24	5102.37
611.57	5128.11
611.90	8629.56
612.23	6684.57
612.56	8772.33
612.89	8250.39
613.22	8407.20
613.55	5149.18
613.88	9130.43
614.21	5661.76
614.54	7674.62
614.87	5760.06
615.20	4847.25
615.53	9659.39
615.87	6038.58
616.20	6970.12
616.53	9762.37
616.86	6722.02
617.19	7775.26
617.52	6045.60
617.85	6300.72
618.18	5668.78
618.51	6415.41
618.84	8360.39
619.17	6628.40
619.50	10459.85
619.83	10097.07
620.16	8124.00
620.49	6087.73
620.82	13802.14
621.14	10291.34
621.47	7297.79
621.80	9366.82
622.13	7314.17
622.46	14298.33
622.79	8362.73
623.12	5561.11
623.45	9025.11
623.78	8587.43
624.11	5638.35
624.44	7492.05
624.77	5469.83
625.10	5816.23
625.43	5488.56
625.75	7131.61
626.08	5937.94
626.41	5586.86
626.74	6836.70
627.07	6420.09
627.40	11819.71
627.73	6209.44
628.06	5818.57
628.38	4697.46
628.71	8496.14
629.04	9535.34
629.37	8587.43
629.70	7232.26
630.03	5753.04
630.36	9624.28
630.68	8912.76
631.01	6200.08
631.34	10457.51
631.67	6047.94
632.00	4842.57
632.32	8690.41
632.65	9682.80
632.98	7393.75
633.31	7089.48
633.64	8994.68
633.96	5633.67
634.29	10483.26
634.62	7059.06
634.95	7557.59
635.27	7349.28
635.60	8238.69
635.93	7625.47
636.26	7660.57
636.58	6223.48
636.91	6040.92
637.24	6012.84
637.57	7180.76
637.89	7974.21
638.22	6146.25
638.55	6949.05
638.87	7445.24
639.20	8549.98
639.53	7920.37
639.86	6047.94
640.18	5511.96
640.51	7136.29
640.84	7487.37
641.16	5516.64
641.49	7375.03
641.82	5528.35
642.14	5680.48
642.47	13551.70
642.80	6883.52
643.12	9001.70
643.45	6862.45
643.78	7110.55
644.10	6080.71
644.43	7089.48
644.75	9984.73
645.08	5174.92
645.41	7803.35
645.73	5636.01
646.06	14527.71
646.39	8683.39
646.71	5973.05
647.04	5804.53
647.36	4950.23
647.69	8238.69
648.01	7082.46
648.34	5961.34
648.67	9444.06
648.99	10120.48
649.32	5858.36
649.64	5289.61
649.97	4648.30
650.29	5177.26
650.62	13900.44
650.94	7091.82
651.27	10796.89
651.59	6750.10
651.92	5937.94
652.25	7723.77
652.57	5603.24
652.90	5699.20
653.22	7510.78
653.55	7435.88
653.87	4833.21
654.20	7063.74
654.52	10850.72
654.84	6761.81
655.17	7992.93
655.49	10984.13
655.82	6277.32
656.14	7449.93
656.47	8212.94
656.79	11473.31
657.12	6588.61
657.44	6399.02
657.77	8589.77
658.09	7314.17
658.41	6703.29
658.74	8374.44
659.06	5350.46
659.39	6600.31
659.71	6204.76
660.03	6841.39
660.36	6441.15
660.68	9647.69
661.01	12926.78
661.33	10284.31
661.65	6085.39
661.98	13493.19
662.30	10382.62
662.63	7218.21
662.95	6427.11
663.27	5994.11
663.60	5385.57
663.92	6677.55
664.24	6555.84
664.57	5603.24
664.89	5919.21
665.21	6232.85
665.54	9172.56
665.86	7239.28
666.18	7222.89
666.51	10057.28
666.83	6179.01
667.15	14876.44
667.47	9401.93
667.80	8098.25
668.12	5881.77
668.44	7140.97
668.77	8432.95
669.09	10080.69
669.41	8713.81
669.73	5329.40
670.06	7016.93
670.38	6544.14
670.70	5289.61
671.02	8149.75
671.35	6387.32
671.67	9900.47
671.99	6565.20
672.31	9884.08
672.63	7686.32
672.96	10853.06
673.28	6160.29
673.60	7225.23
673.92	7180.76
674.24	5905.17
674.57	5956.66
674.89	9579.81
675.21	6581.59
675.53	8816.80
675.85	9619.60
676.17	9874.72
676.50	5694.52
676.82	9753.01
677.14	7227.57
677.46	14104.07
677.78	5373.87
678.10	9083.62
678.42	6881.18
678.75	6148.59
679.07	5537.71
679.39	6991.18
679.71	6326.47
680.03	6265.61
680.35	6193.06
680.67	6361.58
680.99	5907.51
681.31	5153.86
681.63	7843.14
681.96	9933.23
682.28	6361.58
682.60	5671.12
682.92	8327.63
683.24	5294.29
683.56	8432.95
683.88	6029.22
684.20	6773.51
684.52	6211.78
684.84	6296.04
685.16	6413.07
685.48	8620.19
685.80	7616.10
686.12	8421.25
686.44	11669.91
686.76	6817.98
687.08	5153.86
687.40	5664.10
687.72	8912.76
688.04	6544.14
688.36	14223.44
688.68	10672.84
689.00	7838.45
689.32	6509.03
689.64	6293.70
689.96	6794.58
690.28	9570.45
690.60	9841.95
690.92	6017.52
691.24	8241.03
691.56	6403.71
691.88	6607.33
692.19	5652.39
692.51	9202.99
692.83	7857.18
693.15	8592.11
693.47	7826.75
693.79	7288.43
694.11	9448.74
694.43	7665.25
694.75	6768.83
695.06	7103.53
695.38	9989.41
695.70	7286.09
696.02	7265.02
696.34	6321.79
696.66	6310.08
696.98	5100.03
697.29	7192.47
697.61	10946.69
697.93	9701.52
698.25	13465.10
698.57	7742.49
698.89	5329.40
699.20	6541.80
699.52	10778.17
699.84	5137.48
700.16	6874.15
700.48	10263.25
700.79	5771.76
701.11	11559.91
701.43	9067.24
701.75	6101.78
702.07	6691.59
702.38	11613.74
702.70	5888.79
703.02	5827.93
703.34	8472.74
703.65	7255.66
703.97	6698.61
704.29	4861.29
704.61	5673.46
704.92	8929.14
705.24	6612.01
705.56	9343.42
705.87	9841.95
706.19	7225.23
706.51	6712.66
706.82	9884.08
707.14	6064.33
707.46	5170.24
707.78	5841.98
708.09	8133.36
708.41	9516.62
708.73	7527.16
709.04	9841.95
709.36	6546.48
709.68	7073.10
709.99	12929.12
710.31	9949.62
710.62	7239.28
710.94	6593.29
711.26	8013.99
711.57	6499.67
711.89	5598.56
712.21	14953.68
712.52	7126.93
712.84	10342.83
713.15	7478.01
713.47	8915.10
713.79	5446.43
714.10	6134.54
714.42	6581.59
714.73	10368.57
715.05	5245.14
715.36	5846.66
715.68	5891.13
715.99	6504.35
716.31	9432.36
716.63	8517.21
716.94	9296.61
717.26	19461.55
717.57	9067.24
717.89	11262.66
718.20	6118.16
718.52	9317.67
718.83	7124.59
719.15	14352.16
719.46	13942.57
719.78	7588.02
720.09	6878.83
720.41	5881.77
720.72	5563.45
721.04	5708.57
721.35	6946.71
721.67	6740.74
721.98	6527.75
722.29	6401.37
722.61	6127.52
722.92	5043.85
723.24	6630.74
723.55	7393.75
723.87	7559.93
724.18	8631.90
724.50	5486.22
724.81	6855.43
725.12	7068.42
725.44	8215.28
725.75	7398.43
726.07	10361.55
726.38	8091.23
726.69	6560.52
727.01	8580.40
727.32	8933.82
727.63	6511.37
727.95	10628.37
728.26	6310.08
728.58	8454.02
728.89	6429.45
729.20	7026.29
729.52	5839.64
729.83	13422.97
730.14	8432.95
730.46	6927.99
730.77	9643.01
731.08	8491.46
731.39	6661.16
731.71	7129.27
732.02	8924.46
732.33	7103.53
732.65	6546.48
732.96	10630.71
733.27	9057.87
733.59	14125.13
733.90	9605.56
734.21	5694.52
734.52	6684.57
734.84	16641.21
735.15	6487.96
735.46	6738.40
735.77	7449.93
736.09	7178.42
736.40	10696.25
736.71	8840.20
737.02	5504.94
737.33	6473.92
737.65	6782.87
737.96	7316.51
738.27	7581.00
738.58	13142.11
738.89	8519.55
739.21	6366.26
739.52	5050.88
739.83	8580.40
740.14	6132.20
740.45	7215.87
740.76	6345.19
741.08	5603.24
741.39	7007.56
741.70	6420.09
742.01	7630.15
742.32	9909.83
742.63	7545.89
742.94	5893.47
743.26	8510.19
743.57	7908.67
743.88	9029.79
744.19	7744.83
744.50	6745.42
744.81	12280.79
745.12	6937.35
745.43	6984.16
745.74	14930.28
746.05	11286.06
746.36	5139.82
746.67	11878.22
746.99	6789.89
747.30	8369.76
747.61	6459.88
747.92	7655.89
748.23	9727.27
748.54	6827.34
748.85	6813.30
749.16	7304.81
749.47	5715.59
749.78	6476.26
750.09	6242.21
750.40	7831.43
750.71	7548.23
751.02	8257.41
751.33	7096.50
751.64	8013.99
751.95	7077.78
752.26	8451.67
752.57	8596.79
752.88	6626.06
753.19	7239.28
753.50	10244.52
753.81	6829.68
754.11	7211.19
754.42	16285.45
754.73	7712.07
755.04	7801.01
755.35	7742.49
755.66	13465.10
755.97	5701.54
756.28	5790.49
756.59	8446.99
756.90	16428.22
757.21	8035.06
757.52	10895.19
757.82	8074.85
758.13	6317.11
758.44	9792.80
758.75	8428.27
759.06	6258.59
759.37	5860.70
759.68	8009.31
759.98	6373.28
760.29	8465.72
760.60	7639.51
760.91	5357.49
761.22	6998.20
761.53	7470.99
761.83	6218.80
762.14	7375.03
762.45	6279.66
762.76	5523.66
763.07	8105.28
763.37	15702.65
763.68	10967.75
763.99	12755.92
764.30	11625.44
764.60	6413.07
764.91	9837.27
765.22	7588.02
765.53	13092.96
765.84	7808.03
766.14	6939.69
766.45	5369.19
766.76	10813.28
767.06	11786.94
767.37	6803.94
767.68	7431.20
767.99	6867.13
768.29	6274.98
768.60	7173.74
768.91	9839.61
769.21	13027.42
769.52	10850.72
769.83	7164.38
770.13	7262.68
770.44	6850.75
770.75	8725.52
771.05	7253.32
771.36	8657.64
771.67	7517.80
771.97	6675.21
772.28	6888.20
772.59	7606.74
772.89	9282.56
773.20	6246.89
773.51	6396.68
773.81	11693.32
774.12	5860.70
774.42	7045.01
774.73	6073.69
775.04	6176.67
775.34	20734.81
775.65	8198.90
775.95	12475.06
776.26	7995.27
776.56	6637.76
776.87	8397.84
777.18	65535.00
777.48	17104.64
777.79	7735.47
778.09	10665.82
778.40	6771.17
778.70	6726.70
779.01	10740.72
779.31	7412.48
779.62	6588.61
779.92	8975.95
780.23	8645.94
780.53	5689.84
780.84	7180.76
781.14	6399.02
781.45	6342.85
781.75	9329.38
782.06	6160.29
782.36	8100.59
782.67	6038.58
782.97	6342.85
783.28	12999.34
783.58	6635.42
783.89	6429.45
784.19	8484.44
784.49	12339.30
784.80	7073.10
785.10	12676.34
785.41	6005.81
785.71	8475.08
786.02	8152.09
786.32	13668.73
786.62	9069.58
786.93	11637.14
787.23	6649.46
787.54	6820.32
787.84	12191.85
788.14	8416.57
788.45	5352.81
788.75	10286.65
789.05	5968.37
789.36	7140.97
789.66	13572.77
789.96	9085.96
790.27	7541.21
790.57	7171.40
790.87	5987.09
791.18	6380.30
791.48	6141.57
791.78	8341.67
792.09	8676.37
792.39	6267.95
792.69	9301.29
793.00	8311.24
793.30	8667.00
793.60	5678.14
793.90	5392.59
794.21	8294.86
794.51	16561.63
794.81	10541.77
795.11	7386.73
795.42	6513.71
795.72	11110.52
796.02	9083.62
796.32	8231.66
796.63	8362.73
796.93	9858.34
797.23	8945.53
797.53	7941.44
797.84	10459.85
798.14	6331.15
798.44	8067.83
798.74	8659.98
799.04	8002.29
799.34	5820.91
799.65	15543.50
799.95	7733.13
800.25	6958.41
800.55	6698.61
800.85	8074.85
801.15	6232.85
801.46	7117.57
801.76	17603.17
802.06	6670.53
802.36	9226.39
802.66	6712.66
802.96	9069.58
803.26	10455.17
803.56	13172.54
803.87	16088.84
804.17	7211.19
804.47	9680.46
804.77	10387.30
805.07	10501.98
805.37	9437.04
805.67	8975.95
805.97	6780.53
806.27	7255.66
806.57	6679.89
806.87	11382.03
807.17	7878.24
807.47	11222.87
807.77	10801.57
808.07	6642.44
808.37	11248.61
808.67	7714.41
808.98	15077.73
809.28	6890.54
809.58	15606.69
809.88	10223.46
810.18	14326.42
810.47	7171.40
810.77	7253.32
811.07	9224.05
811.37	8596.79
811.67	6036.24
811.97	5451.11
812.27	6104.12
812.57	5418.34
812.87	6471.58
813.17	6225.82
813.47	6129.86
813.77	6700.95
814.07	6431.79
814.37	9720.24
814.67	6331.15
814.97	7133.95
815.27	6118.16
815.56	8503.17
815.86	10810.93
816.16	7885.26
816.46	5764.74
816.76	6375.62
817.06	10160.27
817.36	12044.40
817.66	7510.78
817.95	5860.70
818.25	8203.58
818.55	9870.04
818.85	9174.90
819.15	6537.12
819.45	13034.44
819.75	7351.62
820.04	7454.61
820.34	15435.83
820.64	9607.90
820.94	12355.69
821.24	6813.30
821.53	6836.70
821.83	6464.56
822.13	5891.13
822.43	6932.67
822.72	5631.33
823.02	6401.37
823.32	6033.90
823.62	7782.28
823.91	14651.75
824.21	5645.37
824.51	8248.05
824.81	6857.77
825.10	5572.82
825.40	9018.08
825.70	7492.05
826.00	12322.92
826.29	6572.22
826.59	8100.59
826.89	6916.28
827.18	6274.98
827.48	6448.18
827.78	5760.06
828.07	7510.78
828.37	9137.45
828.67	7936.76
828.96	7485.03
829.26	6303.06
829.56	10492.62
829.85	6368.60
830.15	8009.31
830.45	5631.33
830.74	12028.01
831.04	9109.36
831.34	9809.19
831.63	13013.38
831.93	9661.73
832.22	9029.79
832.52	7407.80
832.82	5776.44
833.11	5750.70
833.41	6167.31
833.70	6609.67
834.00	9996.43
834.29	7637.17
834.59	5628.99
834.89	8336.99
835.18	6888.20
835.48	12446.97
835.77	8997.02
836.07	9036.81
836.36	8879.99
836.66	10162.61
836.95	7162.04
837.25	6317.11
837.54	7019.27
837.84	6619.04
838.13	7747.17
838.43	6406.05
838.72	13341.05
839.02	10120.48
839.31	6050.28
839.61	10406.02
839.90	5474.51
840.20	7548.23
840.49	5914.53
840.78	8241.03
841.08	8903.40
841.37	6703.29
841.67	5666.44
841.96	8617.85
842.26	7899.31
842.55	5699.20
842.84	5900.49
843.14	9949.62
843.43	5598.56
843.73	7311.83
844.02	5645.37
844.31	7033.31
844.61	6600.31
844.90	8124.00
845.20	7360.98
845.49	5315.36
845.78	6752.45
846.08	5877.09
846.37	5088.32
846.66	8287.84
846.96	8800.41
847.25	8348.69
847.54	5626.65
847.84	8795.73
848.13	7061.40
848.42	9668.75
848.72	6183.70
849.01	8610.83
849.30	6399.02
849.59	6050.28
849.89	6164.97
850.18	11805.66
850.47	6015.18
850.76	15690.95
851.06	14157.90
851.35	8271.45
851.64	9523.64
851.93	7606.74
852.23	10352.19
852.52	6579.25
852.81	6600.31
853.10	6284.34
853.40	5444.09
853.69	5430.04
853.98	7255.66
854.27	9462.79
854.56	6569.88
854.86	8421.25
855.15	7548.23
855.44	7852.50
855.73	5233.44
856.02	6455.20
856.31	9202.99
856.61	8086.55
856.90	6492.65
857.19	5643.03
857.48	5345.78
857.77	5788.14
858.06	4755.97
858.35	5612.60
858.65	11047.33
858.94	8994.68
859.23	6953.73
859.52	9378.53
859.81	11609.06
860.10	6209.44
860.39	8791.05
860.68	7339.92
860.97	5893.47
861.26	6139.23
861.55	11485.01
861.85	7360.98
862.14	8882.33
862.43	9170.22
862.72	7559.93
863.01	5500.26
863.30	6565.20
863.59	7101.19
863.88	6876.49
864.17	6979.48
864.46	5977.73
864.75	13919.17
865.04	7545.89
865.33	5762.40
865.62	10513.69
865.91	6370.94
866.20	8477.42
866.49	6616.69
866.78	6754.79
867.07	6471.58
867.36	9760.03
867.65	9572.79
867.93	8692.75
868.22	7325.88
868.51	6949.05
868.80	7545.89
869.09	6689.25
869.38	6019.86
869.67	12156.74
869.96	12156.74
870.25	12156.74
