178.76	1781.15
179.14	1781.15
179.52	1781.15
179.90	1757.74
180.28	10518.37
180.66	6045.60
181.04	8257.41
181.42	7262.68
181.80	6132.20
182.18	10597.95
182.55	5846.66
182.93	7295.45
183.31	6984.16
183.69	7655.89
184.07	7899.31
184.45	6942.03
184.83	7117.57
185.21	6448.18
185.59	6675.21
185.97	16116.93
186.35	11683.95
186.72	6916.28
187.10	7246.30
187.48	11428.84
187.86	8814.46
188.24	6635.42
188.62	6253.91
189.00	10604.97
189.38	7775.26
189.75	7293.11
190.13	7803.35
190.51	6312.42
190.89	14614.30
191.27	20690.34
191.65	6883.52
192.03	7742.49
192.40	10090.05
192.78	7449.93
193.16	8545.30
193.54	11892.26
193.92	10576.88
194.30	6707.98
194.67	9226.39
195.05	8327.63
195.43	7094.16
195.81	6960.75
196.19	10401.34
196.56	7616.10
196.94	7241.62
197.32	11356.28
197.70	6581.59
198.08	8306.56
198.45	6637.76
198.83	7447.58
199.21	6696.27
199.59	11953.12
199.97	8044.42
200.34	5834.96
200.72	6483.28
201.10	13563.40
201.48	9984.73
201.85	6270.30
202.23	6799.26
202.61	6806.28
202.99	39550.37
203.36	6693.93
203.74	8762.97
204.12	6939.69
204.49	6335.83
204.87	8669.34
205.25	7108.21
205.63	5750.70
206.00	6494.99
206.38	7728.45
206.76	9439.38
207.14	6448.18
207.51	5872.40
207.89	10509.01
208.27	6286.68
208.64	5226.42
209.02	6581.59
209.40	6860.11
209.77	5509.62
210.15	13855.97
210.53	5830.27
210.90	11035.63
211.28	6122.84
211.66	11749.49
212.03	6377.96
212.41	5799.85
212.79	7007.56
213.16	5947.30
213.54	7473.33
213.92	7777.60
214.29	5528.35
214.67	6548.82
215.05	6715.00
215.42	9158.52
215.80	6782.87
216.17	6464.56
216.55	7583.34
216.93	5694.52
217.30	8910.42
217.68	6263.27
218.05	6707.98
218.43	6424.77
218.81	6640.10
219.18	10794.55
219.56	6705.63
219.93	6502.01
220.31	6307.74
220.69	5877.09
221.06	6026.88
221.44	7548.23
221.81	6033.90
222.19	5579.84
222.56	6118.16
222.94	6633.08
223.32	7552.91
223.69	6164.97
224.07	8606.15
224.44	12212.92
224.82	7517.80
225.19	8290.18
225.57	7433.54
225.94	6630.74
226.32	7232.26
226.69	12046.74
227.07	8425.93
227.44	6738.40
227.82	7716.75
228.19	6839.05
228.57	8533.59
228.94	11288.40
229.32	9483.85
229.69	8695.09
230.07	6637.76
230.44	5940.28
230.82	10574.54
231.19	9092.98
231.57	5500.26
231.94	5703.89
232.32	8795.73
232.69	6937.35
233.07	7337.58
233.44	7971.86
233.82	6869.47
234.19	7349.28
234.57	9804.50
234.94	6286.68
235.31	6647.12
235.69	7152.68
236.06	7272.04
236.44	8451.67
236.81	5767.08
237.19	7721.43
237.56	11250.96
237.93	6272.64
238.31	7578.65
238.68	6906.92
239.06	7433.54
239.43	8622.53
239.81	7875.90
240.18	5921.56
240.55	6108.80
240.93	12449.31
241.30	7581.00
241.67	7098.84
242.05	8421.25
242.42	9245.12
242.80	5706.23
243.17	7751.85
243.54	7557.59
243.92	9100.00
244.29	6909.26
244.66	7391.41
245.04	9757.69
245.41	15693.29
245.78	5834.96
246.16	6593.29
246.53	8603.81
246.90	6949.05
247.28	12547.61
247.65	6944.37
248.02	7197.15
248.40	9556.41
248.77	7346.94
249.14	8311.24
249.52	6750.10
249.89	8187.19
250.26	6047.94
250.64	7293.11
251.01	15012.20
251.38	5708.57
251.75	7260.34
252.13	6635.42
252.50	8681.05
252.87	13064.87
253.25	5823.25
253.62	7789.30
253.99	5781.12
254.36	8924.46
254.74	6553.50
255.11	5919.21
255.48	5497.92
255.85	13701.50
256.23	5643.03
256.60	5249.82
256.97	6752.45
257.34	8044.42
257.71	7606.74
258.09	6806.28
258.46	7644.19
258.83	10909.24
259.20	9467.47
259.58	6867.13
259.95	7281.41
260.32	9165.54
260.69	5867.72
261.06	10562.84
261.44	6136.88
261.81	12901.03
262.18	7669.94
262.55	6328.81
262.92	7201.83
263.29	6427.11
263.67	5628.99
264.04	6476.26
264.41	6785.21
264.78	6345.19
265.15	9909.83
265.52	12093.55
265.90	7311.83
266.27	6403.71
266.64	5781.12
267.01	5509.62
267.38	7920.37
267.75	6059.65
268.12	5221.74
268.50	6871.81
268.87	6272.64
269.24	6195.40
269.61	7609.08
269.98	7925.05
270.35	7763.56
270.72	6036.24
271.09	6862.45
271.46	6399.02
271.83	7723.77
272.21	8919.78
272.58	5954.32
272.95	6270.30
273.32	7059.06
273.69	7080.12
274.06	5425.36
274.43	6148.59
274.80	7068.42
275.17	7730.79
275.54	15852.45
275.91	7129.27
276.28	7218.21
276.65	7454.61
277.02	10841.36
277.39	6162.63
277.76	6127.52
278.13	8189.53
278.50	8535.93
278.87	10263.25
279.24	9078.94
279.61	8215.28
279.98	9628.96
280.35	6267.95
280.72	7403.11
281.09	6923.30
281.46	7288.43
281.83	6197.74
282.20	7770.58
282.57	6427.11
282.94	7985.91
283.31	6478.60
283.68	7665.25
284.05	5549.41
284.42	5191.31
284.79	7641.85
285.16	8283.16
285.53	7115.23
285.90	7138.63
286.27	14272.59
286.64	5521.32
287.01	6146.25
287.38	8306.56
287.75	58223.17
288.12	8402.52
288.49	16121.61
288.86	5935.60
289.23	5984.75
289.59	6115.82
289.96	5865.38
290.33	6270.30
290.70	6583.93
291.07	8325.29
291.44	7782.28
291.81	5879.43
292.18	7307.15
292.55	6485.62
292.91	12280.79
293.28	8269.11
293.65	10483.26
294.02	7644.19
294.39	5467.49
294.76	6895.22
295.13	7070.76
295.50	6988.84
295.86	6923.30
296.23	6452.86
296.60	5935.60
296.97	6274.98
297.34	7054.37
297.71	8762.97
298.07	7122.25
298.44	5174.92
298.81	7651.21
299.18	7325.88
299.55	10427.09
299.91	6787.55
300.28	7250.98
300.65	5493.24
301.02	7559.93
301.39	7934.42
301.75	12968.91
302.12	8013.99
302.49	6965.43
302.86	10129.84
303.23	7353.96
303.59	5961.34
303.96	16704.40
304.33	9495.55
304.70	14359.19
305.06	6445.84
305.43	9900.47
305.80	8100.59
306.17	8713.81
306.53	6179.01
306.90	9184.26
307.27	7227.57
307.64	10216.44
308.00	6403.71
308.37	6312.42
308.74	11901.62
309.11	8769.99
309.47	6312.42
309.84	5577.50
310.21	7066.08
310.57	7253.32
310.94	6665.85
311.31	7075.44
311.67	7550.57
312.04	5476.85
312.41	9582.15
312.77	7847.82
313.14	6183.70
313.51	6867.13
313.87	6485.62
314.24	6375.62
314.61	6326.47
314.97	6375.62
315.34	7035.65
315.71	5504.94
316.07	8980.64
316.44	5692.18
316.81	8643.60
317.17	5987.09
317.54	14953.68
317.91	6251.57
318.27	5404.30
318.64	6766.49
319.00	8439.97
319.37	5451.11
319.74	9109.36
320.10	9392.57
320.47	6544.14
320.83	10555.82
321.20	6944.37
321.57	5778.78
321.93	6401.37
322.30	7506.10
322.66	6122.84
323.03	8290.18
323.40	7815.05
323.76	6239.87
324.13	6403.71
324.49	5334.08
324.86	17965.95
325.22	7232.26
325.59	6843.73
325.95	7702.70
326.32	9207.67
326.68	8957.23
327.05	6890.54
327.42	6209.44
327.78	6324.13
328.15	9029.79
328.51	6188.38
328.88	8348.69
329.24	10839.02
329.61	7115.23
329.97	8379.12
330.34	6340.51
330.70	6974.80
331.07	10569.86
331.43	8465.72
331.80	12898.69
332.16	9893.44
332.52	6059.65
332.89	8114.64
333.25	5315.36
333.62	11894.60
333.98	6436.47
334.35	6649.46
334.71	7288.43
335.08	5781.12
335.44	11782.26
335.81	11562.25
336.17	9912.17
336.53	7059.06
336.90	5813.89
337.26	8201.24
337.63	9036.81
337.99	7485.03
338.36	5736.65
338.72	8802.75
339.08	7398.43
339.45	5685.16
339.81	9301.29
340.18	6595.63
340.54	9870.04
340.90	6162.63
341.27	6630.74
341.63	8149.75
341.99	5261.52
342.36	10314.74
342.72	5647.71
343.09	10188.35
343.45	6305.40
343.81	10342.83
344.18	5392.59
344.54	6925.65
344.90	7679.30
345.27	7279.07
345.63	6815.64
345.99	8564.02
346.36	7279.07
346.72	5741.33
347.08	5959.00
347.45	5474.51
347.81	9628.96
348.17	7391.41
348.54	5554.09
348.90	8711.47
349.26	9423.00
349.62	10331.12
349.99	5280.25
350.35	5128.11
350.71	7737.81
351.08	7096.50
351.44	5149.18
351.80	12964.23
352.16	11290.74
352.53	5944.96
352.89	8311.24
353.25	10773.49
353.61	6427.11
353.98	8470.40
354.34	10019.83
354.70	6310.08
355.06	5149.18
355.43	7096.50
355.79	6558.18
356.15	6415.41
356.51	5774.10
356.88	6022.20
357.24	6649.46
357.60	5406.64
357.96	5231.10
358.32	14773.46
358.69	5366.85
359.05	7801.01
359.41	7382.05
359.77	5729.63
360.13	6031.56
360.49	5853.68
360.86	8737.22
361.22	10911.58
361.58	7515.46
361.94	10656.46
362.30	5755.38
362.66	8226.98
363.03	5153.86
363.39	5121.09
363.75	6008.16
364.11	9839.61
364.47	6080.71
364.83	10349.85
365.19	7482.69
365.56	8753.60
365.92	5259.18
366.28	8566.36
366.64	9666.41
367.00	5165.56
367.36	5296.63
367.72	9717.90
368.08	9158.52
368.44	6267.95
368.80	7836.11
369.17	6277.32
369.53	6504.35
369.89	5900.49
370.25	5841.98
370.61	5881.77
370.97	10434.11
371.33	6286.68
371.69	12182.49
372.05	8133.36
372.41	5708.57
372.77	6366.26
373.13	7246.30
373.49	5146.84
373.85	7742.49
374.21	7246.30
374.57	5727.29
374.93	8344.01
375.29	8748.92
375.65	7225.23
376.01	7103.53
376.37	9895.78
376.73	8353.37
377.09	5809.21
377.45	9483.85
377.81	6628.40
378.17	5764.74
378.53	5109.39
378.89	8177.83
379.25	10539.43
379.61	13933.21
379.97	9062.55
380.33	6431.79
380.69	5944.96
381.05	5790.49
381.41	8887.01
381.77	6920.96
382.13	8306.56
382.49	14401.32
382.85	7283.75
383.21	8573.38
383.57	5254.50
383.93	10183.67
384.28	5006.41
384.64	6176.67
385.00	7508.44
385.36	7220.55
385.72	8734.88
386.08	5898.15
386.44	8561.68
386.80	8769.99
387.16	11995.25
387.52	9341.08
387.87	13142.11
388.23	7831.43
388.59	5982.41
388.95	5380.89
389.31	6590.95
389.67	6712.66
390.03	6183.70
390.38	6396.68
390.74	4877.68
391.10	9153.84
391.46	7370.35
391.82	5902.83
392.18	8109.96
392.54	4847.25
392.89	5500.26
393.25	8198.90
393.61	5481.53
393.97	5451.11
394.33	7728.45
394.68	6970.12
395.04	5448.77
395.40	7077.78
395.76	8999.36
396.12	7400.77
396.47	5696.86
396.83	6920.96
397.19	5614.95
397.55	5600.90
397.90	7115.23
398.26	6956.07
398.62	5544.73
398.98	4849.59
399.33	6499.67
399.69	24030.28
400.05	8142.72
400.41	5671.12
400.76	8587.43
401.12	9940.26
401.48	7630.15
401.84	5996.45
402.19	6235.19
402.55	7613.76
402.91	6927.99
403.26	5184.29
403.62	8196.56
403.98	6925.65
404.34	4819.16
404.69	6771.17
405.05	8716.16
405.41	13682.77
405.76	5804.53
406.12	5893.47
406.48	6752.45
406.83	6003.47
407.19	8351.03
407.55	7581.00
407.90	13607.87
408.26	8320.60
408.62	8901.06
408.97	6967.77
409.33	5359.83
409.68	5650.05
410.04	7419.50
410.40	6019.86
410.75	7974.21
411.11	5724.95
411.47	7269.70
411.82	6445.84
412.18	6883.52
412.53	6670.53
412.89	6071.35
413.25	6656.48
413.60	6918.62
413.96	5128.11
414.31	6221.14
414.67	7087.14
415.03	5221.74
415.38	5483.88
415.74	6296.04
416.09	6370.94
416.45	8278.47
416.80	5762.40
417.16	8201.24
417.51	6497.33
417.87	6417.75
418.23	7646.53
418.58	8032.72
418.94	4936.19
419.29	5951.98
419.65	7527.16
420.00	8411.89
420.36	8166.13
420.71	8053.78
421.07	5514.30
421.42	6944.37
421.78	8837.86
422.13	6476.26
422.49	5479.19
422.84	7070.76
423.20	5130.45
423.55	5371.53
423.91	5280.25
424.26	13413.61
424.61	8156.77
424.97	10979.45
425.32	5841.98
425.68	6537.12
426.03	7475.67
426.39	9813.87
426.74	9657.05
427.10	9195.96
427.45	5881.77
427.80	7494.40
428.16	6616.69
428.51	6619.04
428.87	7375.03
429.22	9200.65
429.58	9980.04
429.93	9891.10
430.28	5811.55
430.64	6094.76
430.99	5041.51
431.35	7346.94
431.70	6225.82
432.05	6679.89
432.41	7946.12
432.76	7709.72
433.11	7672.28
433.47	7529.50
433.82	10214.10
434.17	7798.66
434.53	7728.45
434.88	13757.67
435.24	7473.33
435.59	7192.47
435.94	5390.25
436.30	8145.06
436.65	6160.29
437.00	9439.38
437.35	15880.53
437.71	6478.60
438.06	6209.44
438.41	6087.73
438.77	7660.57
439.12	5226.42
439.47	4805.12
439.83	7548.23
440.18	5114.07
440.53	6485.62
440.88	12070.14
441.24	8292.52
441.59	5549.41
441.94	6354.55
442.30	8028.04
442.65	12233.98
443.00	6572.22
443.35	9947.28
443.71	6431.79
444.06	9315.33
444.41	7798.66
444.76	11119.89
445.11	6796.92
445.47	10085.37
445.82	8896.38
446.17	5778.78
446.52	10026.86
446.88	7126.93
447.23	5067.26
447.58	7716.75
447.93	5722.61
448.28	28542.83
448.63	10516.03
448.99	6785.21
449.34	8297.20
449.69	8638.92
450.04	6113.48
450.39	6069.01
450.74	6857.77
451.10	6817.98
451.45	7026.29
451.80	7501.42
452.15	9762.37
452.50	7953.14
452.85	9598.54
453.21	8688.07
453.56	7421.84
453.91	6572.22
454.26	7265.02
454.61	5694.52
454.96	8372.10
455.31	6562.86
455.66	6040.92
456.01	7777.60
456.36	6237.53
456.72	5802.19
457.07	7562.27
457.42	10155.58
457.77	8777.01
458.12	5722.61
458.47	7246.30
458.82	9549.39
459.17	7063.74
459.52	7063.74
459.87	11587.99
460.22	5544.73
460.57	6846.07
460.92	5959.00
461.27	7976.55
461.62	6553.50
461.97	5713.25
462.32	11822.05
462.67	10457.51
463.02	13090.62
463.38	12912.74
463.73	8751.26
464.08	11918.01
464.43	7412.48
464.78	5432.38
465.12	7918.03
465.47	8210.60
465.82	26408.26
466.17	6342.85
466.52	8535.93
466.87	6211.78
467.22	5680.48
467.57	5219.39
467.92	7485.03
468.27	10677.52
468.62	14492.60
468.97	6581.59
469.32	4858.95
469.67	15143.27
470.02	13776.39
470.37	6069.01
470.72	7248.64
471.07	5362.17
471.42	6436.47
471.76	6750.10
472.11	6523.07
472.46	8292.52
472.81	14572.18
473.16	5706.23
473.51	5961.34
473.86	5111.73
474.21	6389.66
474.56	6310.08
474.90	6179.01
475.25	9633.64
475.60	8765.31
475.95	5898.15
476.30	11091.80
476.65	10080.69
477.00	14574.52
477.34	11016.90
477.69	5474.51
478.04	9062.55
478.39	7157.36
478.74	5692.18
479.09	5069.60
479.43	6909.26
479.78	4861.29
480.13	11946.09
480.48	9884.08
480.83	7162.04
481.17	5310.68
481.52	7047.35
481.87	6443.49
482.22	11660.55
482.57	6518.39
482.91	9013.40
483.26	7733.13
483.61	6312.42
483.96	7269.70
484.30	65535.00
484.65	12035.03
485.00	5797.51
485.35	6555.84
485.69	5818.57
486.04	6356.90
486.39	7531.84
486.74	7375.03
487.08	5203.01
487.43	7733.13
487.78	4959.60
488.12	7962.50
488.47	5879.43
488.82	10111.11
489.17	5666.44
489.51	5149.18
489.86	7803.35
490.21	5053.22
490.55	7655.89
490.90	5156.20
491.25	6218.80
491.59	5495.58
491.94	12381.43
492.29	6136.88
492.63	6951.39
492.98	4725.54
493.33	7117.57
493.67	6141.57
494.02	5425.36
494.37	5476.85
494.71	8159.11
495.06	5970.71
495.40	10113.45
495.75	5991.77
496.10	10057.28
496.44	6754.79
496.79	8065.49
497.13	5703.89
497.48	13937.89
497.83	10015.15
498.17	7934.42
498.52	5289.61
498.86	8217.62
499.21	6436.47
499.56	5748.36
499.90	6277.32
500.25	5212.37
500.59	6834.36
500.94	7634.83
501.28	8470.40
501.63	9437.04
501.97	6366.26
502.32	5605.58
502.67	7368.01
503.01	5298.97
503.36	6045.60
503.70	6111.14
504.05	8074.85
504.39	9013.40
504.74	6527.75
505.08	10532.41
505.43	4737.24
505.77	5350.46
506.12	7082.46
506.46	6349.87
506.81	5750.70
507.15	5685.16
507.49	6113.48
507.84	5748.36
508.18	7454.61
508.53	7033.31
508.87	6967.77
509.22	6284.34
509.56	65535.00
509.91	18820.25
510.25	6995.86
510.60	4954.91
510.94	8774.67
511.28	4798.10
511.63	9097.66
511.97	7566.95
512.32	8732.54
512.66	5727.29
513.00	6745.42
513.35	9273.20
513.69	5277.91
514.04	8126.34
514.38	8468.06
514.72	7372.69
515.07	5598.56
515.41	5757.72
515.76	5797.51
516.10	7564.61
516.44	8716.16
516.79	6003.47
517.13	5315.36
517.47	8971.27
517.82	7136.29
518.16	6607.33
518.50	7108.21
518.85	7269.70
519.19	9874.72
519.53	13071.89
519.88	8753.60
520.22	6602.65
520.56	6885.86
520.91	5289.61
521.25	5469.83
521.59	6794.58
521.93	7669.94
522.28	6478.60
522.62	7304.81
522.96	9032.13
523.31	6464.56
523.65	7726.11
523.99	8287.84
524.33	10965.41
524.68	8187.19
525.02	5224.08
525.36	7454.61
525.70	5039.17
526.05	5891.13
526.39	5547.07
526.73	8203.58
527.07	6949.05
527.41	10492.62
527.76	5811.55
528.10	6333.49
528.44	7726.11
528.78	6574.56
529.12	8294.86
529.47	6403.71
529.81	9015.74
530.15	9060.21
530.49	8095.91
530.83	4922.15
531.18	5394.93
531.52	6551.16
531.86	5238.12
532.20	6970.12
532.54	9324.69
532.88	4720.86
533.22	6436.47
533.57	7040.33
533.91	9310.65
534.25	5338.76
534.59	10684.55
534.93	8257.41
535.27	5633.67
535.61	6502.01
535.95	10679.86
536.30	8507.85
536.64	6747.76
536.98	4709.16
537.32	6319.45
537.66	4863.63
538.00	7962.50
538.34	8056.12
538.68	7955.48
539.02	11358.62
539.36	6038.58
539.70	5331.74
540.04	6707.98
540.39	19449.85
540.73	5628.99
541.07	6911.60
541.41	7550.57
541.75	7597.38
542.09	9671.09
542.43	7665.25
542.77	6888.20
543.11	7316.51
543.45	6801.60
543.79	9083.62
544.13	6132.20
544.47	6380.30
544.81	5724.95
545.15	8229.32
545.49	6654.14
545.83	5586.86
546.17	6235.19
546.51	4798.10
546.85	5895.81
547.19	10626.03
547.53	5181.95
547.87	8264.43
548.21	11595.01
548.54	6960.75
548.88	5956.66
549.22	5696.86
549.56	5102.37
549.90	6001.13
550.24	6787.55
550.58	5558.77
550.92	9483.85
551.26	6260.93
551.60	10764.12
551.94	6218.80
552.28	6286.68
552.61	8006.97
552.95	6282.00
553.29	5813.89
553.63	6902.24
553.97	10869.45
554.31	9233.41
554.65	10132.18
554.99	9935.57
555.32	6040.92
555.66	7974.21
556.00	4730.22
556.34	6532.44
556.68	7276.73
557.02	9078.94
557.36	7171.40
557.69	6775.85
558.03	5940.28
558.37	12304.20
558.71	14544.09
559.05	10235.16
559.38	11169.04
559.72	5579.84
560.06	8564.02
560.40	8116.98
560.74	9518.96
561.07	7707.38
561.41	8915.10
561.75	7761.22
562.09	6106.46
562.42	8800.41
562.76	8138.04
563.10	7000.54
563.44	23941.34
563.77	7571.63
564.11	7899.31
564.45	9518.96
564.79	7868.88
565.12	7084.80
565.46	7236.94
565.80	7564.61
566.14	7480.35
566.47	9151.49
566.81	5710.91
567.15	7318.86
567.48	7655.89
567.82	8025.70
568.16	7681.64
568.49	5764.74
568.83	5383.23
569.17	6764.15
569.50	7632.49
569.84	10494.96
570.18	7667.60
570.51	10839.02
570.85	6656.48
571.19	6363.92
571.52	5769.42
571.86	7066.08
572.20	6272.64
572.53	10600.29
572.87	5781.12
573.21	5633.67
573.54	5369.19
573.88	7562.27
574.21	7229.91
574.55	6839.05
574.89	9633.64
575.22	8837.86
575.56	6272.64
575.89	6115.82
576.23	6619.04
576.57	7632.49
576.90	5933.26
577.24	7229.91
577.57	5568.13
577.91	7599.72
578.24	5235.78
578.58	6736.06
578.91	8021.02
579.25	5940.28
579.59	7176.08
579.92	6612.01
580.26	5224.08
580.59	7765.90
580.93	7700.36
581.26	6235.19
581.60	7852.50
581.93	8147.40
582.27	10780.51
582.60	5738.99
582.94	7225.23
583.27	5401.96
583.61	6574.56
583.94	7339.92
584.28	5203.01
584.61	6413.07
584.94	8049.10
585.28	7941.44
585.61	8615.51
585.95	8210.60
586.28	11115.20
586.62	12718.47
586.95	6911.60
587.29	11784.60
587.62	15201.78
587.95	5423.02
588.29	7344.60
588.62	8156.77
588.96	9118.73
589.29	6324.13
589.62	6045.60
589.96	6483.28
590.29	6204.76
590.63	5193.65
590.96	8397.84
591.29	8683.39
591.63	9423.00
591.96	5401.96
592.29	6464.56
592.63	6186.04
592.96	7386.73
593.30	11557.57
593.63	7688.66
593.96	5846.66
594.30	6188.38
594.63	7599.72
594.96	11337.56
595.30	6799.26
595.63	6319.45
595.96	6026.88
596.29	7714.41
596.63	6256.25
596.96	8741.90
597.29	7899.31
597.63	5149.18
597.96	9823.23
598.29	9284.91
598.63	9071.92
598.96	5795.17
599.29	6143.91
599.62	6153.27
599.96	5982.41
600.29	6621.38
600.62	5685.16
600.95	6214.12
601.29	6785.21
601.62	7496.74
601.95	6916.28
602.28	5980.07
602.61	20128.61
602.95	7016.93
603.28	11435.86
603.61	5888.79
603.94	9268.52
604.27	5657.07
604.61	8299.54
604.94	7817.39
605.27	7421.84
605.60	5666.44
605.93	6181.35
606.27	8950.21
606.60	6682.23
606.93	5317.70
607.26	10721.99
607.59	6808.62
607.92	9476.83
608.26	6005.81
608.59	5923.90
608.92	6532.44
609.25	6920.96
609.58	7501.42
609.91	8196.56
610.24	13331.69
610.57	7911.01
610.90	9242.78
611.24	5156.20
611.57	5172.58
611.90	8798.07
612.23	6808.62
612.56	8807.44
612.89	8402.52
613.22	8603.81
613.55	5200.67
613.88	9341.08
614.21	5757.72
614.54	7555.25
614.87	5877.09
615.20	4755.97
615.53	9563.43
615.87	6073.69
616.20	7037.99
616.53	9778.76
616.86	6860.11
617.19	7929.74
617.52	8744.24
617.85	6263.27
618.18	5874.74
618.51	6352.21
618.84	8320.60
619.17	6532.44
619.50	10661.14
619.83	9951.96
620.16	8454.02
620.49	6207.10
620.82	13706.18
621.14	10410.70
621.47	6434.13
621.80	9387.89
622.13	7332.90
622.46	14288.97
622.79	8479.76
623.12	5394.93
623.45	9132.77
623.78	8409.54
624.11	5675.80
624.44	7606.74
624.77	5989.43
625.10	5893.47
625.43	5633.67
625.75	7140.97
626.08	6127.52
626.41	5710.91
626.74	6974.80
627.07	6427.11
627.40	11885.24
627.73	6249.23
628.06	5722.61
628.38	4711.50
628.71	8425.93
629.04	9703.86
629.37	8557.00
629.70	7192.47
630.03	5900.49
630.36	9738.97
630.68	8655.30
631.01	6120.50
631.34	10647.10
631.67	6106.46
632.00	4837.89
632.32	8786.37
632.65	9774.08
632.98	7557.59
633.31	6995.86
633.64	8889.35
633.96	5743.67
634.29	10647.10
634.62	7150.34
634.95	7571.63
635.27	7428.86
635.60	8252.73
635.93	7721.43
636.26	7644.19
636.58	6300.72
636.91	5963.68
637.24	5921.56
637.57	7143.32
637.89	8121.66
638.22	5774.10
638.55	7258.00
638.87	7569.29
639.20	8643.60
639.53	7597.38
639.86	6122.84
640.18	5643.03
640.51	7138.63
640.84	7683.98
641.16	5575.16
641.49	7398.43
641.82	5504.94
642.14	5738.99
642.47	13701.50
642.80	6890.54
643.12	9177.24
643.45	6743.08
643.78	7159.70
644.10	5987.09
644.43	6892.88
644.75	10010.47
645.08	5081.30
645.41	8013.99
645.73	5710.91
646.06	15019.22
646.39	8807.44
646.71	6221.14
647.04	5989.43
647.36	5015.77
647.69	8353.37
648.01	7166.72
648.34	5841.98
648.67	9610.24
648.99	10087.71
649.32	5942.62
649.64	5284.93
649.97	4636.60
650.29	5327.06
650.62	13973.00
650.94	7110.55
651.27	10855.40
651.59	6883.52
651.92	6026.88
652.25	7911.01
652.57	5636.01
652.90	5860.70
653.22	7627.81
653.55	7456.95
653.87	4884.70
654.20	7075.44
654.52	10890.51
654.84	6745.42
655.17	7995.27
655.49	11042.65
655.82	6342.85
656.14	7669.94
656.47	10611.99
656.79	11405.43
657.12	6539.46
657.44	6370.94
657.77	8802.75
658.09	7297.79
658.41	6878.83
658.74	8393.16
659.06	5420.68
659.39	6616.69
659.71	6216.46
660.03	6923.30
660.36	6417.75
660.68	9706.20
661.01	12971.25
661.33	10525.39
661.65	6015.18
661.98	13668.73
662.30	13233.39
662.63	7016.93
662.95	6621.38
663.27	6076.03
663.60	5507.28
663.92	6839.05
664.24	6595.63
664.57	5703.89
664.89	6050.28
665.21	6190.72
665.54	9287.25
665.86	7148.00
666.18	7496.74
666.51	10066.64
666.83	6429.45
667.15	14611.96
667.47	9568.11
667.80	8205.92
668.12	5947.30
668.44	7091.82
668.77	8444.65
669.09	10052.60
669.41	8842.54
669.73	5282.59
670.06	7030.97
670.38	6560.52
670.70	5313.02
671.02	8074.85
671.35	6298.38
671.67	10169.63
671.99	6633.08
672.31	9853.66
672.63	7499.08
672.96	11014.56
673.28	6232.85
673.60	7265.02
673.92	7208.85
674.24	5825.59
674.57	5888.79
674.89	9605.56
675.21	6654.14
675.53	9069.58
675.85	9706.20
676.17	9987.07
676.50	5675.80
676.82	9699.18
677.14	7391.41
677.46	14090.02
677.78	5425.36
678.10	9275.54
678.42	7005.22
678.75	6324.13
679.07	5572.82
679.39	7002.88
679.71	6300.72
680.03	6331.15
680.35	6394.34
680.67	6443.49
680.99	5933.26
681.31	5296.63
681.63	8016.33
681.96	9973.02
682.28	6363.92
682.60	5846.66
682.92	8365.07
683.24	5291.95
683.56	8461.04
683.88	6071.35
684.20	6628.40
684.52	6328.81
684.84	6167.31
685.16	6581.59
685.48	8697.43
685.80	7698.02
686.12	8507.85
686.44	11702.68
686.76	6757.13
687.08	5254.50
687.40	5685.16
687.72	9071.92
688.04	6092.41
688.36	14010.45
688.68	10721.99
689.00	7749.51
689.32	6546.48
689.64	6296.04
689.96	6726.70
690.28	9696.84
690.60	10026.86
690.92	6218.80
691.24	8266.77
691.56	6801.60
691.88	6778.19
692.19	5600.90
692.51	9027.45
692.83	7880.58
693.15	8720.84
693.47	7913.35
693.79	7375.03
694.11	9444.06
694.43	7414.82
694.75	6942.03
695.06	7431.20
695.38	10031.54
695.70	7143.32
696.02	7248.64
696.34	6221.14
696.66	6399.02
696.98	5149.18
697.29	7140.97
697.61	11073.07
697.93	9675.77
698.25	13439.36
698.57	7908.67
698.89	5242.80
699.20	6562.86
699.52	10986.47
699.84	5107.05
700.16	6876.49
700.48	10263.25
700.79	5741.33
701.11	11524.80
701.43	9174.90
701.75	6019.86
702.07	6705.63
702.38	11672.25
702.70	5989.43
703.02	5998.79
703.34	8531.25
703.65	7272.04
703.97	6693.93
704.29	5130.45
704.61	5767.08
704.92	9078.94
705.24	6665.85
705.56	9214.69
705.87	9809.19
706.19	7075.44
706.51	5111.73
706.82	9809.19
707.14	5905.17
707.46	5088.32
707.78	5837.30
708.09	8198.90
708.41	9390.23
708.73	7686.32
709.04	10017.49
709.36	6661.16
709.68	6951.39
709.99	12898.69
710.31	10211.76
710.62	7258.00
710.94	6492.65
711.26	7948.46
711.57	6651.80
711.89	5603.24
712.21	14925.60
712.52	7190.13
712.84	10422.41
713.15	7569.29
713.47	9015.74
713.79	5469.83
714.10	6228.17
714.42	6626.06
714.73	10616.67
715.05	5357.49
715.36	5586.86
715.68	5905.17
715.99	6642.44
716.31	9387.89
716.63	8339.33
716.94	9254.48
717.26	19211.12
717.57	9067.24
717.89	11169.04
718.20	6015.18
718.52	9282.56
718.83	6883.52
719.15	14277.27
719.46	13891.08
719.78	7541.21
720.09	6942.03
720.41	5891.13
720.72	5497.92
721.04	5715.59
721.35	6801.60
721.67	6778.19
721.98	6574.56
722.29	6340.51
722.61	6090.07
722.92	5078.96
723.24	6705.63
723.55	7454.61
723.87	7679.30
724.18	8645.94
724.50	5617.29
724.81	6878.83
725.12	7112.89
725.44	8203.58
725.75	7433.54
726.07	10361.55
726.38	8229.32
726.69	6567.54
727.01	8610.83
727.32	9004.04
727.63	6399.02
727.95	10487.94
728.26	6314.77
728.58	8650.62
728.89	6492.65
729.20	6998.20
729.52	5933.26
729.83	13523.62
730.14	8521.89
730.46	7073.10
730.77	9657.05
731.08	8505.51
731.39	6909.26
731.71	7094.16
732.02	8884.67
732.33	7208.85
732.65	6502.01
732.96	10637.73
733.27	9352.78
733.59	14284.29
733.90	9692.16
734.21	5696.86
734.52	6686.91
734.84	16578.01
735.15	6572.22
735.46	6775.85
735.77	7344.60
736.09	7220.55
736.40	10846.04
736.71	8821.48
737.02	5472.17
737.33	6600.31
737.65	6087.73
737.96	7232.26
738.27	7581.00
738.58	13181.90
738.89	8432.95
739.21	6181.35
739.52	5214.71
739.83	8482.10
740.14	6087.73
740.45	7265.02
740.76	6377.96
741.08	5549.41
741.39	6906.92
741.70	6485.62
742.01	7740.15
742.32	9949.62
742.63	7517.80
742.94	6047.94
743.26	8332.31
743.57	8196.56
743.88	9245.12
744.19	7871.22
744.50	6733.72
744.81	12416.54
745.12	6885.86
745.43	7030.97
745.74	15288.38
746.05	11550.54
746.36	5226.42
746.67	12053.76
746.99	6780.53
747.30	8437.63
747.61	6572.22
747.92	7674.62
748.23	9966.00
748.54	6766.49
748.85	6911.60
749.16	7473.33
749.47	5846.66
749.78	6473.92
750.09	6736.06
750.40	7964.84
750.71	7562.27
751.02	8224.64
751.33	7110.55
751.64	7981.23
751.95	7171.40
752.26	8454.02
752.57	8753.60
752.88	6787.55
753.19	7274.38
753.50	10249.21
753.81	6850.75
754.11	7126.93
754.42	16549.93
754.73	7272.04
755.04	7812.71
755.35	7896.97
755.66	13610.22
755.97	5668.78
756.28	5841.98
756.59	8533.59
756.90	16397.79
757.21	8088.89
757.52	10916.26
757.82	8166.13
758.13	6328.81
758.44	9905.15
758.75	8535.93
759.06	6438.81
759.37	5886.45
759.68	8016.33
759.98	6368.60
760.29	8514.87
760.60	7709.72
760.91	5392.59
761.22	7070.76
761.53	7604.40
761.83	6221.14
762.14	7564.61
762.45	6387.32
762.76	5516.64
763.07	8320.60
763.37	15906.28
763.68	11124.57
763.99	13034.44
764.30	11700.34
764.60	6408.39
764.91	9973.02
765.22	7538.87
765.53	13029.76
765.84	7709.72
766.14	6979.48
766.45	5493.24
766.76	10960.73
767.06	11646.51
767.37	6679.89
767.68	7424.18
767.99	6876.49
768.29	6342.85
768.60	7197.15
768.91	9830.25
769.21	12996.99
769.52	10930.30
769.83	7194.81
770.13	7180.76
770.44	6808.62
770.75	8844.88
771.05	7391.41
771.36	8842.54
771.67	7492.05
771.97	6766.49
772.28	6956.07
772.59	7616.10
772.89	9385.55
773.20	6368.60
773.51	6216.46
773.81	11793.96
774.12	5916.87
774.42	7241.62
774.73	6045.60
775.04	6031.56
775.34	21312.92
775.65	8292.52
775.95	12250.36
776.26	8032.72
776.56	6654.14
776.87	8379.12
777.18	65535.00
777.48	17338.69
777.79	7674.62
778.09	10705.61
778.40	6775.85
778.70	6834.36
779.01	10576.88
779.31	7691.00
779.62	6759.47
779.92	8903.40
780.23	8592.11
780.53	5523.66
780.84	7077.78
781.14	6532.44
781.45	6331.15
781.75	9212.35
782.06	6274.98
782.36	8006.97
782.67	5968.37
782.97	6317.11
783.28	12950.18
783.58	6757.13
783.89	6588.61
784.19	8402.52
784.49	12521.87
784.80	6939.69
785.10	13027.42
785.41	6127.52
785.71	8379.12
786.02	8163.79
786.32	13886.40
786.62	9235.75
786.93	11580.97
787.23	6724.36
787.54	6958.41
787.84	12116.95
788.14	8650.62
788.45	8737.22
788.75	10399.00
789.05	5966.03
789.36	7140.97
789.66	13563.40
789.96	9205.33
790.27	7470.99
790.57	7276.73
790.87	6052.63
791.18	6328.81
791.48	6054.97
791.78	8278.47
792.09	8793.39
792.39	6319.45
792.69	9575.13
793.00	8168.47
793.30	8741.90
793.60	5694.52
793.90	5404.30
794.21	8336.99
794.51	16664.61
794.81	10523.05
795.11	7501.42
795.42	6298.38
795.72	11187.76
796.02	9228.73
796.32	8456.36
796.63	8465.72
796.93	9956.64
797.23	9050.85
797.53	7953.14
797.84	10319.42
798.14	6260.93
798.44	8009.31
798.74	8566.36
799.04	8177.83
799.34	5811.55
799.65	15658.18
799.95	7840.79
800.25	7047.35
800.55	6801.60
800.85	7920.37
801.15	6160.29
801.46	7105.87
801.76	17371.46
802.06	6548.82
802.36	9252.14
802.66	6654.14
802.96	9256.82
803.26	10635.39
803.56	13022.74
803.87	16025.65
804.17	7194.81
804.47	9703.86
804.77	10300.70
805.07	10628.37
805.37	9343.42
805.67	8903.40
805.97	6965.43
806.27	7281.41
806.57	6761.81
806.87	11414.79
807.17	7969.52
807.47	11260.32
807.77	10714.97
808.07	6710.32
808.37	11597.35
808.67	7721.43
808.98	15204.12
809.28	6853.09
809.58	15859.47
809.88	10195.37
810.18	14394.29
810.47	7080.12
810.77	7140.97
811.07	9284.91
811.37	8442.31
811.67	5977.73
811.97	5399.62
812.27	5973.05
812.57	5551.75
812.87	6670.53
813.17	6188.38
813.47	6141.57
813.77	6719.68
814.07	6476.26
814.37	9928.55
814.67	6279.66
814.97	7164.38
815.27	6272.64
815.56	8542.96
815.86	10958.39
816.16	7915.69
816.46	5694.52
816.76	6363.92
817.06	10354.53
817.36	12334.62
817.66	7480.35
817.95	6092.41
818.25	8182.51
818.55	9767.06
818.85	9132.77
819.15	6616.69
819.45	13144.45
819.75	7370.35
820.04	7295.45
820.34	15531.80
820.64	9872.38
820.94	12262.07
821.24	6958.41
821.53	7468.65
821.83	6466.90
822.13	5804.53
822.43	6726.70
822.72	5586.86
823.02	6417.75
823.32	6104.12
823.62	7918.03
823.91	14665.80
824.21	5715.59
824.51	8458.70
824.81	6822.66
825.10	5551.75
825.40	8931.48
825.70	7653.55
826.00	12245.68
826.29	6623.72
826.59	8217.62
826.89	6995.86
827.18	6305.40
827.48	6429.45
827.78	5926.24
828.07	7592.70
828.37	9261.50
828.67	8060.80
828.96	7470.99
829.26	6387.32
829.56	10464.54
829.85	6392.00
830.15	8156.77
830.45	5657.07
830.74	12140.36
831.04	9474.49
831.34	10101.75
831.63	13254.45
831.93	9481.51
832.22	9231.07
832.52	7360.98
832.82	5839.64
833.11	5973.05
833.41	6160.29
833.70	6640.10
834.00	10328.78
834.29	7583.34
834.59	5614.95
834.89	8358.05
835.18	7155.02
835.48	12725.49
835.77	8793.39
836.07	9039.15
836.36	8870.63
836.66	10188.35
836.95	7346.94
837.25	6434.13
837.54	8669.34
837.84	6562.86
838.13	7819.73
838.43	6211.78
838.72	13465.10
839.02	10296.02
839.31	6181.35
839.61	10291.34
839.90	5570.48
840.20	7543.55
840.49	5841.98
840.78	8166.13
841.08	8844.88
841.37	6822.66
841.67	5823.25
841.96	8695.09
842.26	7936.76
842.55	5743.67
842.84	6005.81
843.14	9991.75
843.43	5710.91
843.73	7241.62
844.02	5832.62
844.31	7101.19
844.61	6630.74
844.90	8161.45
845.20	7630.15
845.49	5221.74
845.78	6876.49
846.08	5844.32
846.37	5004.07
846.66	8386.14
846.96	8753.60
847.25	8369.76
847.54	5619.63
847.84	8767.65
848.13	7040.33
848.42	9607.90
848.72	6171.99
849.01	8732.54
849.30	6347.53
849.59	6148.59
849.89	6214.12
850.18	11751.83
850.47	5973.05
850.76	17935.53
851.06	14459.83
851.35	8290.18
851.64	9518.96
851.93	7655.89
852.23	10597.95
852.52	6750.10
852.81	6553.50
853.10	7246.30
853.40	5364.51
853.69	5380.89
853.98	7253.32
854.27	9415.98
854.56	6480.94
854.86	8465.72
855.15	7503.76
855.44	7868.88
855.73	5448.77
856.02	6363.92
856.31	9542.36
856.61	7967.18
856.90	6679.89
857.19	5657.07
857.48	5547.07
857.77	5914.53
858.06	4936.19
858.35	5570.48
858.65	10885.83
858.94	8992.34
859.23	7166.72
859.52	8999.36
859.81	11536.50
860.10	6258.59
860.39	8879.99
860.68	7410.14
860.97	5905.17
861.26	6157.95
861.55	11880.56
861.85	7391.41
862.14	8847.22
862.43	9240.44
862.72	7756.54
863.01	5657.07
863.30	6487.96
863.59	7173.74
863.88	6832.02
864.17	7152.68
864.46	6031.56
864.75	14068.96
865.04	7576.31
865.33	5743.67
865.62	10352.19
865.91	6363.92
866.20	8589.77
866.49	6537.12
866.78	6764.15
867.07	6567.54
867.36	9867.70
867.65	11552.88
867.93	8863.61
868.22	7330.56
868.51	6792.23
868.80	7510.78
869.09	6855.43
869.38	6057.31
869.67	12070.14
869.96	12070.14
870.25	12070.14
