178.76	1746.04
179.14	1746.04
179.52	1746.04
179.90	1598.59
180.28	10860.09
180.66	6132.20
181.04	8264.43
181.42	7290.77
181.80	6310.08
182.18	10904.56
182.55	5942.62
182.93	7386.73
183.31	7110.55
183.69	7950.80
184.07	8182.51
184.45	7087.14
184.83	7510.78
185.21	6567.54
185.59	6607.33
185.97	16423.54
186.35	11971.84
186.72	7178.42
187.10	7180.76
187.48	11702.68
187.86	9200.65
188.24	6590.95
188.62	6272.64
189.00	10806.25
189.38	8063.15
189.75	7335.24
190.13	8025.70
190.51	6415.41
190.89	15140.93
191.27	21020.35
191.65	7059.06
192.03	7777.60
192.40	10422.41
192.78	7571.63
193.16	8821.48
193.54	12271.43
193.92	10789.87
194.30	6743.08
194.67	9558.75
195.05	8418.91
195.43	7339.92
195.81	6885.86
196.19	10656.46
196.56	7744.83
196.94	7557.59
197.32	11578.63
197.70	6581.59
198.08	8657.64
198.45	6752.45
198.83	7566.95
199.21	6885.86
199.59	12388.46
199.97	8191.88
200.34	5942.62
200.72	6668.19
201.10	13926.19
201.48	10108.77
201.85	6382.64
202.23	6834.36
202.61	6583.93
202.99	15817.34
203.36	6576.91
203.74	9231.07
204.12	7150.34
204.49	6499.67
204.87	8865.95
205.25	7222.89
205.63	5708.57
206.00	6413.07
206.38	7843.14
206.76	9547.05
207.14	6497.33
207.51	5879.43
207.89	11021.58
208.27	6300.72
208.64	5542.39
209.02	6705.63
209.40	7037.99
209.77	5666.44
210.15	15454.56
210.53	6026.88
210.90	11194.78
211.28	6207.10
211.66	12056.10
212.03	6590.95
212.41	5860.70
212.79	7138.63
213.16	6040.92
213.54	7742.49
213.92	7861.86
214.29	5778.78
214.67	6469.24
215.05	6864.79
215.42	9252.14
215.80	6810.96
216.17	6710.32
216.55	7894.63
216.93	5675.80
217.30	8933.82
217.68	6427.11
218.05	6796.92
218.43	6541.80
218.81	6705.63
219.18	11044.99
219.56	6782.87
219.93	6640.10
220.31	6455.20
220.69	5834.96
221.06	6263.27
221.44	7583.34
221.81	6209.44
222.19	5785.80
222.56	6040.92
222.94	6930.33
223.32	7562.27
223.69	6274.98
224.07	9013.40
224.44	12486.76
224.82	7623.12
225.19	8458.70
225.57	7393.75
225.94	6754.79
226.32	7255.66
226.69	12252.70
227.07	8608.49
227.44	6782.87
227.82	7985.91
228.19	7145.66
228.57	8678.71
228.94	11548.20
229.32	9633.64
229.69	8910.42
230.07	6771.17
230.44	6237.53
230.82	10747.74
231.19	9355.12
231.57	5565.79
231.94	5760.06
232.32	8985.32
232.69	6743.08
233.07	7641.85
233.44	8294.86
233.82	7117.57
234.19	7588.02
234.57	10080.69
234.94	6321.79
235.31	6686.91
235.69	7318.86
236.06	7400.77
236.44	8786.37
236.81	5895.81
237.19	7983.57
237.56	11786.94
237.93	6389.66
238.31	7691.00
238.68	6759.47
239.06	7653.55
239.43	8877.65
239.81	8177.83
240.18	5954.32
240.55	6363.92
240.93	12886.99
241.30	7641.85
241.67	7082.46
242.05	8465.72
242.42	9647.69
242.80	5874.74
243.17	7875.90
243.54	7784.62
243.92	9308.31
244.29	7082.46
244.66	7691.00
245.04	10197.71
245.41	16187.14
245.78	5923.90
246.16	6918.62
246.53	8978.30
246.90	7098.84
247.28	12828.48
247.65	6979.48
248.02	7122.25
248.40	9884.08
248.77	7534.18
249.14	8400.18
249.52	6993.52
249.89	8491.46
250.26	6286.68
250.64	7522.48
251.01	15609.03
251.38	5881.77
251.75	7463.97
252.13	6595.63
252.50	9198.31
252.87	13399.57
253.25	6003.47
253.62	7786.96
253.99	5776.44
254.36	9399.59
254.74	6612.01
255.11	6148.59
255.48	5542.39
255.85	14256.20
256.23	5661.76
256.60	5446.43
256.97	6796.92
257.34	8133.36
257.71	7756.54
258.09	6249.23
258.46	7634.83
258.83	11297.77
259.20	9614.92
259.58	6970.12
259.95	7138.63
260.32	9366.82
260.69	5902.83
261.06	10740.72
261.44	6333.49
261.81	13322.33
262.18	8013.99
262.55	6366.26
262.92	7290.77
263.29	6633.08
263.67	5806.87
264.04	6626.06
264.41	7108.21
264.78	6380.30
265.15	10284.31
265.52	12379.09
265.90	7349.28
266.27	6354.55
266.64	5785.80
267.01	5467.49
267.38	8002.29
267.75	6115.82
268.12	5289.61
268.50	7159.70
268.87	6303.06
269.24	6239.87
269.61	7651.21
269.98	8236.35
270.35	8004.63
270.72	6111.14
271.09	6960.75
271.46	6700.95
271.83	8032.72
272.21	9280.22
272.58	5949.64
272.95	6267.95
273.32	7171.40
273.69	7267.36
274.06	5502.60
274.43	6263.27
274.80	6871.81
275.17	7819.73
275.54	11386.71
275.91	7255.66
276.28	7286.09
276.65	7520.14
277.02	11311.81
277.39	6186.04
277.76	6111.14
278.13	8329.97
278.50	8741.90
278.87	10520.71
279.24	9100.00
279.61	8318.26
279.98	9694.50
280.35	6361.58
280.72	7311.83
281.09	7028.63
281.46	7199.49
281.83	6249.23
282.20	7882.92
282.57	6612.01
282.94	8135.70
283.31	6607.33
283.68	7602.06
284.05	5685.16
284.42	5329.40
284.79	7604.40
285.16	8472.74
285.53	7243.96
285.90	7169.06
286.27	14780.48
286.64	5638.35
287.01	6237.53
287.38	8449.33
287.75	58887.88
288.12	8388.48
288.49	16493.76
288.86	5830.27
289.23	6132.20
289.59	6251.57
289.96	5830.27
290.33	6417.75
290.70	6703.29
291.07	8283.16
291.44	7775.26
291.81	5898.15
292.18	7283.75
292.55	6654.14
292.91	12376.75
293.28	8388.48
293.65	10726.68
294.02	7740.15
294.39	5462.81
294.76	6944.37
295.13	7197.15
295.50	6937.35
295.86	6927.99
296.23	6441.15
296.60	5973.05
296.97	6370.94
297.34	7089.48
297.71	8755.94
298.07	7248.64
298.44	5203.01
298.81	7822.07
299.18	7398.43
299.55	10534.75
299.91	6892.88
300.28	7316.51
300.65	5336.42
301.02	7613.76
301.39	8044.42
301.75	13343.39
302.12	8224.64
302.49	7028.63
302.86	10450.49
303.23	7286.09
303.59	5746.02
303.96	17184.21
304.33	9591.52
304.70	14963.04
305.06	6523.07
305.43	10139.20
305.80	8135.70
306.17	8908.08
306.53	6354.55
306.90	9385.55
307.27	7098.84
307.64	10520.71
308.00	6408.39
308.37	6230.51
308.74	11918.01
309.11	8868.29
309.47	6202.42
309.84	5542.39
310.21	7382.05
310.57	7449.93
310.94	6546.48
311.31	7232.26
311.67	7726.11
312.04	5500.26
312.41	9778.76
312.77	8067.83
313.14	6216.46
313.51	6944.37
313.87	6534.78
314.24	6431.79
314.61	6389.66
314.97	6551.16
315.34	7222.89
315.71	5563.45
316.07	9046.17
316.44	5912.19
316.81	8664.66
317.17	6211.78
317.54	15440.51
317.91	6377.96
318.27	5359.83
318.64	6815.64
319.00	8725.52
319.37	5582.18
319.74	9341.08
320.10	9638.33
320.47	6686.91
320.83	11035.63
321.20	7000.54
321.57	5776.44
321.93	6408.39
322.30	7492.05
322.66	6310.08
323.03	8542.96
323.40	8039.74
323.76	6520.73
324.13	6392.00
324.49	5451.11
324.86	18485.55
325.22	7391.41
325.59	6951.39
325.95	7831.43
326.32	9355.12
326.68	9062.55
327.05	6956.07
327.42	6118.16
327.78	6417.75
328.15	9547.05
328.51	6406.05
328.88	8521.89
329.24	11094.14
329.61	7386.73
329.97	8650.62
330.34	6410.73
330.70	7183.10
331.07	10703.27
331.43	8629.56
331.80	13432.33
332.16	10139.20
332.52	5989.43
332.89	8315.92
333.25	5514.30
333.62	12418.88
333.98	7314.17
334.35	6726.70
334.71	7412.48
335.08	5708.57
335.44	11941.41
335.81	11784.60
336.17	10209.42
336.53	7185.44
336.90	5874.74
337.26	8439.97
337.63	9268.52
337.99	7620.78
338.36	5959.00
338.72	8912.76
339.08	7433.54
339.45	5760.06
339.81	9462.79
340.18	6750.10
340.54	10319.42
340.90	6260.93
341.27	6846.07
341.63	8332.31
341.99	5301.31
342.36	10221.12
342.72	5795.17
343.09	10670.50
343.45	6312.42
343.81	10525.39
344.18	5626.65
344.54	7005.22
344.90	7798.66
345.27	7239.28
345.63	6869.47
345.99	8929.14
346.36	7239.28
346.72	5881.77
347.08	5966.03
347.45	5350.46
347.81	10003.45
348.17	7482.69
348.54	5769.42
348.90	9027.45
349.26	9699.18
349.62	10551.14
349.99	5483.88
350.35	5221.74
350.71	7744.83
351.08	7197.15
351.44	5315.36
351.80	13341.05
352.16	11520.12
352.53	6031.56
352.89	8341.67
353.25	11056.69
353.61	6494.99
353.98	8374.44
354.34	10029.20
354.70	6466.90
355.06	5324.72
355.43	7353.96
355.79	6726.70
356.15	6621.38
356.51	5874.74
356.88	6043.26
357.24	6534.78
357.60	5692.18
357.96	5240.46
358.32	15527.11
358.69	5476.85
359.05	7875.90
359.41	7463.97
359.77	5813.89
360.13	6169.65
360.49	5923.90
360.86	8812.12
361.22	11185.42
361.58	7515.46
361.94	10913.92
362.30	5944.96
362.66	8390.82
363.03	5214.71
363.39	5200.67
363.75	6216.46
364.11	9977.70
364.47	6274.98
364.83	10684.55
365.19	7564.61
365.56	8938.51
365.92	5327.06
366.28	8620.19
366.64	9682.80
367.00	5493.24
367.36	5434.72
367.72	9785.78
368.08	9165.54
368.44	6551.16
368.80	8435.29
369.17	6511.37
369.53	6743.08
369.89	6092.41
370.25	5996.45
370.61	6242.21
370.97	10771.15
371.33	6345.19
371.69	12807.41
372.05	8383.80
372.41	5865.38
372.77	6619.04
373.13	7606.74
373.49	5071.94
373.85	7995.27
374.21	7559.93
374.57	5689.84
374.93	8758.28
375.29	9221.71
375.65	7529.50
376.01	7353.96
376.37	10214.10
376.73	8650.62
377.09	5717.93
377.45	9856.00
377.81	6726.70
378.17	5956.66
378.53	5231.10
378.89	8360.39
379.25	10953.71
379.61	14197.69
379.97	9458.10
380.33	6534.78
380.69	6050.28
381.05	5722.61
381.41	9043.83
381.77	7155.02
382.13	8531.25
382.49	14860.06
382.85	7552.91
383.21	8882.33
383.57	5380.89
383.93	10609.65
384.28	5188.97
384.64	6628.40
385.00	7667.60
385.36	7438.22
385.72	9032.13
386.08	5942.62
386.44	8643.60
386.80	9041.49
387.16	10476.24
387.52	9652.37
387.87	13734.26
388.23	7913.35
388.59	6090.07
388.95	5507.28
389.31	6696.27
389.67	6808.62
390.03	6284.34
390.38	6413.07
390.74	5015.77
391.10	9312.99
391.46	7543.55
391.82	6129.86
392.18	8264.43
392.54	4985.34
392.89	5673.46
393.25	8477.42
393.61	5668.78
393.97	5640.69
394.33	7765.90
394.68	6836.70
395.04	5565.79
395.40	7358.64
395.76	9273.20
396.12	7573.97
396.47	5830.27
396.83	6993.52
397.19	5591.54
397.55	5781.12
397.90	7417.16
398.26	7133.95
398.62	5689.84
398.98	4987.68
399.33	6745.42
399.69	24194.12
400.05	8325.29
400.41	5888.79
400.76	8533.59
401.12	10251.55
401.48	7838.45
401.84	5989.43
402.19	6415.41
402.55	7765.90
402.91	7173.74
403.26	5352.81
403.62	8374.44
403.98	7047.35
404.34	4704.48
404.69	7019.27
405.05	9118.73
405.41	14445.79
405.76	5832.62
406.12	5954.32
406.48	6665.85
406.83	6111.14
407.19	8395.50
407.55	7889.95
407.90	14312.38
408.26	8395.50
408.62	9160.86
408.97	6909.26
409.33	5411.32
409.68	5851.34
410.04	7620.78
410.40	5930.92
410.75	8358.05
411.11	5867.72
411.47	7557.59
411.82	6532.44
412.18	7180.76
412.53	6722.02
412.89	6174.33
413.25	6878.83
413.60	7222.89
413.96	5329.40
414.31	6312.42
414.67	7297.79
415.03	5256.84
415.38	5631.33
415.74	6583.93
416.09	6546.48
416.45	8425.93
416.80	5940.28
417.16	8411.89
417.51	6935.01
417.87	6368.60
418.23	7871.22
418.58	8262.09
418.94	4966.62
419.29	5837.30
419.65	7801.01
420.00	8842.54
420.36	8173.15
420.71	8042.08
421.07	5565.79
421.42	7028.63
421.78	9291.93
422.13	6607.33
422.49	5385.57
422.84	7241.62
423.20	5163.22
423.55	5518.98
423.91	5359.83
424.26	13862.99
424.61	8355.71
424.97	11295.43
425.32	6033.90
425.68	6782.87
426.03	7686.32
426.39	10045.58
426.74	9937.91
427.10	9540.02
427.45	5921.56
427.80	7613.76
428.16	6869.47
428.51	6834.36
428.87	7679.30
429.22	9554.07
429.58	10155.58
429.93	10092.39
430.28	5980.07
430.64	6303.06
430.99	5214.71
431.35	7588.02
431.70	6546.48
432.05	6871.81
432.41	8044.42
432.76	7735.47
433.11	7967.18
433.47	7688.66
433.82	10913.92
434.17	8011.65
434.53	7716.75
434.88	14391.95
435.24	7665.25
435.59	7325.88
435.94	5612.60
436.30	8170.81
436.65	6237.53
437.00	9577.47
437.35	16276.09
437.71	6637.76
438.06	6272.64
438.41	6326.47
438.77	7716.75
439.12	5289.61
439.47	4767.67
439.83	7613.76
440.18	5228.76
440.53	6415.41
440.88	12135.68
441.24	8587.43
441.59	5614.95
441.94	6230.51
442.30	8156.77
442.65	12636.55
443.00	6930.33
443.35	10452.83
443.71	6633.08
444.06	9420.66
444.41	8112.30
444.76	11438.20
445.11	7133.95
445.47	10448.15
445.82	8999.36
446.17	5776.44
446.52	10354.53
446.88	7276.73
447.23	5343.44
447.58	8016.33
447.93	6017.52
448.28	29792.68
448.63	10927.96
448.99	6913.94
449.34	8442.31
449.69	8748.92
450.04	6153.27
450.39	6190.72
450.74	7016.93
451.10	6670.53
451.45	6965.43
451.80	7613.76
452.15	9907.49
452.50	8163.79
452.85	9951.96
453.21	8910.42
453.56	7815.05
453.91	6743.08
454.26	7370.35
454.61	5741.33
454.96	8205.92
455.31	6665.85
455.66	6363.92
456.01	8142.72
456.36	6321.79
456.72	5935.60
457.07	7964.84
457.42	10349.85
457.77	9142.13
458.12	5858.36
458.47	7304.81
458.82	9525.98
459.17	7049.69
459.52	7316.51
459.87	11800.98
460.22	5685.16
460.57	7152.68
460.92	6083.05
461.27	7999.95
461.62	6693.93
461.97	5886.45
462.32	12187.17
462.67	10752.42
463.02	13696.82
463.38	13591.49
463.73	8903.40
464.08	12301.86
464.43	7466.31
464.78	5610.26
465.12	8271.45
465.47	8788.71
465.82	27742.37
466.17	6473.92
466.52	8727.86
466.87	6333.49
467.22	5940.28
467.57	5263.86
467.92	7723.77
468.27	10923.28
468.62	14792.19
468.97	6820.32
469.32	4945.55
469.67	15683.93
470.02	14080.66
470.37	6120.50
470.72	7372.69
471.07	5404.30
471.42	6635.42
471.76	6808.62
472.11	6759.47
472.46	8566.36
472.81	14958.36
473.16	5935.60
473.51	5994.11
473.86	5291.95
474.21	6729.04
474.56	6342.85
474.90	6284.34
475.25	9776.42
475.60	8985.32
475.95	6122.84
476.30	11309.47
476.65	10183.67
477.00	15332.85
477.34	11290.74
477.69	5652.39
478.04	9107.02
478.39	7297.79
478.74	5935.60
479.09	5160.88
479.43	6979.48
479.78	4887.04
480.13	12549.95
480.48	10146.22
480.83	7239.28
481.17	5448.77
481.52	7169.06
481.87	6352.21
482.22	11772.89
482.57	6677.55
482.91	9172.56
483.26	7882.92
483.61	6534.78
483.96	7452.27
484.30	65535.00
484.65	12943.16
485.00	5881.77
485.35	6715.00
485.69	5816.23
486.04	6466.90
486.39	7747.17
486.74	7740.15
487.08	5376.21
487.43	7988.25
487.78	4938.53
488.12	8210.60
488.47	6113.48
488.82	10567.52
489.17	5966.03
489.51	5181.95
489.86	8021.02
490.21	5118.75
490.55	7733.13
490.90	5231.10
491.25	6487.96
491.59	5565.79
491.94	12872.95
492.29	6270.30
492.63	6946.71
492.98	4758.31
493.33	7269.70
493.67	6214.12
494.02	5453.45
494.37	5465.15
494.71	8292.52
495.06	6061.99
495.40	10532.41
495.75	5944.96
496.10	10251.55
496.44	6806.28
496.79	8145.06
497.13	5736.65
497.48	14438.76
497.83	10286.65
498.17	8180.17
498.52	6181.35
498.86	8524.23
499.21	6672.87
499.56	5846.66
499.90	6492.65
500.25	5390.25
500.59	6815.64
500.94	7695.68
501.28	8617.85
501.63	9591.52
501.97	6553.50
502.32	5834.96
502.67	7875.90
503.01	5369.19
503.36	6174.33
503.70	6026.88
504.05	8297.20
504.39	9177.24
504.74	6707.98
505.08	10766.46
505.43	4835.55
505.77	5526.00
506.12	7454.61
506.46	6637.76
506.81	5872.40
507.15	5715.59
507.49	6434.13
507.84	5825.59
508.18	7758.88
508.53	7318.86
508.87	7068.42
509.22	6579.25
509.56	65535.00
509.91	19028.56
510.25	7101.19
510.60	4987.68
510.94	9020.42
511.28	4940.87
511.63	9441.72
511.97	7831.43
512.32	8987.66
512.66	5832.62
513.00	6932.67
513.35	9376.19
513.69	5870.06
514.04	8545.30
514.38	8896.38
514.72	7494.40
515.07	5701.54
515.41	5825.59
515.76	5860.70
516.10	7000.54
516.44	8978.30
516.79	6106.46
517.13	5399.62
517.47	9341.08
517.82	7442.90
518.16	6644.78
518.50	7332.90
518.85	7564.61
519.19	10326.44
519.53	13614.90
519.88	8908.08
520.22	6588.61
520.56	6995.86
520.91	5371.53
521.25	5657.07
521.59	6937.35
521.93	7850.16
522.28	6541.80
522.62	7616.10
522.96	9261.50
523.31	6569.88
523.65	7934.42
523.99	8566.36
524.33	11571.61
524.68	8241.03
525.02	5518.98
525.36	7892.29
525.70	5179.61
526.05	5942.62
526.39	5638.35
526.73	8421.25
527.07	7201.83
527.41	10698.59
527.76	5837.30
528.10	6574.56
528.44	7892.29
528.78	6897.56
529.12	8594.45
529.47	6684.57
529.81	9200.65
530.15	9444.06
530.49	8243.37
530.83	5011.09
531.18	5460.47
531.52	6778.19
531.86	5350.46
532.20	7129.27
532.54	9556.41
532.88	4908.10
533.22	6649.46
533.57	6066.67
533.91	9362.14
534.25	5453.45
534.59	10876.47
534.93	8816.80
535.27	5806.87
535.61	6630.74
535.95	11023.92
536.30	5430.04
536.64	6946.71
536.98	4589.79
537.32	6640.10
537.66	4994.70
538.00	8114.64
538.34	8236.35
538.68	8292.52
539.02	11587.99
539.36	6239.87
539.70	5350.46
540.04	6782.87
540.39	19777.53
540.73	5743.67
541.07	6829.68
541.41	7733.13
541.75	7747.17
542.09	9975.36
542.43	7709.72
542.77	7054.37
543.11	7712.07
543.45	7040.33
543.79	9474.49
544.13	6478.60
544.47	6595.63
544.81	5767.08
545.15	8058.46
545.49	6766.49
545.83	5671.12
546.17	6534.78
546.51	4823.84
546.85	6169.65
547.19	11000.52
547.53	5327.06
547.87	8475.08
548.21	12116.95
548.54	7192.47
548.88	5961.34
549.22	5863.04
549.56	5235.78
549.90	6054.97
550.24	7052.03
550.58	5748.36
550.92	9724.93
551.26	6270.30
551.60	11061.37
551.94	6448.18
552.28	6434.13
552.61	8486.78
552.95	6581.59
553.29	6015.18
553.63	7232.26
553.97	11241.59
554.31	9329.38
554.65	10366.23
554.99	10298.36
555.32	6216.46
555.66	8294.86
556.00	4784.06
556.34	6775.85
556.68	7314.17
557.02	9355.12
557.36	7248.64
557.69	6883.52
558.03	6019.86
558.37	12519.53
558.71	14565.15
559.05	10370.91
559.38	11480.33
559.72	5689.84
560.06	8784.03
560.40	8234.00
560.74	9806.84
561.07	8081.87
561.41	8777.01
561.75	8053.78
562.09	6230.51
562.42	9001.70
562.76	8208.26
563.10	7218.21
563.44	24624.78
563.77	7644.19
564.11	8322.94
564.45	9905.15
564.79	8133.36
565.12	7098.84
565.46	7499.08
565.80	7698.02
566.14	7665.25
566.47	9320.01
566.81	5713.25
567.15	7576.31
567.48	7992.93
567.82	8421.25
568.16	7714.41
568.49	5937.94
568.83	5423.02
569.17	7082.46
569.50	7850.16
569.84	10843.70
570.18	7871.22
570.51	11204.14
570.85	6829.68
571.19	6581.59
571.52	5919.21
571.86	7686.32
572.20	6319.45
572.53	10747.74
572.87	5919.21
573.21	5680.48
573.54	5408.98
573.88	7581.00
574.21	7370.35
574.55	6822.66
574.89	6413.07
575.22	9020.42
575.56	6132.20
575.89	6204.76
576.23	6473.92
576.57	8002.29
576.90	6005.81
577.24	7360.98
577.57	5617.29
577.91	7742.49
578.24	5294.29
578.58	6904.58
578.91	8208.26
579.25	5989.43
579.59	7258.00
579.92	6778.19
580.26	5458.13
580.59	8046.76
580.93	7578.65
581.26	6429.45
581.60	7955.48
581.93	8690.41
582.27	11173.72
582.60	5621.97
582.94	7541.21
583.27	5687.50
583.61	6780.53
583.94	7513.12
584.28	5233.44
584.61	6576.91
584.94	8215.28
585.28	8170.81
585.61	8683.39
585.95	8180.17
586.28	11632.46
586.62	13116.36
586.95	7185.44
587.29	12241.00
587.62	15667.55
587.95	5612.60
588.29	7590.36
588.62	8196.56
588.96	9137.45
589.29	6333.49
589.62	6188.38
589.96	6684.57
590.29	6277.32
590.63	5291.95
590.96	8926.80
591.29	9036.81
591.63	9809.19
591.96	5518.98
592.29	6640.10
592.63	6249.23
592.96	7660.57
593.30	11740.13
593.63	7751.85
593.96	5867.72
594.30	6403.71
594.63	7847.82
594.96	11906.31
595.30	7211.19
595.63	6459.88
595.96	5928.58
596.29	7983.57
596.63	6544.14
596.96	8564.02
597.29	8063.15
597.63	5170.24
597.96	10204.74
598.29	9687.48
598.63	9554.07
598.96	5998.79
599.29	6218.80
599.62	6078.37
599.96	6263.27
600.29	6876.49
600.62	5701.54
600.95	6242.21
601.29	6822.66
601.62	7641.85
601.95	6956.07
602.28	6059.65
602.61	21439.31
602.95	7180.76
603.28	12140.36
603.61	6008.16
603.94	9308.31
604.27	5811.55
604.61	8573.38
604.94	8032.72
605.27	7400.77
605.60	5736.65
605.93	6230.51
606.27	9057.87
606.60	5961.34
606.93	5434.72
607.26	11080.10
607.59	7157.36
607.92	10092.39
608.26	6108.80
608.59	6010.50
608.92	6750.10
609.25	5518.98
609.58	7805.69
609.91	8528.91
610.24	13502.55
610.57	8152.09
610.90	9769.40
611.24	5205.35
611.57	5394.93
611.90	9036.81
612.23	6965.43
612.56	8959.57
612.89	8662.32
613.22	8826.16
613.55	5235.78
613.88	9561.09
614.21	5806.87
614.54	7922.71
614.87	5935.60
615.20	4912.78
615.53	10066.64
615.87	6167.31
616.20	7173.74
616.53	10207.08
616.86	6998.20
617.19	8109.96
617.52	6258.59
617.85	6321.79
618.18	5961.34
618.51	6534.78
618.84	8667.00
619.17	6867.13
619.50	10768.80
619.83	10326.44
620.16	8652.96
620.49	6164.97
620.82	14305.35
621.14	10647.10
621.47	6635.42
621.80	9823.23
622.13	7311.83
622.46	14780.48
622.79	8690.41
623.12	5593.88
623.45	9312.99
623.78	8512.53
624.11	5748.36
624.44	7932.08
624.77	5584.52
625.10	6080.71
625.43	5671.12
625.75	7496.74
626.08	6017.52
626.41	5804.53
626.74	7124.59
627.07	6473.92
627.40	12437.61
627.73	6445.84
628.06	5937.94
628.38	4748.95
628.71	8856.59
629.04	9951.96
629.37	8837.86
629.70	7295.45
630.03	5872.40
630.36	9753.01
630.68	8877.65
631.01	6237.53
631.34	10857.75
631.67	6289.02
632.00	4947.89
632.32	8947.87
632.65	10164.95
632.98	7620.78
633.31	7012.24
633.64	9057.87
633.96	5874.74
634.29	10888.17
634.62	7468.65
634.95	7786.96
635.27	7513.12
635.60	8411.89
635.93	7927.39
636.26	7845.48
636.58	6282.00
636.91	6347.53
637.24	6132.20
637.57	7372.69
637.89	8287.84
638.22	6321.79
638.55	7164.38
638.87	7599.72
639.20	8711.47
639.53	7913.35
639.86	6228.17
640.18	5820.91
640.51	7503.76
640.84	7985.91
641.16	5652.39
641.49	7716.75
641.82	5598.56
642.14	5804.53
642.47	14153.22
642.80	7012.24
643.12	9177.24
643.45	6897.56
643.78	7272.04
644.10	6202.42
644.43	7098.84
644.75	10043.24
645.08	5298.97
645.41	8145.06
645.73	5715.59
646.06	15276.68
646.39	9132.77
646.71	6246.89
647.04	6045.60
647.36	5074.28
647.69	8739.56
648.01	7536.52
648.34	6040.92
648.67	9816.21
648.99	10441.13
649.32	6024.54
649.64	5334.08
649.97	4683.41
650.29	5448.77
650.62	14728.99
650.94	7269.70
651.27	11117.54
651.59	6935.01
651.92	6078.37
652.25	8049.10
652.57	5710.91
652.90	5785.80
653.22	7653.55
653.55	7618.44
653.87	4994.70
654.20	7342.26
654.52	11316.49
654.84	6810.96
655.17	8102.93
655.49	11290.74
655.82	6499.67
656.14	7733.13
656.47	8683.39
656.79	11749.49
657.12	6743.08
657.44	6373.28
657.77	8872.97
658.09	7634.83
658.41	6794.58
658.74	8414.23
659.06	5434.72
659.39	6899.90
659.71	6230.51
660.03	7040.33
660.36	6590.95
660.68	9806.84
661.01	13544.68
661.33	10574.54
661.65	6256.25
661.98	13905.12
662.30	10780.51
662.63	7091.82
662.95	6679.89
663.27	6120.50
663.60	5549.41
663.92	6937.35
664.24	6825.00
664.57	5729.63
664.89	6108.80
665.21	6333.49
665.54	9617.26
665.86	7332.90
666.18	7529.50
666.51	10162.61
666.83	6384.98
667.15	15183.06
667.47	9888.76
667.80	8409.54
668.12	6033.90
668.44	7590.36
668.77	8767.65
669.09	10258.57
669.41	9102.34
669.73	5387.91
670.06	7307.15
670.38	6675.21
670.70	5327.06
671.02	8339.33
671.35	6445.84
671.67	10686.89
671.99	6747.76
672.31	10296.02
672.63	7854.84
672.96	11164.36
673.28	6399.02
673.60	7400.77
673.92	7236.94
674.24	5933.26
674.57	6174.33
674.89	9886.42
675.21	6703.29
675.53	9210.01
675.85	10097.07
676.17	10139.20
676.50	5905.17
676.82	10047.92
677.14	7508.44
677.46	14736.01
677.78	5315.36
678.10	9483.85
678.42	7225.23
678.75	6429.45
679.07	5760.06
679.39	7208.85
679.71	6504.35
680.03	6431.79
680.35	6506.69
680.67	6663.51
680.99	6045.60
681.31	5542.39
681.63	8259.75
681.96	10384.96
682.28	6473.92
682.60	5916.87
682.92	8704.45
683.24	5423.02
683.56	8503.17
683.88	6174.33
684.20	6846.07
684.52	6511.37
684.84	6326.47
685.16	6574.56
685.48	9114.05
685.80	7941.44
686.12	8744.24
686.44	12025.67
686.76	6892.88
687.08	5317.70
687.40	5816.23
687.72	9411.29
688.04	6764.15
688.36	14719.63
688.68	11082.44
689.00	7992.93
689.32	6794.58
689.64	6497.33
689.96	6841.39
690.28	9834.93
690.60	10382.62
690.92	6263.27
691.24	8596.79
691.56	6726.70
691.88	7012.24
692.19	5844.32
692.51	9373.85
692.83	8114.64
693.15	9071.92
693.47	7978.89
693.79	7492.05
694.11	9823.23
694.43	7906.33
694.75	6995.86
695.06	7375.03
695.38	10291.34
695.70	7281.41
696.02	7602.06
696.34	6401.37
696.66	6427.11
696.98	5198.33
697.29	7386.73
697.61	11564.59
697.93	10087.71
698.25	13823.20
698.57	8067.83
698.89	5572.82
699.20	6892.88
699.52	11145.63
699.84	5144.50
700.16	7040.33
700.48	10684.55
700.79	5886.45
701.11	12283.13
701.43	9291.93
701.75	6265.61
702.07	6682.23
702.38	12035.03
702.70	6073.69
703.02	5959.00
703.34	8535.93
703.65	7508.44
703.97	6853.09
704.29	4947.89
704.61	5902.83
704.92	9151.49
705.24	6747.76
705.56	9640.67
705.87	10106.43
706.19	7185.44
706.51	5411.32
706.82	10068.98
707.14	6300.72
707.46	5350.46
707.78	5879.43
708.09	8475.08
708.41	9741.31
708.73	7637.17
709.04	10040.90
709.36	6761.81
709.68	7328.22
709.99	13659.37
710.31	10260.91
710.62	7494.40
710.94	6775.85
711.26	8126.34
711.57	6654.14
711.89	5699.20
712.21	15260.29
712.52	7433.54
712.84	10778.17
713.15	7686.32
713.47	9320.01
713.79	5432.38
714.10	6354.55
714.42	6757.13
714.73	11044.99
715.05	5523.66
715.36	5797.51
715.68	6267.95
715.99	6782.87
716.31	9741.31
716.63	8709.13
716.94	9444.06
717.26	20212.87
717.57	9390.23
717.89	11641.82
718.20	6097.10
718.52	8650.62
718.83	7023.95
719.15	14944.32
719.46	14375.57
719.78	7880.58
720.09	7070.76
720.41	5998.79
720.72	5647.71
721.04	5874.74
721.35	7059.06
721.67	6906.92
721.98	6633.08
722.29	6494.99
722.61	6272.64
722.92	5146.84
723.24	6857.77
723.55	7466.31
723.87	7892.29
724.18	9050.85
724.50	5767.08
724.81	7049.69
725.12	7265.02
725.44	8362.73
725.75	7569.29
726.07	10787.53
726.38	8423.59
726.69	6822.66
727.01	8784.03
727.32	8931.48
727.63	6504.35
727.95	10920.94
728.26	6408.39
728.58	9172.56
728.89	6565.20
729.20	7176.08
729.52	5902.83
729.83	13706.18
730.14	8697.43
730.46	7131.61
730.77	10143.88
731.08	8828.50
731.39	6991.18
731.71	7323.54
732.02	9179.58
732.33	7321.20
732.65	6841.39
732.96	11169.04
733.27	9481.51
733.59	14455.15
733.90	9635.99
734.21	5874.74
734.52	6911.60
734.84	17502.53
735.15	6644.78
735.46	6808.62
735.77	7475.67
736.09	7304.81
736.40	11159.67
736.71	9259.16
737.02	5596.22
737.33	6703.29
737.65	6747.76
737.96	7473.33
738.27	7913.35
738.58	13701.50
738.89	8779.35
739.21	6436.47
739.52	5221.74
739.83	8601.47
740.14	6221.14
740.45	7550.57
740.76	6431.79
741.08	5654.73
741.39	7068.42
741.70	6567.54
742.01	7892.29
742.32	10300.70
742.63	7819.73
742.94	6148.59
743.26	8575.72
743.57	8208.26
743.88	9453.42
744.19	7960.16
744.50	6988.84
744.81	12767.62
745.12	7208.85
745.43	7199.49
745.74	15492.01
746.05	11379.68
746.36	5298.97
746.67	12351.01
746.99	6930.33
747.30	8557.00
747.61	6436.47
747.92	7843.14
748.23	10193.03
748.54	6981.82
748.85	7070.76
749.16	7658.23
749.47	6015.18
749.78	6661.16
750.09	6403.71
750.40	8021.02
750.71	7744.83
751.02	8463.38
751.33	7368.01
751.64	8362.73
751.95	7302.47
752.26	8685.73
752.57	8933.82
752.88	6953.73
753.19	7379.71
753.50	10539.43
753.81	7045.01
754.11	7360.98
754.42	17071.87
754.73	7449.93
755.04	7971.86
755.35	7995.27
755.66	13984.70
755.97	5902.83
756.28	5973.05
756.59	8842.54
756.90	17547.00
757.21	8351.03
757.52	11435.86
757.82	8241.03
758.13	6483.28
758.44	9860.68
758.75	8643.60
759.06	6502.01
759.37	6087.73
759.68	8056.12
759.98	6569.88
760.29	8620.19
760.60	8004.63
760.91	5544.73
761.22	7096.50
761.53	7583.34
761.83	6258.59
762.14	7468.65
762.45	6555.84
762.76	5741.33
763.07	8559.34
763.37	16140.33
763.68	11641.82
763.99	13371.48
764.30	11873.54
764.60	6490.31
764.91	10305.38
765.22	7747.17
765.53	13624.26
765.84	8053.78
766.14	7042.67
766.45	5462.81
766.76	11421.81
767.06	11953.12
767.37	6925.65
767.68	7440.56
767.99	6857.77
768.29	6527.75
768.60	7335.24
768.91	10284.31
769.21	13209.98
769.52	11145.63
769.83	7468.65
770.13	7611.42
770.44	7035.65
770.75	9111.71
771.05	7452.27
771.36	9001.70
771.67	7805.69
771.97	6932.67
772.28	7183.10
772.59	8049.10
772.89	9469.81
773.20	6464.56
773.51	6562.86
773.81	12121.63
774.12	6001.13
774.42	7316.51
774.73	6188.38
775.04	6195.40
775.34	21645.27
775.65	8465.72
775.95	12816.77
776.26	8222.30
776.56	6572.22
776.87	8624.87
777.18	65535.00
777.48	17589.13
777.79	7866.54
778.09	11180.74
778.40	7037.99
778.70	6944.37
779.01	11145.63
779.31	7707.38
779.62	6836.70
779.92	9151.49
780.23	8964.25
780.53	5682.82
780.84	7225.23
781.14	6775.85
781.45	6726.70
781.75	9563.43
782.06	6401.37
782.36	8229.32
782.67	6136.88
782.97	6366.26
783.28	13434.68
783.58	6918.62
783.89	6677.55
784.19	8833.18
784.49	13128.06
784.80	7342.26
785.10	13118.70
785.41	6111.14
785.71	8851.91
786.02	8517.21
786.32	14256.20
786.62	9486.19
786.93	11997.59
787.23	6853.09
787.54	7133.95
787.84	12938.48
788.14	8985.32
788.45	5327.06
788.75	10684.55
789.05	6083.05
789.36	7239.28
789.66	14160.24
789.96	9327.03
790.27	7702.70
790.57	8210.60
790.87	6298.38
791.18	6431.79
791.48	6387.32
791.78	8365.07
792.09	8985.32
792.39	6389.66
792.69	9837.27
793.00	8512.53
793.30	9132.77
793.60	5823.25
793.90	5472.17
794.21	8575.72
794.51	17121.02
794.81	10902.22
795.11	7726.11
795.42	6609.67
795.72	11667.57
796.02	9352.78
796.32	8655.30
796.63	8610.83
796.93	10258.57
797.23	9275.54
797.53	8180.17
797.84	10714.97
798.14	6375.62
798.44	8201.24
798.74	8730.20
799.04	8205.92
799.34	6113.48
799.65	16044.37
799.95	7978.89
800.25	7176.08
800.55	6670.53
800.85	8124.00
801.15	6230.51
801.46	7445.24
801.76	18050.21
802.06	6698.61
802.36	9451.08
802.66	6778.19
802.96	9444.06
803.26	11091.80
803.56	13298.92
803.87	16711.42
804.17	7379.71
804.47	9877.06
804.77	10686.89
805.07	10714.97
805.37	9823.23
805.67	9387.89
805.97	6986.50
806.27	7452.27
806.57	6839.05
806.87	11747.15
807.17	8042.08
807.47	11456.92
807.77	11255.64
808.07	6810.96
808.37	11800.98
808.67	7829.09
808.98	15564.56
809.28	7136.29
809.58	16168.42
809.88	10700.93
810.18	14939.64
810.47	7288.43
810.77	7421.84
811.07	9547.05
811.37	8638.92
811.67	6155.61
811.97	5570.48
812.27	6094.76
812.57	5490.90
812.87	6647.12
813.17	6300.72
813.47	6429.45
813.77	6986.50
814.07	6619.04
814.37	9968.34
814.67	6551.16
814.97	7302.47
815.27	6256.25
815.56	8802.75
815.86	11267.34
816.16	8116.98
816.46	5980.07
816.76	6523.07
817.06	10623.69
817.36	12409.52
817.66	7613.76
817.95	6235.19
818.25	8294.86
818.55	10087.71
818.85	9460.45
819.15	6771.17
819.45	13146.79
819.75	7304.81
820.04	7480.35
820.34	16355.66
820.64	10057.28
820.94	12884.65
821.24	7197.15
821.53	7061.40
821.83	6597.97
822.13	6064.33
822.43	7075.44
822.72	5598.56
823.02	6560.52
823.32	6160.29
823.62	8140.38
823.91	15260.29
824.21	5839.64
824.51	8552.32
824.81	6906.92
825.10	5874.74
825.40	9341.08
825.70	7798.66
826.00	12877.63
826.29	6670.53
826.59	8500.83
826.89	7049.69
827.18	6349.87
827.48	6637.76
827.78	6024.54
828.07	7576.31
828.37	9565.77
828.67	8418.91
828.96	7843.14
829.26	6417.75
829.56	10834.34
829.85	6623.72
830.15	8376.78
830.45	5771.76
830.74	12465.69
831.04	9664.07
831.34	10274.95
831.63	13668.73
831.93	9933.23
832.22	9469.81
832.52	7754.19
832.82	6122.84
833.11	6078.37
833.41	6326.47
833.70	6754.79
834.00	10197.71
834.29	7861.86
834.59	5750.70
834.89	8674.03
835.18	7091.82
835.48	13104.66
835.77	9165.54
836.07	9336.40
836.36	9128.09
836.66	10345.17
836.95	7419.50
837.25	6452.86
837.54	7487.37
837.84	6612.01
838.13	8086.55
838.43	6375.62
838.72	13717.88
839.02	10635.39
839.31	6256.25
839.61	10527.73
839.90	5661.76
840.20	7590.36
840.49	5984.75
840.78	8493.80
841.08	9057.87
841.37	6904.58
841.67	5888.79
841.96	8994.68
842.26	8049.10
842.55	5640.69
842.84	6267.95
843.14	9991.75
843.43	5734.31
843.73	7480.35
844.02	5809.21
844.31	7241.62
844.61	6682.23
844.90	8402.52
845.20	7660.57
845.49	5472.17
845.78	6843.73
846.08	6118.16
846.37	4947.89
846.66	8517.21
846.96	9067.24
847.25	8442.31
847.54	5692.18
847.84	8842.54
848.13	7302.47
848.42	9895.78
848.72	6328.81
849.01	9013.40
849.30	6497.33
849.59	6279.66
849.89	6462.22
850.18	12514.84
850.47	6127.52
850.76	16386.09
851.06	14553.45
851.35	8503.17
851.64	9778.76
851.93	7864.20
852.23	10820.30
852.52	6904.58
852.81	6686.91
853.10	6455.20
853.40	5535.37
853.69	5430.04
853.98	7419.50
854.27	9682.80
854.56	6707.98
854.86	8821.48
855.15	7768.24
855.44	8262.09
855.73	5610.26
856.02	6520.73
856.31	9734.29
856.61	8393.16
856.90	6712.66
857.19	5966.03
857.48	5626.65
857.77	6080.71
858.06	5191.31
858.35	5811.55
858.65	11419.47
858.94	9373.85
859.23	7199.49
859.52	9174.90
859.81	12035.03
860.10	6347.53
860.39	9111.71
860.68	7576.31
860.97	5989.43
861.26	6314.77
861.55	12243.34
861.85	7538.87
862.14	9289.59
862.43	9521.30
862.72	7779.94
863.01	5781.12
863.30	6672.87
863.59	7187.79
863.88	7122.25
864.17	7187.79
864.46	6267.95
864.75	14506.64
865.04	7639.51
865.33	5856.02
865.62	10621.35
865.91	6567.54
866.20	8823.82
866.49	6724.36
866.78	6993.52
867.07	6810.96
867.36	10059.62
867.65	9881.74
867.93	8985.32
868.22	7543.55
868.51	7026.29
868.80	7606.74
869.09	7096.50
869.38	6296.04
869.67	12606.13
869.96	12606.13
870.25	12606.13
