178.76	1624.33
179.14	1624.33
179.52	1624.33
179.90	1675.82
180.28	11040.31
180.66	6183.70
181.04	8435.29
181.42	7412.48
181.80	6209.44
182.18	11180.74
182.55	5949.64
182.93	7360.98
183.31	7040.33
183.69	8184.85
184.07	8269.11
184.45	7138.63
184.83	7473.33
185.21	6691.59
185.59	6995.86
185.97	16933.78
186.35	12189.51
186.72	7052.03
187.10	7353.96
187.48	11836.09
187.86	9212.35
188.24	6747.76
188.62	6204.76
189.00	11080.10
189.38	8166.13
189.75	7571.63
190.13	8028.04
190.51	6525.41
190.89	15447.54
191.27	21113.97
191.65	7133.95
192.03	7981.23
192.40	10422.41
192.78	7805.69
193.16	8793.39
193.54	12571.02
193.92	10874.13
194.30	6822.66
194.67	9554.07
195.05	8512.53
195.43	7592.70
195.81	7152.68
196.19	10972.43
196.56	7873.56
196.94	7534.18
197.32	11681.61
197.70	6663.51
198.08	8568.70
198.45	6864.79
198.83	7770.58
199.21	6923.30
199.59	12568.68
199.97	8381.46
200.34	5961.34
200.72	6686.91
201.10	14113.43
201.48	10368.57
201.85	6466.90
202.23	6993.52
202.61	6747.76
202.99	16421.20
203.36	6539.46
203.74	9273.20
204.12	7272.04
204.49	6600.31
204.87	8952.55
205.25	7353.96
205.63	5809.21
206.00	6408.39
206.38	8067.83
206.76	9949.62
207.14	6492.65
207.51	6024.54
207.89	11052.01
208.27	6656.48
208.64	5355.15
209.02	6717.34
209.40	6988.84
209.77	5757.72
210.15	16671.64
210.53	6036.24
210.90	11515.44
211.28	6221.14
211.66	12336.96
212.03	6628.40
212.41	5827.93
212.79	7094.16
213.16	5902.83
213.54	7836.11
213.92	7974.21
214.29	5687.50
214.67	6675.21
215.05	7012.24
215.42	9486.19
215.80	6740.74
216.17	6684.57
216.55	7946.12
216.93	5970.71
217.30	9018.08
217.68	6429.45
218.05	6846.07
218.43	6609.67
218.81	6796.92
219.18	11527.14
219.56	6843.73
219.93	6724.36
220.31	6733.72
220.69	5984.75
221.06	6153.27
221.44	7796.32
221.81	6270.30
222.19	5750.70
222.56	6134.54
222.94	6902.24
223.32	7775.26
223.69	6361.58
224.07	9130.43
224.44	12650.60
224.82	7815.05
225.19	8674.03
225.57	7676.96
225.94	6752.45
226.32	7403.11
226.69	12470.37
227.07	8683.39
227.44	6930.33
227.82	7913.35
228.19	7199.49
228.57	8699.77
228.94	11908.65
229.32	9785.78
229.69	9125.75
230.07	6963.09
230.44	6284.34
230.82	10857.75
231.19	9509.60
231.57	5575.16
231.94	5912.19
232.32	9186.60
232.69	6857.77
233.07	7611.42
233.44	8252.73
233.82	7068.42
234.19	7693.34
234.57	10298.36
234.94	6593.29
235.31	6820.32
235.69	7243.96
236.06	7573.97
236.44	8732.54
236.81	5872.40
237.19	7836.11
237.56	11786.94
237.93	6541.80
238.31	8009.31
238.68	7061.40
239.06	7716.75
239.43	8830.84
239.81	8262.09
240.18	6010.50
240.55	6317.11
240.93	13137.43
241.30	7861.86
241.67	7307.15
242.05	8713.81
242.42	9722.59
242.80	5783.46
243.17	7798.66
243.54	7770.58
243.92	9273.20
244.29	7386.73
244.66	7761.22
245.04	10286.65
245.41	16507.80
245.78	6090.07
246.16	6981.82
246.53	9191.28
246.90	7349.28
247.28	13104.66
247.65	6988.84
248.02	7213.53
248.40	9923.87
248.77	7712.07
249.14	8468.06
249.52	6988.84
249.89	8388.48
250.26	6326.47
250.64	7611.42
251.01	15391.36
251.38	5771.76
251.75	7524.82
252.13	6899.90
252.50	9102.34
252.87	13605.53
253.25	6085.39
253.62	8032.72
253.99	5923.90
254.36	9345.76
254.74	6729.04
255.11	6354.55
255.48	5526.00
255.85	14483.24
256.23	5830.27
256.60	5472.17
256.97	7021.61
257.34	8231.66
257.71	7599.72
258.09	6258.59
258.46	7798.66
258.83	11531.82
259.20	9729.61
259.58	7105.87
259.95	7241.62
260.32	9345.76
260.69	5977.73
261.06	11119.89
261.44	6293.70
261.81	13191.26
262.18	8067.83
262.55	6422.43
262.92	7335.24
263.29	6509.03
263.67	5816.23
264.04	6745.42
264.41	6799.26
264.78	6473.92
265.15	10497.30
265.52	12683.36
265.90	7442.90
266.27	6532.44
266.64	5898.15
267.01	5497.92
267.38	8074.85
267.75	6171.99
268.12	5401.96
268.50	7108.21
268.87	6232.85
269.24	6310.08
269.61	7698.02
269.98	8311.24
270.35	8072.51
270.72	6132.20
271.09	6963.09
271.46	6682.23
271.83	8042.08
272.21	9261.50
272.58	6218.80
272.95	6473.92
273.32	7316.51
273.69	7346.94
274.06	5661.76
274.43	6223.48
274.80	7101.19
275.17	7976.55
275.54	13107.00
275.91	7321.20
276.28	7283.75
276.65	7653.55
277.02	11485.01
277.39	6359.24
277.76	6153.27
278.13	8400.18
278.50	8800.41
278.87	10410.70
279.24	9224.05
279.61	8489.12
279.98	9813.87
280.35	6513.71
280.72	7749.51
281.09	7056.72
281.46	7363.33
281.83	6260.93
282.20	7957.82
282.57	6553.50
282.94	8116.98
283.31	6586.27
283.68	7878.24
284.05	5746.02
284.42	5394.93
284.79	7702.70
285.16	8514.87
285.53	7386.73
285.90	7222.89
286.27	14799.21
286.64	5476.85
287.01	6328.81
287.38	8540.61
287.75	59229.60
288.12	8472.74
288.49	16849.52
288.86	6031.56
289.23	6017.52
289.59	6225.82
289.96	5891.13
290.33	6370.94
290.70	6654.14
291.07	8374.44
291.44	8039.74
291.81	5980.07
292.18	7335.24
292.55	6848.41
292.91	12554.63
293.28	8388.48
293.65	10785.19
294.02	7892.29
294.39	5570.48
294.76	7014.59
295.13	7300.13
295.50	7103.53
295.86	7075.44
296.23	6424.77
296.60	5755.38
296.97	6455.20
297.34	7035.65
297.71	8954.89
298.07	7435.88
298.44	5467.49
298.81	8065.49
299.18	7391.41
299.55	10729.02
299.91	6920.96
300.28	7295.45
300.65	5458.13
301.02	7597.38
301.39	8086.55
301.75	13329.35
302.12	8231.66
302.49	7117.57
302.86	10626.03
303.23	7288.43
303.59	5762.40
303.96	17439.33
304.33	9668.75
304.70	15066.03
305.06	6590.95
305.43	10387.30
305.80	8351.03
306.17	9142.13
306.53	6345.19
306.90	9551.73
307.27	7475.67
307.64	10740.72
308.00	6502.01
308.37	6427.11
308.74	12210.57
309.11	9001.70
309.47	6307.74
309.84	5575.16
310.21	7119.91
310.57	7599.72
310.94	6820.32
311.31	7288.43
311.67	7934.42
312.04	5387.91
312.41	9905.15
312.77	8074.85
313.14	6286.68
313.51	7040.33
313.87	6525.41
314.24	6532.44
314.61	6356.90
314.97	6703.29
315.34	7220.55
315.71	5624.31
316.07	9320.01
316.44	5731.97
316.81	8755.94
317.17	6200.08
317.54	15662.86
317.91	6511.37
318.27	5469.83
318.64	6920.96
319.00	8877.65
319.37	5544.73
319.74	9362.14
320.10	9664.07
320.47	6663.51
320.83	10881.15
321.20	7023.95
321.57	6050.28
321.93	6373.28
322.30	7499.08
322.66	6293.70
323.03	8690.41
323.40	8095.91
323.76	6436.47
324.13	6345.19
324.49	5526.00
324.86	18853.02
325.22	7531.84
325.59	7105.87
325.95	7934.42
326.32	9514.28
326.68	9249.80
327.05	6923.30
327.42	6022.20
327.78	6562.86
328.15	9579.81
328.51	6363.92
328.88	8538.27
329.24	11087.12
329.61	7253.32
329.97	8826.16
330.34	6469.24
330.70	7229.91
331.07	10782.85
331.43	8833.18
331.80	13476.80
332.16	10445.81
332.52	6195.40
332.89	8360.39
333.25	5448.77
333.62	12517.18
333.98	7527.16
334.35	7073.10
334.71	7360.98
335.08	5928.58
335.44	12126.32
335.81	12079.50
336.17	10200.05
336.53	7084.80
336.90	5891.13
337.26	8531.25
337.63	9542.36
337.99	7681.64
338.36	6047.94
338.72	9050.85
339.08	7510.78
339.45	5923.90
339.81	9628.96
340.18	6817.98
340.54	10588.58
340.90	6354.55
341.27	6942.03
341.63	8514.87
341.99	5338.76
342.36	10633.05
342.72	5785.80
343.09	10700.93
343.45	6333.49
343.81	10750.08
344.18	5509.62
344.54	7084.80
344.90	7875.90
345.27	7419.50
345.63	7122.25
345.99	9001.70
346.36	7396.09
346.72	5951.98
347.08	6071.35
347.45	5603.24
347.81	9895.78
348.17	7604.40
348.54	5743.67
348.90	9128.09
349.26	9928.55
349.62	10867.11
349.99	5540.05
350.35	5167.90
350.71	7899.31
351.08	7162.04
351.44	5242.80
351.80	13621.92
352.16	11672.25
352.53	6122.84
352.89	8493.80
353.25	11321.17
353.61	6593.29
353.98	8767.65
354.34	10108.77
354.70	6480.94
355.06	5348.12
355.43	7403.11
355.79	6839.05
356.15	6782.87
356.51	6134.54
356.88	6097.10
357.24	6782.87
357.60	5561.11
357.96	5266.21
358.32	15735.42
358.69	5432.38
359.05	7981.23
359.41	7726.11
359.77	5790.49
360.13	6267.95
360.49	6097.10
360.86	9071.92
361.22	11213.51
361.58	7836.11
361.94	11145.63
362.30	5877.09
362.66	8624.87
363.03	5331.74
363.39	5404.30
363.75	6305.40
364.11	10228.14
364.47	6476.26
364.83	10846.04
365.19	7492.05
365.56	8950.21
365.92	5369.19
366.28	8744.24
366.64	9989.41
367.00	5544.73
367.36	5624.31
367.72	10162.61
368.08	9289.59
368.44	6593.29
368.80	8507.85
369.17	6562.86
369.53	6918.62
369.89	6111.14
370.25	6078.37
370.61	6272.64
370.97	10768.80
371.33	6494.99
371.69	12933.80
372.05	8578.06
372.41	5811.55
372.77	6518.39
373.13	7728.45
373.49	5163.22
373.85	8016.33
374.21	7639.51
374.57	5844.32
374.93	8861.27
375.29	9394.91
375.65	7581.00
376.01	7258.00
376.37	10249.21
376.73	8575.72
377.09	5851.34
377.45	10045.58
377.81	6958.41
378.17	6132.20
378.53	5095.35
378.89	8629.56
379.25	11073.07
379.61	14303.01
379.97	9430.02
380.33	6443.49
380.69	6090.07
381.05	5902.83
381.41	9109.36
381.77	7248.64
382.13	8489.12
382.49	15180.71
382.85	7522.48
383.21	8882.33
383.57	5418.34
383.93	10640.08
384.28	5280.25
384.64	6399.02
385.00	7648.87
385.36	7316.51
385.72	9212.35
386.08	6022.20
386.44	8837.86
386.80	8966.59
387.16	10930.30
387.52	9724.93
387.87	14012.79
388.23	8030.38
388.59	6244.55
388.95	5584.52
389.31	6722.02
389.67	6885.86
390.03	6169.65
390.38	6532.44
390.74	5153.86
391.10	9748.33
391.46	7789.30
391.82	6012.84
392.18	8486.78
392.54	5027.47
392.89	5596.22
393.25	8526.57
393.61	5699.20
393.97	5785.80
394.33	7927.39
394.68	6857.77
395.04	5575.16
395.40	7447.58
395.76	9373.85
396.12	7545.89
396.47	5809.21
396.83	7274.38
397.19	5706.23
397.55	5867.72
397.90	7403.11
398.26	7419.50
398.62	5694.52
398.98	4933.85
399.33	6689.25
399.69	25076.50
400.05	8262.09
400.41	5900.49
400.76	8807.44
401.12	10139.20
401.48	8121.66
401.84	6174.33
402.19	6490.31
402.55	7892.29
402.91	7300.13
403.26	5383.23
403.62	8449.33
403.98	7215.87
404.34	4917.47
404.69	7105.87
405.05	9163.20
405.41	14324.08
405.76	5949.64
406.12	5909.85
406.48	6803.94
406.83	6221.14
407.19	8362.73
407.55	7943.78
407.90	14321.74
408.26	8477.42
408.62	9202.99
408.97	7197.15
409.33	5612.60
409.68	5879.43
410.04	7798.66
410.40	6045.60
410.75	8341.67
411.11	5898.15
411.47	7796.32
411.82	6836.70
412.18	7302.47
412.53	6822.66
412.89	6284.34
413.25	6853.09
413.60	7290.77
413.96	5324.72
414.31	6427.11
414.67	7510.78
415.03	5441.75
415.38	5738.99
415.74	6506.69
416.09	6642.44
416.45	8695.09
416.80	6181.35
417.16	8699.77
417.51	6911.60
417.87	6455.20
418.23	8070.17
418.58	8287.84
418.94	5001.72
419.29	6190.72
419.65	7648.87
420.00	8746.58
420.36	8287.84
420.71	8306.56
421.07	5591.54
421.42	7070.76
421.78	9322.35
422.13	6822.66
422.49	5502.60
422.84	7459.29
423.20	5268.55
423.55	5579.84
423.91	5481.53
424.26	14244.50
424.61	8510.19
424.97	11454.58
425.32	6148.59
425.68	6782.87
426.03	7798.66
426.39	10169.63
426.74	10068.98
427.10	9549.39
427.45	6160.29
427.80	7595.04
428.16	6892.88
428.51	7124.59
428.87	7641.85
429.22	9664.07
429.58	10558.16
429.93	10211.76
430.28	6204.76
430.64	6097.10
430.99	5282.59
431.35	7700.36
431.70	6609.67
432.05	6712.66
432.41	8194.22
432.76	7810.37
433.11	7892.29
433.47	7833.77
433.82	11119.89
434.17	8095.91
434.53	8044.42
434.88	14317.06
435.24	7751.85
435.59	7456.95
435.94	5692.18
436.30	8418.91
436.65	6593.29
437.00	9495.55
437.35	16716.11
437.71	6813.30
438.06	6260.93
438.41	6073.69
438.77	8049.10
439.12	5195.99
439.47	4802.78
439.83	7864.20
440.18	5210.03
440.53	6581.59
440.88	12556.97
441.24	8685.73
441.59	5783.46
441.94	6661.16
442.30	8348.69
442.65	12861.24
443.00	7007.56
443.35	10668.16
443.71	6675.21
444.06	9680.46
444.41	8074.85
444.76	11459.26
445.11	7119.91
445.47	10249.21
445.82	9060.21
446.17	5944.96
446.52	10459.85
446.88	7250.98
447.23	5125.77
447.58	7981.23
447.93	5980.07
448.28	30129.72
448.63	10953.71
448.99	6965.43
449.34	8589.77
449.69	8964.25
450.04	6284.34
450.39	6237.53
450.74	7108.21
451.10	7096.50
451.45	7176.08
451.80	7843.14
452.15	10263.25
452.50	8194.22
452.85	10136.86
453.21	8978.30
453.56	7822.07
453.91	6747.76
454.26	7431.20
454.61	5738.99
454.96	8414.23
455.31	6867.13
455.66	6375.62
456.01	8299.54
456.36	6410.73
456.72	6239.87
457.07	7803.35
457.42	10707.95
457.77	9324.69
458.12	5930.92
458.47	7316.51
458.82	9830.25
459.17	7091.82
459.52	7487.37
459.87	12152.06
460.22	5762.40
460.57	7220.55
460.92	6104.12
461.27	8187.19
461.62	6743.08
461.97	5893.47
462.32	12393.14
462.67	10899.87
463.02	13968.32
463.38	13418.29
463.73	8875.31
464.08	12638.89
464.43	7627.81
464.78	5628.99
465.12	8334.65
465.47	8779.35
465.82	27592.58
466.17	6497.33
466.52	8821.48
466.87	6406.05
467.22	6010.50
467.57	5254.50
467.92	7707.38
468.27	11185.42
468.62	15056.67
468.97	6911.60
469.32	4992.36
469.67	16100.55
470.02	14398.98
470.37	6143.91
470.72	7674.62
471.07	5493.24
471.42	6778.19
471.76	6855.43
472.11	6747.76
472.46	8669.34
472.81	15176.03
473.16	6087.73
473.51	6087.73
473.86	5411.32
474.21	6663.51
474.56	6368.60
474.90	6396.68
475.25	9907.49
475.60	8812.12
475.95	6174.33
476.30	11339.90
476.65	10459.85
477.00	15360.94
477.34	11335.21
477.69	5692.18
478.04	9504.92
478.39	7417.16
478.74	5856.02
479.09	5280.25
479.43	7019.27
479.78	4954.91
480.13	12753.58
480.48	10504.32
480.83	7375.03
481.17	5523.66
481.52	7342.26
481.87	6607.33
482.22	11985.88
482.57	6750.10
482.91	9378.53
483.26	8016.33
483.61	6464.56
483.96	7688.66
484.30	65535.00
484.65	12751.24
485.00	5849.00
485.35	6806.28
485.69	6054.97
486.04	6588.61
486.39	7796.32
486.74	7667.60
487.08	5324.72
487.43	8215.28
487.78	5027.47
488.12	8187.19
488.47	6195.40
488.82	10738.38
489.17	5944.96
489.51	5142.16
489.86	8042.08
490.21	5261.52
490.55	7754.19
490.90	5357.49
491.25	6523.07
491.59	5586.86
491.94	13034.44
492.29	6382.64
492.63	7140.97
492.98	4877.68
493.33	7382.05
493.67	6181.35
494.02	5621.97
494.37	5593.88
494.71	8400.18
495.06	6235.19
495.40	10506.66
495.75	6076.03
496.10	10457.51
496.44	7052.03
496.79	8292.52
497.13	5849.00
497.48	14541.75
497.83	10338.15
498.17	8231.66
498.52	6244.55
498.86	8954.89
499.21	6841.39
499.56	5966.03
499.90	6686.91
500.25	5404.30
500.59	7124.59
500.94	7882.92
501.28	8695.09
501.63	9912.17
501.97	6640.10
502.32	5947.30
502.67	7992.93
503.01	5359.83
503.36	6310.08
503.70	6237.53
504.05	8531.25
504.39	9245.12
504.74	6876.49
505.08	11049.67
505.43	4837.89
505.77	5511.96
506.12	7330.56
506.46	6651.80
506.81	5849.00
507.15	5776.44
507.49	6595.63
507.84	5895.81
508.18	7779.94
508.53	7433.54
508.87	7234.60
509.22	6698.61
509.56	65535.00
509.91	19630.07
510.25	7145.66
510.60	5116.41
510.94	9062.55
511.28	4875.34
511.63	9600.88
511.97	7880.58
512.32	9067.24
512.66	5881.77
513.00	7096.50
513.35	9530.66
513.69	5533.03
514.04	8650.62
514.38	9036.81
514.72	7726.11
515.07	5872.40
515.41	5928.58
515.76	5984.75
516.10	7122.25
516.44	8980.64
516.79	6289.02
517.13	5479.19
517.47	9542.36
517.82	7391.41
518.16	6841.39
518.50	7447.58
518.85	7609.08
519.19	10459.85
519.53	13710.86
519.88	9137.45
520.22	6736.06
520.56	7054.37
520.91	5305.99
521.25	5701.54
521.59	6808.62
521.93	8004.63
522.28	6684.57
522.62	7826.75
522.96	9298.95
523.31	6752.45
523.65	8067.83
523.99	8746.58
524.33	11728.42
524.68	8320.60
525.02	5441.75
525.36	7826.75
525.70	5305.99
526.05	6108.80
526.39	5720.27
526.73	8358.05
527.07	7370.35
527.41	10958.39
527.76	5874.74
528.10	6621.38
528.44	7999.95
528.78	6916.28
529.12	8795.73
529.47	6726.70
529.81	9551.73
530.15	9427.68
530.49	8332.31
530.83	5083.64
531.18	5500.26
531.52	6846.07
531.86	5408.98
532.20	7155.02
532.54	9870.04
532.88	4910.44
533.22	6733.72
533.57	6277.32
533.91	9748.33
534.25	5488.56
534.59	11033.29
534.93	8760.63
535.27	6038.58
535.61	6743.08
535.95	10946.69
536.30	5420.68
536.64	6913.94
536.98	4758.31
537.32	6363.92
537.66	5034.49
538.00	8208.26
538.34	8444.65
538.68	8339.33
539.02	11927.37
539.36	6174.33
539.70	5481.53
540.04	6902.24
540.39	20381.38
540.73	5750.70
541.07	7269.70
541.41	7709.72
541.75	7894.63
542.09	10150.90
542.43	8049.10
542.77	7068.42
543.11	7625.47
543.45	7056.72
543.79	9533.00
544.13	6595.63
544.47	6621.38
544.81	5959.00
545.15	8379.12
545.49	6850.75
545.83	5603.24
546.17	6612.01
546.51	4807.46
546.85	6045.60
547.19	11103.50
547.53	5561.11
547.87	8798.07
548.21	12212.92
548.54	7204.17
548.88	6092.41
549.22	5769.42
549.56	5303.65
549.90	6085.39
550.24	7077.78
550.58	5715.59
550.92	9804.50
551.26	6459.88
551.60	11049.67
551.94	6448.18
552.28	6576.91
552.61	8620.19
552.95	6504.35
553.29	6097.10
553.63	7293.11
553.97	11459.26
554.31	9380.87
554.65	10532.41
554.99	10501.98
555.32	6368.60
555.66	8255.07
556.00	4894.06
556.34	6630.74
556.68	7335.24
557.02	9261.50
557.36	7513.12
557.69	7162.04
558.03	6246.89
558.37	12835.50
558.71	14991.13
559.05	10462.19
559.38	11587.99
559.72	5933.26
560.06	9069.58
560.40	8446.99
560.74	9891.10
561.07	8074.85
561.41	9263.84
561.75	8098.25
562.09	6237.53
562.42	9114.05
562.76	8575.72
563.10	7241.62
563.44	25092.88
563.77	7791.64
564.11	8285.50
564.45	9884.08
564.79	8234.00
565.12	7337.58
565.46	7763.56
565.80	7908.67
566.14	7789.30
566.47	9638.33
566.81	5827.93
567.15	7571.63
567.48	7967.18
567.82	8573.38
568.16	7911.01
568.49	6029.22
568.83	5490.90
569.17	7122.25
569.50	7896.97
569.84	10965.41
570.18	7894.63
570.51	11463.94
570.85	6904.58
571.19	6796.92
571.52	5998.79
571.86	7581.00
572.20	6511.37
572.53	11070.73
572.87	6073.69
573.21	5879.43
573.54	5490.90
573.88	7747.17
574.21	7330.56
574.55	6913.94
574.89	6429.45
575.22	9165.54
575.56	6249.23
575.89	6162.63
576.23	6684.57
576.57	7971.86
576.90	6157.95
577.24	7606.74
577.57	5540.05
577.91	7875.90
578.24	5163.22
578.58	6862.45
578.91	8369.76
579.25	5944.96
579.59	7356.30
579.92	6871.81
580.26	5404.30
580.59	7983.57
580.93	7829.09
581.26	6375.62
581.60	8091.23
581.93	8699.77
582.27	11290.74
582.60	5638.35
582.94	7660.57
583.27	5624.31
583.61	6789.89
583.94	7698.02
584.28	5259.18
584.61	6626.06
584.94	8397.84
585.28	8320.60
585.61	8924.46
585.95	8439.97
586.28	11758.85
586.62	13254.45
586.95	7101.19
587.29	12313.56
587.62	15756.49
587.95	5694.52
588.29	7639.51
588.62	8472.74
588.96	9341.08
589.29	6359.24
589.62	6387.32
589.96	6883.52
590.29	6237.53
590.63	5359.83
590.96	8699.77
591.29	9139.79
591.63	9776.42
591.96	5689.84
592.29	6562.86
592.63	6265.61
592.96	7796.32
593.30	12018.65
593.63	7775.26
593.96	5905.17
594.30	6443.49
594.63	7808.03
594.96	12072.48
595.30	7045.01
595.63	6516.05
595.96	5975.39
596.29	8021.02
596.63	6450.52
596.96	8894.04
597.29	8124.00
597.63	5188.97
597.96	10312.40
598.29	9720.24
598.63	9514.28
598.96	6005.81
599.29	6204.76
599.62	6132.20
599.96	6162.63
600.29	6874.15
600.62	5771.76
600.95	6511.37
601.29	6874.15
601.62	7796.32
601.95	7234.60
602.28	6169.65
602.61	21734.21
602.95	7445.24
603.28	12212.92
603.61	6001.13
603.94	9607.90
604.27	6104.12
604.61	8512.53
604.94	8107.62
605.27	7796.32
605.60	5792.83
605.93	6218.80
606.27	9327.03
606.60	6064.33
606.93	5448.77
607.26	11407.77
607.59	7084.80
607.92	10230.48
608.26	6221.14
608.59	6134.54
608.92	6927.99
609.25	5495.58
609.58	7864.20
609.91	8266.77
610.24	13685.11
610.57	8292.52
610.90	9659.39
611.24	5142.16
611.57	5408.98
611.90	9193.62
612.23	6993.52
612.56	9160.86
612.89	8629.56
613.22	8884.67
613.55	5305.99
613.88	9598.54
614.21	5935.60
614.54	8074.85
614.87	5919.21
615.20	4891.72
615.53	10188.35
615.87	6111.14
616.20	7297.79
616.53	10417.72
616.86	7049.69
617.19	8241.03
617.52	6324.13
617.85	6492.65
618.18	6043.26
618.51	6607.33
618.84	8699.77
619.17	6942.03
619.50	10850.72
619.83	10429.43
620.16	8608.49
620.49	6218.80
620.82	14427.06
621.14	10904.56
621.47	6630.74
621.80	9942.60
622.13	7417.16
622.46	15070.71
622.79	8861.27
623.12	5605.58
623.45	9430.02
623.78	8910.42
624.11	5949.64
624.44	7878.24
624.77	5589.20
625.10	6204.76
625.43	5621.97
625.75	7358.64
626.08	6118.16
626.41	5675.80
626.74	7185.44
627.07	6572.22
627.40	12360.37
627.73	6525.41
628.06	6153.27
628.38	4868.31
628.71	8905.74
629.04	10225.80
629.37	8966.59
629.70	7693.34
630.03	5858.36
630.36	10136.86
630.68	9228.73
631.01	6375.62
631.34	11047.33
631.67	6502.01
632.00	4975.98
632.32	9202.99
632.65	10122.82
632.98	7782.28
633.31	7227.57
633.64	9338.74
633.96	5933.26
634.29	11119.89
634.62	7445.24
634.95	7777.60
635.27	7602.06
635.60	8800.41
635.93	7892.29
636.26	8119.32
636.58	6558.18
636.91	6466.90
637.24	6223.48
637.57	7473.33
637.89	8446.99
638.22	6342.85
638.55	7485.03
638.87	7789.30
639.20	8751.26
639.53	8035.06
639.86	6296.04
640.18	5865.38
640.51	7576.31
640.84	7934.42
641.16	5764.74
641.49	7503.76
641.82	5846.66
642.14	5928.58
642.47	14310.04
642.80	7087.14
643.12	9685.14
643.45	6974.80
643.78	7328.22
644.10	6211.78
644.43	7159.70
644.75	10452.83
645.08	5287.27
645.41	8266.77
645.73	5968.37
646.06	15503.71
646.39	9390.23
646.71	6408.39
647.04	5970.71
647.36	5233.44
647.69	8774.67
648.01	7660.57
648.34	6169.65
648.67	9760.03
648.99	10750.08
649.32	5970.71
649.64	5357.49
649.97	4725.54
650.29	5387.91
650.62	14771.12
650.94	7531.84
651.27	11321.17
651.59	7101.19
651.92	6160.29
652.25	8163.79
652.57	5781.12
652.90	5956.66
653.22	7765.90
653.55	7735.47
653.87	5029.81
654.20	7410.14
654.52	11358.62
654.84	6904.58
655.17	8461.04
655.49	11433.52
655.82	6558.18
656.14	7801.01
656.47	8542.96
656.79	11707.36
657.12	6813.30
657.44	6609.67
657.77	8947.87
658.09	7517.80
658.41	7016.93
658.74	8744.24
659.06	5521.32
659.39	6918.62
659.71	6246.89
660.03	7265.02
660.36	6841.39
660.68	9928.55
661.01	13596.17
661.33	10684.55
661.65	6284.34
661.98	14235.14
662.30	10700.93
662.63	7248.64
662.95	6817.98
663.27	6270.30
663.60	5678.14
663.92	7070.76
664.24	6944.37
664.57	5877.09
664.89	6310.08
665.21	6314.77
665.54	9818.55
665.86	7419.50
666.18	7616.10
666.51	10558.16
666.83	6544.14
667.15	15592.65
667.47	9806.84
667.80	8468.06
668.12	6160.29
668.44	7571.63
668.77	8908.08
669.09	10518.37
669.41	9025.11
669.73	5516.64
670.06	7250.98
670.38	6839.05
670.70	5387.91
671.02	8437.63
671.35	6462.22
671.67	10719.65
671.99	6843.73
672.31	10373.25
672.63	7997.61
672.96	11391.39
673.28	6452.86
673.60	7482.69
673.92	7459.29
674.24	5947.30
674.57	6094.76
674.89	9958.98
675.21	6888.20
675.53	9324.69
675.85	10197.71
676.17	10296.02
676.50	5949.64
676.82	10115.80
677.14	7688.66
677.46	14883.47
677.78	5322.38
678.10	9694.50
678.42	7101.19
678.75	6476.26
679.07	5898.15
679.39	7405.46
679.71	6684.57
680.03	6548.82
680.35	6459.88
680.67	6686.91
680.99	6003.47
681.31	5572.82
681.63	8407.20
681.96	10497.30
682.28	6626.06
682.60	5947.30
682.92	8573.38
683.24	5348.12
683.56	8741.90
683.88	6399.02
684.20	6888.20
684.52	6525.41
684.84	6527.75
685.16	6661.16
685.48	9202.99
685.80	8004.63
686.12	8788.71
686.44	12233.98
686.76	7166.72
687.08	5437.06
687.40	5853.68
687.72	9399.59
688.04	6689.25
688.36	14895.17
688.68	11103.50
689.00	8100.59
689.32	6682.23
689.64	6403.71
689.96	7178.42
690.28	10024.51
690.60	10501.98
690.92	6263.27
691.24	8732.54
691.56	6998.20
691.88	6839.05
692.19	6057.31
692.51	9448.74
692.83	8219.96
693.15	9305.97
693.47	8308.90
693.79	7768.24
694.11	9767.06
694.43	8208.26
694.75	6944.37
695.06	7368.01
695.38	10448.15
695.70	7445.24
696.02	7559.93
696.34	6586.27
696.66	6518.39
696.98	5184.29
697.29	7510.78
697.61	11679.27
697.93	10200.05
698.25	14064.28
698.57	8248.05
698.89	5511.96
699.20	6942.03
699.52	11510.75
699.84	5109.39
700.16	6986.50
700.48	10864.77
700.79	5949.64
701.11	12329.94
701.43	9493.21
701.75	6349.87
702.07	6965.43
702.38	12100.57
702.70	6260.93
703.02	6045.60
703.34	9032.13
703.65	7595.04
703.97	6993.52
704.29	5060.24
704.61	5827.93
704.92	9334.06
705.24	6827.34
705.56	9556.41
705.87	9951.96
706.19	7503.76
706.51	5399.62
706.82	10328.78
707.14	6314.77
707.46	5479.19
707.78	5935.60
708.09	8622.53
708.41	9818.55
708.73	7775.26
709.04	10422.41
709.36	6682.23
709.68	7272.04
709.99	13607.87
710.31	10672.84
710.62	7496.74
710.94	6689.25
711.26	8229.32
711.57	6885.86
711.89	5947.30
712.21	15779.89
712.52	7499.08
712.84	10834.34
713.15	7887.61
713.47	9514.28
713.79	5701.54
714.10	6443.49
714.42	6841.39
714.73	11066.05
715.05	5586.86
715.36	5923.90
715.68	6148.59
715.99	6665.85
716.31	9879.40
716.63	8865.95
716.94	9619.60
717.26	20386.07
717.57	9486.19
717.89	11882.90
718.20	6246.89
718.52	8940.85
718.83	7372.69
719.15	15342.21
719.46	14789.85
719.78	8025.70
720.09	7229.91
720.41	6160.29
720.72	5710.91
721.04	6108.80
721.35	6963.09
721.67	7108.21
721.98	6775.85
722.29	6696.27
722.61	6352.21
722.92	5116.41
723.24	6916.28
723.55	7625.47
723.87	7946.12
724.18	9020.42
724.50	5767.08
724.81	7222.89
725.12	7363.33
725.44	8444.65
725.75	7793.98
726.07	11035.63
726.38	8571.04
726.69	6839.05
727.01	8929.14
727.32	9048.51
727.63	6796.92
727.95	11173.72
728.26	6352.21
728.58	9137.45
728.89	6619.04
729.20	7281.41
729.52	6024.54
729.83	14174.28
730.14	8844.88
730.46	7295.45
730.77	10083.03
731.08	8725.52
731.39	6944.37
731.71	7424.18
732.02	9467.47
732.33	7389.07
732.65	6986.50
732.96	11159.67
733.27	9687.48
733.59	14934.96
733.90	9870.04
734.21	5966.03
734.52	6981.82
734.84	17891.06
735.15	6705.63
735.46	6949.05
735.77	7655.89
736.09	7227.57
736.40	11363.30
736.71	9317.67
737.02	5731.97
737.33	6698.61
737.65	6967.77
737.96	7606.74
738.27	7955.48
738.58	13680.43
738.89	8968.93
739.21	6569.88
739.52	5467.49
739.83	8809.78
740.14	6270.30
740.45	7520.14
740.76	6656.48
741.08	5661.76
741.39	7384.39
741.70	6656.48
742.01	8016.33
742.32	10286.65
742.63	8046.76
742.94	6319.45
743.26	8760.63
743.57	8470.40
743.88	9437.04
744.19	8322.94
744.50	7229.91
744.81	12989.97
745.12	7377.37
745.43	7145.66
745.74	15950.75
746.05	11583.31
746.36	5336.42
746.67	12566.34
746.99	7023.95
747.30	8688.07
747.61	6593.29
747.92	7978.89
748.23	10445.81
748.54	7033.31
748.85	7140.97
749.16	7688.66
749.47	6092.41
749.78	6722.02
750.09	6612.01
750.40	8332.31
750.71	7866.54
751.02	8730.20
751.33	7403.11
751.64	8414.23
751.95	7379.71
752.26	9064.89
752.57	8987.66
752.88	6881.18
753.19	7452.27
753.50	10970.09
753.81	7117.57
754.11	7604.40
754.42	17500.19
754.73	7698.02
755.04	8196.56
755.35	8081.87
755.66	14218.75
755.97	6017.52
756.28	5961.34
756.59	8823.82
756.90	17444.01
757.21	8421.25
757.52	11730.76
757.82	8365.07
758.13	6623.72
758.44	10342.83
758.75	8917.44
759.06	6644.78
759.37	6005.81
759.68	8098.25
759.98	6750.10
760.29	8973.61
760.60	7995.27
760.91	5551.75
761.22	7225.23
761.53	7772.92
761.83	6464.56
762.14	7698.02
762.45	6672.87
762.76	5748.36
763.07	8526.57
763.37	16842.50
763.68	11868.86
763.99	13640.64
764.30	12187.17
764.60	6670.53
764.91	10459.85
765.22	7775.26
765.53	13998.74
765.84	8201.24
766.14	7246.30
766.45	5577.50
766.76	11426.50
767.06	12191.85
767.37	7061.40
767.68	7557.59
767.99	7049.69
768.29	6459.88
768.60	7496.74
768.91	10492.62
769.21	13582.13
769.52	11232.23
769.83	7365.67
770.13	7541.21
770.44	6951.39
770.75	9385.55
771.05	7569.29
771.36	9277.88
771.67	7920.37
771.97	6918.62
772.28	7157.36
772.59	8042.08
772.89	9921.53
773.20	6551.16
773.51	6569.88
773.81	12217.60
774.12	6148.59
774.42	7550.57
774.73	6338.17
775.04	6310.08
775.34	22167.21
775.65	8608.49
775.95	13008.70
776.26	8418.91
776.56	6658.82
776.87	8641.26
777.18	65535.00
777.48	18162.56
777.79	7988.25
778.09	11325.85
778.40	6991.18
778.70	7084.80
779.01	11194.78
779.31	7688.66
779.62	6951.39
779.92	9296.61
780.23	8973.61
780.53	5724.95
780.84	7314.17
781.14	6684.57
781.45	6677.55
781.75	9619.60
782.06	6459.88
782.36	8339.33
782.67	6242.21
782.97	6438.81
783.28	13579.79
783.58	6850.75
783.89	6815.64
784.19	8903.40
784.49	13135.09
784.80	7382.05
785.10	13411.27
785.41	6298.38
785.71	8971.27
786.02	8404.86
786.32	14342.80
786.62	9525.98
786.93	12016.31
787.23	6874.15
787.54	7302.47
787.84	12889.33
788.14	8589.77
788.45	5472.17
788.75	9336.40
789.05	6101.78
789.36	7311.83
789.66	14281.95
789.96	9530.66
790.27	7838.45
790.57	7569.29
790.87	6289.02
791.18	6633.08
791.48	6466.90
791.78	8573.38
792.09	9057.87
792.39	6576.91
792.69	9886.42
793.00	9572.79
793.30	9245.12
793.60	5944.96
793.90	5542.39
794.21	8685.73
794.51	17460.40
794.81	11061.37
795.11	7712.07
795.42	6775.85
795.72	11702.68
796.02	9781.10
796.32	8814.46
796.63	8889.35
796.93	10569.86
797.23	9327.03
797.53	8205.92
797.84	10574.54
798.14	6431.79
798.44	8615.51
798.74	8718.50
799.04	8407.20
799.34	6108.80
799.65	16386.09
799.95	7885.26
800.25	7126.93
800.55	7009.90
800.85	8257.41
801.15	6490.31
801.46	7393.75
801.76	18380.23
802.06	6895.22
802.36	9678.12
802.66	6864.79
802.96	9605.56
803.26	11044.99
803.56	13692.13
803.87	16847.18
804.17	7482.69
804.47	9940.26
804.77	10663.48
805.07	11136.27
805.37	9760.03
805.67	9383.21
805.97	7101.19
806.27	7389.07
806.57	6937.35
806.87	12006.95
807.17	8367.42
807.47	11805.66
807.77	11246.27
808.07	7014.59
808.37	11908.65
808.67	8009.31
808.98	15964.79
809.28	7164.38
809.58	16381.41
809.88	10853.06
810.18	15049.64
810.47	7412.48
810.77	7637.17
811.07	9727.27
811.37	8695.09
811.67	6473.92
811.97	5589.20
812.27	6150.93
812.57	5516.64
812.87	6839.05
813.17	6516.05
813.47	6349.87
813.77	7066.08
814.07	6846.07
814.37	10368.57
814.67	6560.52
814.97	7463.97
815.27	6408.39
815.56	8990.00
815.86	11384.37
816.16	8285.50
816.46	5928.58
816.76	6633.08
817.06	10647.10
817.36	12655.28
817.66	7749.51
817.95	6106.46
818.25	8500.83
818.55	10188.35
818.85	9722.59
819.15	6970.12
819.45	13769.37
819.75	7557.59
820.04	7632.49
820.34	16233.96
820.64	10045.58
820.94	12999.34
821.24	7229.91
821.53	7258.00
821.83	6649.46
822.13	6204.76
822.43	7190.13
822.72	5858.36
823.02	6686.91
823.32	6223.48
823.62	8238.69
823.91	15239.23
824.21	5879.43
824.51	8718.50
824.81	7279.07
825.10	5858.36
825.40	9713.22
825.70	7946.12
826.00	12851.88
826.29	6857.77
826.59	8505.51
826.89	7063.74
827.18	6581.59
827.48	6530.09
827.78	6122.84
828.07	7836.11
828.37	9760.03
828.67	8358.05
828.96	7864.20
829.26	6410.73
829.56	11063.71
829.85	6773.51
830.15	8411.89
830.45	5914.53
830.74	12746.56
831.04	9671.09
831.34	10260.91
831.63	13785.76
831.93	10012.81
832.22	9540.02
832.52	7688.66
832.82	6040.92
833.11	6207.10
833.41	6403.71
833.70	6729.04
834.00	10553.48
834.29	8236.35
834.59	5741.33
834.89	8774.67
835.18	7063.74
835.48	13334.03
835.77	9249.80
836.07	9317.67
836.36	9172.56
836.66	10541.77
836.95	7529.50
837.25	6555.84
837.54	7431.20
837.84	6773.51
838.13	8353.37
838.43	6494.99
838.72	14101.73
839.02	10986.47
839.31	6473.92
839.61	11059.03
839.90	5664.10
840.20	7815.05
840.49	6132.20
840.78	8552.32
841.08	9378.53
841.37	7033.31
841.67	6066.67
841.96	8990.00
842.26	8276.13
842.55	5968.37
842.84	6279.66
843.14	10047.92
843.43	5853.68
843.73	7618.44
844.02	5771.76
844.31	7410.14
844.61	6892.88
844.90	8344.01
845.20	7859.52
845.49	5500.26
845.78	6993.52
846.08	6069.01
846.37	5006.41
846.66	8678.71
846.96	9259.16
847.25	8545.30
847.54	5825.59
847.84	9165.54
848.13	7262.68
848.42	9930.89
848.72	6413.07
849.01	9107.02
849.30	6682.23
849.59	6478.60
849.89	6464.56
850.18	12688.04
850.47	6249.23
850.76	16744.19
851.06	14743.03
851.35	8702.11
851.64	9823.23
851.93	7999.95
852.23	10860.09
852.52	6829.68
852.81	6890.54
853.10	6593.29
853.40	5523.66
853.69	5619.63
853.98	7442.90
854.27	9916.85
854.56	6677.55
854.86	9022.77
855.15	7932.08
855.44	8203.58
855.73	5535.37
856.02	6696.27
856.31	9961.32
856.61	8592.11
856.90	6869.47
857.19	5900.49
857.48	5783.46
857.77	5984.75
858.06	5294.29
858.35	5757.72
858.65	11485.01
858.94	9638.33
859.23	7309.49
859.52	9231.07
859.81	12009.29
860.10	6637.76
860.39	9455.76
860.68	7620.78
860.97	6200.08
861.26	6829.68
861.55	12266.75
861.85	7604.40
862.14	9369.16
862.43	9823.23
862.72	7948.46
863.01	5680.48
863.30	6850.75
863.59	7564.61
863.88	7258.00
864.17	7478.01
864.46	6417.75
864.75	14778.14
865.04	7861.86
865.33	5937.94
865.62	11154.99
865.91	6595.63
866.20	9053.19
866.49	6810.96
866.78	7080.12
867.07	6876.49
867.36	10270.27
867.65	10202.40
867.93	8903.40
868.22	7698.02
868.51	7105.87
868.80	7651.21
869.09	7208.85
869.38	6406.05
869.67	12692.73
869.96	12692.73
870.25	12692.73
