178.76	1849.02
179.14	1849.02
179.52	1849.02
179.90	1872.43
180.28	9888.76
180.66	9193.62
181.04	8898.72
181.42	6913.94
181.80	5956.66
182.18	10057.28
182.55	5568.13
182.93	6965.43
183.31	6693.93
183.69	7360.98
184.07	7721.43
184.45	6544.14
184.83	7070.76
185.21	6167.31
185.59	6480.94
185.97	15054.33
186.35	11143.29
186.72	6574.56
187.10	7026.29
187.48	10853.06
187.86	8489.12
188.24	6260.93
188.62	6017.52
189.00	10106.43
189.38	7403.11
189.75	7513.12
190.13	7592.70
190.51	5790.49
190.89	13902.78
191.27	19557.52
191.65	6806.28
192.03	7440.56
192.40	9572.79
192.78	7173.74
193.16	8203.58
193.54	11424.15
193.92	10054.94
194.30	6422.43
194.67	8872.97
195.05	7913.35
195.43	6916.28
195.81	6686.91
196.19	9968.34
196.56	7227.57
196.94	6916.28
197.32	10869.45
197.70	6321.79
198.08	7967.18
198.45	6466.90
198.83	7227.57
199.21	6429.45
199.59	11255.64
199.97	7702.70
200.34	5687.50
200.72	6186.04
201.10	12994.65
201.48	9444.06
201.85	6211.78
202.23	6609.67
202.61	6244.55
202.99	14733.67
203.36	6244.55
203.74	8430.61
204.12	7047.35
204.49	6363.92
204.87	8458.70
205.25	6710.32
205.63	5621.97
206.00	6253.91
206.38	7475.67
206.76	9057.87
207.14	6319.45
207.51	5678.14
207.89	10099.41
208.27	6090.07
208.64	5280.25
209.02	6373.28
209.40	6698.61
209.77	5495.58
210.15	12526.55
210.53	5638.35
210.90	10509.01
211.28	5954.32
211.66	11077.76
212.03	6335.83
212.41	5638.35
212.79	6848.41
213.16	5722.61
213.54	7220.55
213.92	7424.18
214.29	5483.88
214.67	6235.19
215.05	6686.91
215.42	8727.86
215.80	6555.84
216.17	6413.07
216.55	7421.84
216.93	5661.76
217.30	8306.56
217.68	6097.10
218.05	6574.56
218.43	6249.23
218.81	6539.46
219.18	10408.36
219.56	6424.77
219.93	6434.13
220.31	6356.90
220.69	5776.44
221.06	5987.09
221.44	7421.84
221.81	6031.56
222.19	5502.60
222.56	5820.91
222.94	6619.04
223.32	7302.47
223.69	6139.23
224.07	8397.84
224.44	9221.71
224.82	7300.13
225.19	8133.36
225.57	7321.20
225.94	6644.78
226.32	7122.25
226.69	11613.74
227.07	11454.58
227.44	6747.76
227.82	7737.81
228.19	6698.61
228.57	8374.44
228.94	11037.97
229.32	9217.03
229.69	8786.37
230.07	6853.09
230.44	6253.91
230.82	10544.11
231.19	9259.16
231.57	5771.76
231.94	6022.20
232.32	14345.14
232.69	7351.62
233.07	7398.43
233.44	6979.48
233.82	6949.05
234.19	7651.21
234.57	9879.40
234.94	6597.97
235.31	6750.10
235.69	7276.73
236.06	7585.68
236.44	8531.25
236.81	6244.55
237.19	8011.65
237.56	11536.50
237.93	6658.82
238.31	7744.83
238.68	7150.34
239.06	7812.71
239.43	8858.93
239.81	8170.81
240.18	6228.17
240.55	6609.67
240.93	12400.16
241.30	7866.54
241.67	7503.76
242.05	8634.24
242.42	9692.16
242.80	6267.95
243.17	7955.48
243.54	7920.37
243.92	9270.86
244.29	7375.03
244.66	7817.39
245.04	10064.30
245.41	15604.35
245.78	6377.96
246.16	7143.32
246.53	9078.94
246.90	7552.91
247.28	12905.71
247.65	7286.09
248.02	7342.26
248.40	10003.45
248.77	7751.85
249.14	8538.27
249.52	7342.26
249.89	8489.12
250.26	6642.44
250.64	7763.56
251.01	15019.22
251.38	6186.04
251.75	7770.58
252.13	6979.48
252.50	9121.07
252.87	13043.81
253.25	6394.34
253.62	7988.25
253.99	6057.31
254.36	9308.31
254.74	6883.52
255.11	6532.44
255.48	6017.52
255.85	13703.84
256.23	6008.16
256.60	5788.14
256.97	7274.38
257.34	8379.12
257.71	7878.24
258.09	7241.62
258.46	7815.05
258.83	11377.34
259.20	9874.72
259.58	7461.63
259.95	7667.60
260.32	9404.27
260.69	6251.57
261.06	11028.60
261.44	6785.21
261.81	12922.10
262.18	8098.25
262.55	6815.64
262.92	7576.31
263.29	7016.93
263.67	6270.30
264.04	6935.01
264.41	7164.38
264.78	7197.15
265.15	10424.75
265.52	12437.61
265.90	7831.43
266.27	7103.53
266.64	6399.02
267.01	6211.78
267.38	8716.16
267.75	6839.05
268.12	6001.13
268.50	7545.89
268.87	7016.93
269.24	6668.19
269.61	8454.02
269.98	9088.30
270.35	8606.15
270.72	7045.01
271.09	7763.56
271.46	7449.93
271.83	8795.73
272.21	9940.26
272.58	7260.34
272.95	7604.40
273.32	8519.55
273.69	8365.07
274.06	6974.80
274.43	7630.15
274.80	8315.92
275.17	9177.24
275.54	13626.60
275.91	8624.87
276.28	8667.00
276.65	9542.36
277.02	12369.73
277.39	8013.99
277.76	7960.16
278.13	9923.87
278.50	10207.08
278.87	11915.67
279.24	10782.85
279.61	10267.93
279.98	13006.36
280.35	8498.49
280.72	9474.49
281.09	9048.51
281.46	9394.91
281.83	8287.84
282.20	9905.15
282.57	8634.24
282.94	10331.12
283.31	8847.22
283.68	10174.31
284.05	8344.01
284.42	7983.57
284.79	9975.36
285.16	10787.53
285.53	9610.24
285.90	9963.66
286.27	16664.61
286.64	8163.79
287.01	8844.88
287.38	10986.47
287.75	57780.81
288.12	10689.23
288.49	18090.00
288.86	8627.21
289.23	8786.37
289.59	8725.52
289.96	8650.62
290.33	9060.21
290.70	9329.38
291.07	10892.85
291.44	10422.41
291.81	8648.28
292.18	9975.36
292.55	9160.86
292.91	14801.55
293.28	10918.60
293.65	13125.72
294.02	10237.50
294.39	8341.67
294.76	9603.22
295.13	9856.00
295.50	9481.51
295.86	9460.45
296.23	8980.64
296.60	8299.54
296.97	8968.93
297.34	9586.83
297.71	11169.04
298.07	9734.29
298.44	8042.08
298.81	10296.02
299.18	9799.82
299.55	12674.00
299.91	9427.68
300.28	11283.72
300.65	7784.62
301.02	9853.66
301.39	10293.68
301.75	15117.52
302.12	10296.02
302.49	9296.61
302.86	12456.33
303.23	9390.23
303.59	8037.40
303.96	18462.15
304.33	11475.65
304.70	16524.18
305.06	8620.19
305.43	12245.68
305.80	10146.22
306.17	10733.70
306.53	8493.80
306.90	11211.17
307.27	9149.15
307.64	12222.28
308.00	8496.14
308.37	8582.74
308.74	13294.24
309.11	10492.62
309.47	8318.26
309.84	7555.25
310.21	8903.40
310.57	9097.66
310.94	8641.26
311.31	9057.87
311.67	9359.80
312.04	7281.41
312.41	11229.89
312.77	9659.39
313.14	7934.42
313.51	8814.46
313.87	8140.38
314.24	7985.91
314.61	8107.62
314.97	8285.50
315.34	8645.94
315.71	7204.17
316.07	10422.41
316.44	7552.91
316.81	10071.33
317.17	7723.77
317.54	15999.90
317.91	7801.01
318.27	6857.77
318.64	8173.15
319.00	10001.11
319.37	7094.16
319.74	10253.89
320.10	10480.92
320.47	7791.64
320.83	11985.88
321.20	8219.96
321.57	7342.26
321.93	7695.68
322.30	8667.00
322.66	7356.30
323.03	9762.37
323.40	8985.32
323.76	7665.25
324.13	7742.49
324.49	6937.35
324.86	19014.51
325.22	8594.45
325.59	8215.28
325.95	9163.20
326.32	10455.17
326.68	10038.56
327.05	8100.59
327.42	7208.85
327.78	7742.49
328.15	10949.03
328.51	7683.98
328.88	8231.66
329.24	11850.13
329.61	8231.66
329.97	9446.40
330.34	7456.95
330.70	8226.98
331.07	11492.03
331.43	9551.73
331.80	13540.00
332.16	10761.78
332.52	7129.27
332.89	9235.75
333.25	6480.94
333.62	12805.07
333.98	8271.45
334.35	7204.17
334.71	8093.57
335.08	6822.66
335.44	12437.61
335.81	12245.68
336.17	10714.97
336.53	8056.12
336.90	6862.45
337.26	9034.47
337.63	13853.63
337.99	8519.55
338.36	6796.92
338.72	9462.79
339.08	8217.62
339.45	6576.91
339.81	10127.50
340.18	7492.05
340.54	10752.42
340.90	7194.81
341.27	7662.91
341.63	8819.14
341.99	6134.54
342.36	10593.26
342.72	6665.85
343.09	10813.28
343.45	6864.79
343.81	11007.54
344.18	6413.07
344.54	7548.23
344.90	8231.66
345.27	7740.15
345.63	7555.25
345.99	9355.12
346.36	7960.16
346.72	6509.03
347.08	6717.34
347.45	6129.86
347.81	10272.61
348.17	8030.38
348.54	6340.51
348.90	9380.87
349.26	9900.47
349.62	10754.76
349.99	6108.80
350.35	5966.03
350.71	8269.11
351.08	7686.32
351.44	5874.74
351.80	13355.10
352.16	11517.78
352.53	6724.36
352.89	8582.74
353.25	11014.56
353.61	7087.14
353.98	8961.91
354.34	10183.67
354.70	6937.35
355.06	6427.11
355.43	7683.98
355.79	7258.00
356.15	7030.97
356.51	6429.45
356.88	6572.22
357.24	7283.75
357.60	6017.52
357.96	5764.74
358.32	15639.46
358.69	5951.98
359.05	8170.81
359.41	7962.50
359.77	6857.77
360.13	6553.50
360.49	6548.82
360.86	8959.57
361.22	11276.70
361.58	8079.53
361.94	10932.64
362.30	6319.45
362.66	8559.34
363.03	5874.74
363.39	5628.99
363.75	6506.69
364.11	10155.58
364.47	6518.39
364.83	10710.29
365.19	7744.83
365.56	9167.88
365.92	5912.19
366.28	8919.78
366.64	10076.01
367.00	5984.75
367.36	6003.47
367.72	10054.94
368.08	10181.33
368.44	6986.50
368.80	8564.02
369.17	6878.83
369.53	7075.44
369.89	6548.82
370.25	6597.97
370.61	6843.73
370.97	10644.76
371.33	7040.33
371.69	12526.55
372.05	8566.36
372.41	6265.61
372.77	6967.77
373.13	7927.39
373.49	5647.71
373.85	8414.23
374.21	7824.41
374.57	6218.80
374.93	8851.91
375.29	9088.30
375.65	7854.84
376.01	7662.91
376.37	10141.54
376.73	8674.03
377.09	6300.72
377.45	9874.72
377.81	7321.20
378.17	6462.22
378.53	5856.02
378.89	8629.56
379.25	11136.27
379.61	13877.04
379.97	9561.09
380.33	6834.36
380.69	6544.14
381.05	6221.14
381.41	9270.86
381.77	7609.08
382.13	8943.19
382.49	14579.20
382.85	7770.58
383.21	9083.62
383.57	5767.08
383.93	10590.92
384.28	5643.03
384.64	6813.30
385.00	7796.32
385.36	7534.18
385.72	8975.95
386.08	6403.71
386.44	9053.19
386.80	8973.61
387.16	11669.91
387.52	9554.07
387.87	13610.22
388.23	8217.62
388.59	6684.57
388.95	5902.83
389.31	7040.33
389.67	7035.65
390.03	6679.89
390.38	6846.07
390.74	5668.78
391.10	9467.47
391.46	8013.99
391.82	6459.88
392.18	8498.49
392.54	5556.43
392.89	6186.04
393.25	8737.22
393.61	6218.80
393.97	5902.83
394.33	8205.92
394.68	7368.01
395.04	6083.05
395.40	7571.63
395.76	9418.32
396.12	7892.29
396.47	6139.23
396.83	7452.27
397.19	6071.35
397.55	6251.57
397.90	7688.66
398.26	7648.87
398.62	6106.46
398.98	5434.72
399.33	7049.69
399.69	23889.85
400.05	8367.42
400.41	6345.19
400.76	8861.27
401.12	10146.22
401.48	7999.95
401.84	6347.53
402.19	6848.41
402.55	7939.10
402.91	7302.47
403.26	5776.44
403.62	8503.17
403.98	7335.24
404.34	5301.31
404.69	7342.26
405.05	9097.66
405.41	13521.27
405.76	6375.62
406.12	6401.37
406.48	7084.80
406.83	6417.75
407.19	8549.98
407.55	8142.72
407.90	13715.54
408.26	8617.85
408.62	9277.88
408.97	7304.81
409.33	5795.17
409.68	6148.59
410.04	7733.13
410.40	6466.90
410.75	8194.22
411.11	6232.85
411.47	7658.23
411.82	7037.99
412.18	7508.44
412.53	6864.79
412.89	6441.15
413.25	7258.00
413.60	7461.63
413.96	5554.09
414.31	6551.16
414.67	7534.18
415.03	5633.67
415.38	5975.39
415.74	6710.32
416.09	6754.79
416.45	8542.96
416.80	6263.27
417.16	8564.02
417.51	6820.32
417.87	6600.31
418.23	7616.10
418.58	8152.09
418.94	5172.58
419.29	6342.85
419.65	7683.98
420.00	8795.73
420.36	7995.27
420.71	8074.85
421.07	5832.62
421.42	7087.14
421.78	8959.57
422.13	6981.82
422.49	6932.67
422.84	7496.74
423.20	5455.79
423.55	5853.68
423.91	5823.25
424.26	13645.32
424.61	8234.00
424.97	11225.21
425.32	6078.37
425.68	6630.74
426.03	7583.34
426.39	10232.82
426.74	9790.46
427.10	9205.33
427.45	6321.79
427.80	7529.50
428.16	6981.82
428.51	6881.18
428.87	7693.34
429.22	9317.67
429.58	10305.38
429.93	9694.50
430.28	6148.59
430.64	6183.70
430.99	5385.57
431.35	7559.93
431.70	6539.46
432.05	6703.29
432.41	8093.57
432.76	7688.66
433.11	7840.79
433.47	7616.10
433.82	10225.80
434.17	7957.82
434.53	8760.63
434.88	13322.33
435.24	7686.32
435.59	7300.13
435.94	5727.29
436.30	8182.51
436.65	6644.78
437.00	9490.87
437.35	15461.58
437.71	6684.57
438.06	6700.95
438.41	6300.72
438.77	8046.76
439.12	5364.51
439.47	5057.90
439.83	7639.51
440.18	5282.59
440.53	6502.01
440.88	11625.44
441.24	8203.58
441.59	5834.96
441.94	6326.47
442.30	8060.80
442.65	11861.84
443.00	6986.50
443.35	10076.01
443.71	6511.37
444.06	9205.33
444.41	7801.01
444.76	10712.63
445.11	7075.44
445.47	9909.83
445.82	8765.31
446.17	5820.91
446.52	10277.29
446.88	7035.65
447.23	5158.54
447.58	7524.82
447.93	5916.87
448.28	27407.67
448.63	10724.33
448.99	6789.89
449.34	8065.49
449.69	8559.34
450.04	6113.48
450.39	6057.31
450.74	6785.21
451.10	6656.48
451.45	7384.39
451.80	7548.23
452.15	9579.81
452.50	7887.61
452.85	9565.77
453.21	8711.47
453.56	7510.78
453.91	6649.46
454.26	6984.16
454.61	5734.31
454.96	7934.42
455.31	6471.58
455.66	6129.86
456.01	7683.98
456.36	6300.72
456.72	5916.87
457.07	7445.24
457.42	9694.50
457.77	8781.69
458.12	5746.02
458.47	7084.80
458.82	9392.57
459.17	6895.22
459.52	7066.08
459.87	33151.35
460.22	5916.87
460.57	6991.18
460.92	6118.16
461.27	7971.86
461.62	6448.18
461.97	5839.64
462.32	11407.77
462.67	10078.35
463.02	12901.03
463.38	12769.96
463.73	8613.17
464.08	12554.63
464.43	7316.51
464.78	5483.88
465.12	7889.95
465.47	8212.94
465.82	28121.54
466.17	6338.17
466.52	8332.31
466.87	6160.29
467.22	5760.06
467.57	5195.99
467.92	7468.65
468.27	10328.78
468.62	13834.91
468.97	6691.59
469.32	5357.49
469.67	14548.77
470.02	13343.39
470.37	6113.48
470.72	7241.62
471.07	5259.18
471.42	6382.64
471.76	6612.01
472.11	6504.35
472.46	8234.00
472.81	14075.98
473.16	6520.73
473.51	6031.56
473.86	5228.76
474.21	6478.60
474.56	6221.14
474.90	6076.03
475.25	9308.31
475.60	8383.80
475.95	5900.49
476.30	10583.90
476.65	9626.62
477.00	14036.19
477.34	10565.18
477.69	5455.79
478.04	8884.67
478.39	7150.34
478.74	5746.02
479.09	5125.77
479.43	19880.51
479.78	5226.42
480.13	11908.65
480.48	9628.96
480.83	7012.24
481.17	5200.67
481.52	7473.33
481.87	6513.71
482.22	11117.54
482.57	6242.21
482.91	8762.97
483.26	7632.49
483.61	6459.88
483.96	7166.72
484.30	59491.74
484.65	5947.30
485.00	5628.99
485.35	6485.62
485.69	5710.91
486.04	6394.34
486.39	7379.71
486.74	7206.51
487.08	5186.63
487.43	7552.91
487.78	4978.32
488.12	7782.28
488.47	5888.79
488.82	9837.27
489.17	5565.79
489.51	5078.96
489.86	7651.21
490.21	5090.67
490.55	7456.95
490.90	5144.50
491.25	6193.06
491.59	5502.60
491.94	11866.52
492.29	6029.22
492.63	6736.06
492.98	4699.80
493.33	6984.16
493.67	6132.20
494.02	5203.01
494.37	5416.00
494.71	7866.54
495.06	6008.16
495.40	9907.49
495.75	5870.06
496.10	9628.96
496.44	7679.30
496.79	7896.97
497.13	5680.48
497.48	13310.63
497.83	9624.28
498.17	8006.97
498.52	6071.35
498.86	8182.51
499.21	7171.40
499.56	5647.71
499.90	6214.12
500.25	5186.63
500.59	6654.14
500.94	7314.17
501.28	8142.72
501.63	9095.32
501.97	6242.21
502.32	5654.73
502.67	7407.80
503.01	5153.86
503.36	6132.20
503.70	6066.67
504.05	8006.97
504.39	8582.74
504.74	6431.79
505.08	10071.33
505.43	4734.90
505.77	5305.99
506.12	7068.42
506.46	6181.35
506.81	5664.10
507.15	5640.69
507.49	6090.07
507.84	5544.73
508.18	7328.22
508.53	6860.11
508.87	6745.42
509.22	6319.45
509.56	65535.00
509.91	18317.03
510.25	6726.70
510.60	4887.04
510.94	9963.66
511.28	4868.31
511.63	8926.80
511.97	7456.95
512.32	8503.17
512.66	5568.13
513.00	6649.46
513.35	8973.61
513.69	5659.42
514.04	7712.07
514.38	8121.66
514.72	7159.70
515.07	5593.88
515.41	5476.85
515.76	5607.92
516.10	7368.01
516.44	8383.80
516.79	6015.18
517.13	5188.97
517.47	8681.05
517.82	7094.16
518.16	7634.83
518.50	6960.75
518.85	7037.99
519.19	9490.87
519.53	12287.81
519.88	8697.43
520.22	6394.34
520.56	6604.99
520.91	5181.95
521.25	5364.51
521.59	6588.61
521.93	7482.69
522.28	6347.53
522.62	6553.50
522.96	8657.64
523.31	6399.02
523.65	7581.00
523.99	8039.74
524.33	10857.75
524.68	7686.32
525.02	5294.29
525.36	7321.20
525.70	5041.51
526.05	5753.04
526.39	5385.57
526.73	7882.92
527.07	6874.15
527.41	9891.10
527.76	5762.40
528.10	6499.67
528.44	7281.41
528.78	6518.39
529.12	8023.36
529.47	6146.25
529.81	8681.05
530.15	8739.56
530.49	7702.70
530.83	4837.89
531.18	5397.28
531.52	6377.96
531.86	5195.99
532.20	6773.51
532.54	8997.02
532.88	4826.18
533.22	6345.19
533.57	5722.61
533.91	9980.04
534.25	5380.89
534.59	10218.78
534.93	8234.00
535.27	5605.58
535.61	6377.96
535.95	10167.29
536.30	7999.95
536.64	6637.76
536.98	4615.54
537.32	6115.82
537.66	4884.70
538.00	7751.85
538.34	7805.69
538.68	7660.57
539.02	10651.78
539.36	5921.56
539.70	5085.98
540.04	7171.40
540.39	18310.01
540.73	5636.01
541.07	6712.66
541.41	7365.67
541.75	7258.00
542.09	9479.17
542.43	7627.81
542.77	6780.53
543.11	7232.26
543.45	7047.35
543.79	8912.76
544.13	6253.91
544.47	6218.80
544.81	6885.86
545.15	7925.05
545.49	6377.96
545.83	5483.88
546.17	6354.55
546.51	4667.03
546.85	5860.70
547.19	10394.32
547.53	5163.22
547.87	8088.89
548.21	11131.59
548.54	6930.33
548.88	5844.32
549.22	5542.39
549.56	5203.01
549.90	5788.14
550.24	6602.65
550.58	5685.16
550.92	9205.33
551.26	6094.76
551.60	10108.77
551.94	6054.97
552.28	6186.04
552.61	7908.67
552.95	7763.56
553.29	5879.43
553.63	6881.18
553.97	10640.08
554.31	8879.99
554.65	9678.12
554.99	9720.24
555.32	6153.27
555.66	7714.41
556.00	4919.81
556.34	6384.98
556.68	7005.22
557.02	8901.06
557.36	7033.31
557.69	6628.40
558.03	5905.17
558.37	11789.28
558.71	13500.21
559.05	9893.44
559.38	10913.92
559.72	5575.16
560.06	8325.29
560.40	7796.32
560.74	9226.39
561.07	7709.72
561.41	8449.33
561.75	7459.29
562.09	9282.56
562.42	8617.85
562.76	8056.12
563.10	7213.53
563.44	22492.55
563.77	7405.46
564.11	7864.20
564.45	9474.49
564.79	7667.60
565.12	6918.62
565.46	7276.73
565.80	7445.24
566.14	7389.07
566.47	8821.48
566.81	5596.22
567.15	7159.70
567.48	7665.25
567.82	7763.56
568.16	6920.96
568.49	5781.12
568.83	5364.51
569.17	6740.74
569.50	7576.31
569.84	10141.54
570.18	7658.23
570.51	10619.01
570.85	6799.26
571.19	6363.92
571.52	5802.19
571.86	8844.88
572.20	6162.63
572.53	10375.59
572.87	5954.32
573.21	5598.56
573.54	5467.49
573.88	7538.87
574.21	6935.01
574.55	6757.13
574.89	6298.38
575.22	8554.66
575.56	6045.60
575.89	6019.86
576.23	6899.90
576.57	7817.39
576.90	5987.09
577.24	7227.57
577.57	5610.26
577.91	7463.97
578.24	5338.76
578.58	6670.53
578.91	8245.71
579.25	5830.27
579.59	7047.35
579.92	6785.21
580.26	5631.33
580.59	7667.60
580.93	7602.06
581.26	6272.64
581.60	7644.19
581.93	8102.93
582.27	10473.90
582.60	5657.07
582.94	7117.57
583.27	5650.05
583.61	6492.65
583.94	7297.79
584.28	5334.08
584.61	6415.41
584.94	8004.63
585.28	7709.72
585.61	8856.59
585.95	8112.30
586.28	11073.07
586.62	12571.02
586.95	6862.45
587.29	11639.48
587.62	9652.37
587.95	5565.79
588.29	7222.89
588.62	8133.36
588.96	9013.40
589.29	6401.37
589.62	6211.78
589.96	6782.87
590.29	6277.32
590.63	5523.66
590.96	8552.32
591.29	8692.75
591.63	9493.21
591.96	5753.04
592.29	6504.35
592.63	6179.01
592.96	7461.63
593.30	11129.25
593.63	7602.06
593.96	5884.11
594.30	6457.54
594.63	7599.72
594.96	12072.48
595.30	6897.56
595.63	6548.82
595.96	6136.88
596.29	7733.13
596.63	6534.78
596.96	8519.55
597.29	7854.84
597.63	5270.89
597.96	9650.03
598.29	9317.67
598.63	9111.71
598.96	5994.11
599.29	6228.17
599.62	9043.83
599.96	6312.42
600.29	6691.59
600.62	6022.20
600.95	6406.05
601.29	6700.95
601.62	7454.61
601.95	6876.49
602.28	6134.54
602.61	44566.14
602.95	7405.46
603.28	11386.71
603.61	6221.14
603.94	9144.47
604.27	5811.55
604.61	8278.47
604.94	7838.45
605.27	7597.38
605.60	5738.99
605.93	6356.90
606.27	8835.52
606.60	5984.75
606.93	5430.04
607.26	10693.91
607.59	6963.09
607.92	9399.59
608.26	6471.58
608.59	6265.61
608.92	6724.36
609.25	5734.31
609.58	7655.89
609.91	8166.13
610.24	12795.71
610.57	7932.08
610.90	9432.36
611.24	5275.57
611.57	5493.24
611.90	8655.30
612.23	7047.35
612.56	8800.41
612.89	8500.83
613.22	8388.48
613.55	5289.61
613.88	9006.38
614.21	5853.68
614.54	7627.81
614.87	5886.45
615.20	5011.09
615.53	9617.26
615.87	6223.48
616.20	7199.49
616.53	9600.88
616.86	6888.20
617.19	7894.63
617.52	6094.76
617.85	6438.81
618.18	6033.90
618.51	6600.31
618.84	8273.79
619.17	6752.45
619.50	10298.36
619.83	10312.40
620.16	8442.31
620.49	6305.40
620.82	13371.48
621.14	10216.44
621.47	7480.35
621.80	9245.12
622.13	7297.79
622.46	14045.55
622.79	8517.21
623.12	5657.07
623.45	9034.47
623.78	8149.75
624.11	5834.96
624.44	7452.27
624.77	6008.16
625.10	5947.30
625.43	5706.23
625.75	7295.45
626.08	6012.84
626.41	5799.85
626.74	10169.63
627.07	6581.59
627.40	11541.18
627.73	6392.00
628.06	5865.38
628.38	4865.97
628.71	8517.21
629.04	9488.53
629.37	9123.41
629.70	7330.56
630.03	5888.79
630.36	9535.34
630.68	8585.08
631.01	6244.55
631.34	10525.39
631.67	6312.42
632.00	5280.25
632.32	8737.22
632.65	9650.03
632.98	7459.29
633.31	7080.12
633.64	8812.12
633.96	5844.32
634.29	10420.06
634.62	7190.13
634.95	7468.65
635.27	7459.29
635.60	8578.06
635.93	7735.47
636.26	7669.94
636.58	6413.07
636.91	6342.85
637.24	6148.59
637.57	7164.38
637.89	8044.42
638.22	6349.87
638.55	7260.34
638.87	7573.97
639.20	8428.27
639.53	8166.13
639.86	6289.02
640.18	5771.76
640.51	7267.36
640.84	7646.53
641.16	5643.03
641.49	7789.30
641.82	5607.92
642.14	5895.81
642.47	13327.01
642.80	6740.74
643.12	9050.85
643.45	6757.13
643.78	7143.32
644.10	6164.97
644.43	6963.09
644.75	9745.99
645.08	5359.83
645.41	7936.76
645.73	5734.31
646.06	14455.15
646.39	8840.20
646.71	6230.51
647.04	5996.45
647.36	5069.60
647.69	8212.94
648.01	7267.36
648.34	5963.68
648.67	9380.87
648.99	9994.09
649.32	6153.27
649.64	5296.63
649.97	5067.26
650.29	5535.37
650.62	13621.92
650.94	7070.76
651.27	10373.25
651.59	6864.79
651.92	5685.16
652.25	10085.37
652.57	5760.06
652.90	5764.74
653.22	7646.53
653.55	7337.58
653.87	5076.62
654.20	7159.70
654.52	10424.75
654.84	6764.15
655.17	7925.05
655.49	10604.97
655.82	6431.79
656.14	7400.77
656.47	10420.06
656.79	11052.01
657.12	6417.75
657.44	6321.79
657.77	8655.30
658.09	7258.00
658.41	6759.47
658.74	8070.17
659.06	5535.37
659.39	6684.57
659.71	6274.98
660.03	6860.11
660.36	6429.45
660.68	9603.22
661.01	12430.59
661.33	9898.13
661.65	6169.65
661.98	13130.41
662.30	13172.54
662.63	7040.33
662.95	6523.07
663.27	6059.65
663.60	5500.26
663.92	6663.51
664.24	6555.84
664.57	5561.11
664.89	6115.82
665.21	6118.16
665.54	9128.09
665.86	7290.77
666.18	7370.35
666.51	9579.81
666.83	6225.82
667.15	13965.98
667.47	9245.12
667.80	7992.93
668.12	5909.85
668.44	7150.34
668.77	8355.71
669.09	9549.39
669.41	8351.03
669.73	5188.97
670.06	6834.36
670.38	6403.71
670.70	5268.55
671.02	7960.16
671.35	6434.13
671.67	9921.53
671.99	6616.69
672.31	9572.79
672.63	7454.61
672.96	10501.98
673.28	6258.59
673.60	7218.21
673.92	7119.91
674.24	5802.19
674.57	5874.74
674.89	9469.81
675.21	6466.90
675.53	8725.52
675.85	9577.47
676.17	9540.02
676.50	5612.60
676.82	9338.74
677.14	7089.48
677.46	13614.90
677.78	5277.91
678.10	9034.47
678.42	6796.92
678.75	6125.18
679.07	5624.31
679.39	6988.84
679.71	6157.95
680.03	6228.17
680.35	6087.73
680.67	6141.57
680.99	5926.24
681.31	5561.11
681.63	7740.15
681.96	9364.48
682.28	6237.53
682.60	6906.92
682.92	8058.46
683.24	5687.50
683.56	8011.65
683.88	6017.52
684.20	6347.53
684.52	6127.52
684.84	6179.01
685.16	6665.85
685.48	8360.39
685.80	7421.84
686.12	8084.21
686.44	11232.23
686.76	6729.04
687.08	5146.84
687.40	5631.33
687.72	8851.91
688.04	5832.62
688.36	13425.31
688.68	10349.85
689.00	7695.68
689.32	6328.81
689.64	6143.91
689.96	6672.87
690.28	9057.87
690.60	9467.47
690.92	5947.30
691.24	7805.69
691.56	6253.91
691.88	6651.80
692.19	5741.33
692.51	8854.25
692.83	7691.00
693.15	8498.49
693.47	7606.74
693.79	7304.81
694.11	9165.54
694.43	8425.93
694.75	6628.40
695.06	7119.91
695.38	9584.49
695.70	6911.60
696.02	6864.79
696.34	6181.35
696.66	6174.33
696.98	4994.70
697.29	6579.25
697.61	10487.94
697.93	9303.63
698.25	37242.60
698.57	7854.84
698.89	5247.48
699.20	6597.97
699.52	10471.56
699.84	4964.28
700.16	6597.97
700.48	9802.16
700.79	5668.78
701.11	11089.46
701.43	8760.63
701.75	6319.45
702.07	6410.73
702.38	10874.13
702.70	5926.24
703.02	5846.66
703.34	8236.35
703.65	7129.27
703.97	6651.80
704.29	5025.13
704.61	5584.52
704.92	8519.55
705.24	6399.02
705.56	8940.85
705.87	9324.69
706.19	6792.23
706.51	6401.37
706.82	9507.26
707.14	5610.26
707.46	5109.39
707.78	5650.05
708.09	7733.13
708.41	8964.25
708.73	7337.58
709.04	9502.58
709.36	6300.72
709.68	6846.07
709.99	12198.87
710.31	9689.82
710.62	6925.65
710.94	6284.34
711.26	7529.50
711.57	6349.87
711.89	5465.15
712.21	14427.06
712.52	6878.83
712.84	9888.76
713.15	7323.54
713.47	8580.40
713.79	5259.18
714.10	5987.09
714.42	6434.13
714.73	10122.82
715.05	5242.80
715.36	5561.11
715.68	5738.99
715.99	6274.98
716.31	9153.84
716.63	7974.21
716.94	8793.39
717.26	18361.50
717.57	8844.88
717.89	10775.83
718.20	5935.60
718.52	8882.33
718.83	6644.78
719.15	13537.66
719.46	13095.30
719.78	7215.87
720.09	6815.64
720.41	5720.27
720.72	5390.25
721.04	5687.50
721.35	6717.34
721.67	6597.97
721.98	6279.66
722.29	6197.74
722.61	5963.68
722.92	4877.68
723.24	6436.47
723.55	7185.44
723.87	7258.00
724.18	8301.88
724.50	5544.73
724.81	6693.93
725.12	6825.00
725.44	7735.47
725.75	7166.72
726.07	9907.49
726.38	7726.11
726.69	6349.87
727.01	8259.75
727.32	8365.07
727.63	6209.44
727.95	10024.51
728.26	6186.04
728.58	8334.65
728.89	6057.31
729.20	6794.58
729.52	5809.21
729.83	12765.28
730.14	8030.38
730.46	7103.53
730.77	9268.52
731.08	8098.25
731.39	6427.11
731.71	6909.26
732.02	8777.01
732.33	6658.82
732.65	6317.11
732.96	10054.94
733.27	8840.20
733.59	13383.18
733.90	9195.96
734.21	5593.88
734.52	6050.28
734.84	15697.97
735.15	6263.27
735.46	6565.20
735.77	7157.36
736.09	6686.91
736.40	10284.31
736.71	8741.90
737.02	5291.95
737.33	6272.64
737.65	6541.80
737.96	6923.30
738.27	7424.18
738.58	12575.70
738.89	8208.26
739.21	6136.88
739.52	5097.69
739.83	8142.72
740.14	5919.21
740.45	6890.54
740.76	6150.93
741.08	5575.16
741.39	6736.06
741.70	6195.40
742.01	7243.96
742.32	9448.74
742.63	7311.83
742.94	5767.08
743.26	8159.11
743.57	7630.15
743.88	8690.41
744.19	7412.48
744.50	6574.56
744.81	11707.36
745.12	6658.82
745.43	6803.94
745.74	14239.82
746.05	10520.71
746.36	4975.98
746.67	11405.43
746.99	6530.09
747.30	7899.31
747.61	6127.52
747.92	7456.95
748.23	9500.23
748.54	6623.72
748.85	6637.76
749.16	7063.74
749.47	5912.19
749.78	6258.59
750.09	6473.92
750.40	7557.59
750.71	7143.32
751.02	8060.80
751.33	6703.29
751.64	7672.28
751.95	6860.11
752.26	8245.71
752.57	8301.88
752.88	6466.90
753.19	6881.18
753.50	10757.10
753.81	6684.57
754.11	7077.78
754.42	15789.25
754.73	7492.05
755.04	7398.43
755.35	7314.17
755.66	12879.97
755.97	5504.94
756.28	5600.90
756.59	8255.07
756.90	16049.05
757.21	7691.00
757.52	10342.83
757.82	7740.15
758.13	6160.29
758.44	9116.39
758.75	8168.47
759.06	6127.52
759.37	5701.54
759.68	7576.31
759.98	6202.42
760.29	8205.92
760.60	7522.48
760.91	5778.78
761.22	6738.40
761.53	7227.57
761.83	5926.24
762.14	6913.94
762.45	6195.40
762.76	5504.94
763.07	7791.64
763.37	14953.68
763.68	10569.86
763.99	12212.92
764.30	11021.58
764.60	6204.76
764.91	9378.53
765.22	7304.81
765.53	12535.91
765.84	7524.82
766.14	6623.72
766.45	5181.95
766.76	10319.42
767.06	11194.78
767.37	6670.53
767.68	7054.37
767.99	6469.24
768.29	6111.14
768.60	6890.54
768.91	9614.92
769.21	12297.17
769.52	10253.89
769.83	6782.87
770.13	6897.56
770.44	6546.48
770.75	8365.07
771.05	7042.67
771.36	8374.44
771.67	7283.75
771.97	6499.67
772.28	6679.89
772.59	7155.02
772.89	8898.72
773.20	6092.41
773.51	6092.41
773.81	10897.53
774.12	5806.87
774.42	6839.05
774.73	5734.31
775.04	6001.13
775.34	20079.46
775.65	7922.71
775.95	11768.21
776.26	8791.05
776.56	6448.18
776.87	8042.08
777.18	65535.00
777.48	16011.60
777.79	7403.11
778.09	10303.04
778.40	6616.69
778.70	6537.12
779.01	10132.18
779.31	7096.50
779.62	6492.65
779.92	8519.55
780.23	8236.35
780.53	5483.88
780.84	6822.66
781.14	6253.91
781.45	6223.48
781.75	9427.68
782.06	5673.46
782.36	7588.02
782.67	5806.87
782.97	6033.90
783.28	12346.33
783.58	6462.22
783.89	6431.79
784.19	8161.45
784.49	11866.52
784.80	6839.05
785.10	12131.00
785.41	5867.72
785.71	8355.71
786.02	8065.49
786.32	13504.89
786.62	8791.05
786.93	11052.01
787.23	6431.79
787.54	6839.05
787.84	12924.44
788.14	7988.25
788.45	8318.26
788.75	9841.95
789.05	5757.72
789.36	6815.64
789.66	12982.95
789.96	8528.91
790.27	7136.29
790.57	7609.08
790.87	5900.49
791.18	6820.32
791.48	6008.16
791.78	8109.96
792.09	8116.98
792.39	6078.37
792.69	9118.73
793.00	7948.46
793.30	8489.12
793.60	5816.23
793.90	5212.37
794.21	7974.21
794.51	15805.64
794.81	9989.41
795.11	7117.57
795.42	6211.78
795.72	10588.58
796.02	8648.28
796.32	8030.38
796.63	8184.85
796.93	9558.75
797.23	8671.68
797.53	7873.56
797.84	6090.07
798.14	6040.92
798.44	7763.56
798.74	8170.81
799.04	7674.62
799.34	5570.48
799.65	15019.22
799.95	7393.75
800.25	6665.85
800.55	6539.46
800.85	7585.68
801.15	6059.65
801.46	7063.74
801.76	16306.51
802.06	6380.30
802.36	7810.37
802.66	6438.81
802.96	8734.88
803.26	10270.27
803.56	12343.99
803.87	15164.33
804.17	6796.92
804.47	9032.13
804.77	9729.61
805.07	9961.32
805.37	9025.11
805.67	8479.76
805.97	6497.33
806.27	6897.56
806.57	6518.39
806.87	11021.58
807.17	7503.76
807.47	10586.24
807.77	10317.08
808.07	6462.22
808.37	10913.92
808.67	7353.96
808.98	14581.54
809.28	6686.91
809.58	14855.38
809.88	9802.16
810.18	13678.09
810.47	6829.68
810.77	5834.96
811.07	8856.59
811.37	8021.02
811.67	5900.49
811.97	5172.58
812.27	5820.91
812.57	5245.14
812.87	6342.85
813.17	6139.23
813.47	6029.22
813.77	6600.31
814.07	6251.57
814.37	9305.97
814.67	6136.88
814.97	6995.86
815.27	5951.98
815.56	8102.93
815.86	10539.43
816.16	7676.96
816.46	5755.38
816.76	6253.91
817.06	9689.82
817.36	12891.67
817.66	7304.81
817.95	5767.08
818.25	7763.56
818.55	9603.22
818.85	8755.94
819.15	6490.31
819.45	12201.21
819.75	7005.22
820.04	7227.57
820.34	14611.96
820.64	9139.79
820.94	11733.11
821.24	6897.56
821.53	7112.89
821.83	6239.87
822.13	5881.77
822.43	6775.85
822.72	5462.81
823.02	6104.12
823.32	5902.83
823.62	8053.78
823.91	13738.94
824.21	5673.46
824.51	7875.90
824.81	6590.95
825.10	5493.24
825.40	8725.52
825.70	7145.66
826.00	11812.68
826.29	6293.70
826.59	7939.10
826.89	6682.23
827.18	7360.98
827.48	6282.00
827.78	5928.58
828.07	7169.06
828.37	9273.20
828.67	7777.60
828.96	7098.84
829.26	6134.54
829.56	9755.35
829.85	6188.38
830.15	7719.09
830.45	5483.88
830.74	11307.13
831.04	8868.29
831.34	9650.03
831.63	12755.92
831.93	9193.62
832.22	8781.69
832.52	7108.21
832.82	5654.73
833.11	5570.48
833.41	5937.94
833.70	6377.96
834.00	9701.52
834.29	7449.93
834.59	5408.98
834.89	8348.69
835.18	6476.26
835.48	11934.39
835.77	8514.87
836.07	8664.66
836.36	8369.76
836.66	9591.52
836.95	6913.94
837.25	6164.97
837.54	8215.28
837.84	6574.56
838.13	7461.63
838.43	5926.24
838.72	12933.80
839.02	9937.91
839.31	5947.30
839.61	9813.87
839.90	5488.56
840.20	7255.66
840.49	5795.17
840.78	7815.05
841.08	8564.02
841.37	6494.99
841.67	5657.07
841.96	8278.47
842.26	7508.44
842.55	5523.66
842.84	5987.09
843.14	9308.31
843.43	5507.28
843.73	7009.90
844.02	5413.66
844.31	6651.80
844.61	6363.92
844.90	7889.95
845.20	7288.43
845.49	5062.58
845.78	6431.79
846.08	5781.12
846.37	4798.10
846.66	7995.27
846.96	8201.24
847.25	7730.79
847.54	5425.36
847.84	6005.81
848.13	6832.02
848.42	9135.11
848.72	6136.88
849.01	8557.00
849.30	6080.71
849.59	5870.06
849.89	6085.39
850.18	11187.76
850.47	5685.16
850.76	14824.95
851.06	13437.02
851.35	7983.57
851.64	9074.26
851.93	7529.50
852.23	16828.45
852.52	6715.00
852.81	6366.26
853.10	6864.79
853.40	5231.10
853.69	5261.52
853.98	6860.11
854.27	9116.39
854.56	6396.68
854.86	8191.88
855.15	7295.45
855.44	7672.28
855.73	5252.16
856.02	6223.48
856.31	8784.03
856.61	7627.81
856.90	6356.90
857.19	5549.41
857.48	5280.25
857.77	5689.84
858.06	4798.10
858.35	5357.49
858.65	10429.43
858.94	8718.50
859.23	6656.48
859.52	8645.94
859.81	10885.83
860.10	6078.37
860.39	8451.67
860.68	7126.93
860.97	5720.27
861.26	5893.47
861.55	11101.16
861.85	7157.36
862.14	8484.44
862.43	9050.85
862.72	8664.66
863.01	5472.17
863.30	6352.21
863.59	6729.04
863.88	6689.25
864.17	6604.99
864.46	5458.13
864.75	13312.97
865.04	7222.89
865.33	5753.04
865.62	10045.58
865.91	6186.04
866.20	8086.55
866.49	6310.08
866.78	6572.22
867.07	6242.21
867.36	9202.99
867.65	9193.62
867.93	8245.71
868.22	7000.54
868.51	6530.09
868.80	7136.29
869.09	6686.91
869.38	5865.38
869.67	11609.06
869.96	11609.06
870.25	11609.06
