178.76	1652.42
179.14	1652.42
179.52	1652.42
179.90	1565.82
180.28	11667.57
180.66	10377.94
181.04	10244.52
181.42	7777.60
181.80	6480.94
182.18	11564.59
182.55	5987.09
182.93	7768.24
183.31	7438.22
183.69	8259.75
184.07	8713.81
184.45	7157.36
184.83	7639.51
185.21	6965.43
185.59	7094.16
185.97	17380.82
186.35	12606.13
186.72	7323.54
187.10	7557.59
187.48	12208.23
187.86	9540.02
188.24	6979.48
188.62	6406.05
189.00	11587.99
189.38	8250.39
189.75	8320.60
190.13	8299.54
190.51	6509.03
190.89	16215.23
191.27	22101.68
191.65	7269.70
192.03	8093.57
192.40	10824.98
192.78	7875.90
193.16	9334.06
193.54	12774.64
193.92	11459.26
194.30	7037.99
194.67	9912.17
195.05	8816.80
195.43	7634.83
195.81	7253.32
196.19	11262.66
196.56	8215.28
196.94	7611.42
197.32	12315.90
197.70	6867.13
198.08	9097.66
198.45	7040.33
198.83	7903.99
199.21	6932.67
199.59	12938.48
199.97	8542.96
200.34	6073.69
200.72	6869.47
201.10	14853.04
201.48	10586.24
201.85	6642.44
202.23	7133.95
202.61	6895.22
202.99	17226.34
203.36	6764.15
203.74	9408.95
204.12	7960.16
204.49	6829.68
204.87	9186.60
205.25	7569.29
205.63	5980.07
206.00	6574.56
206.38	8205.92
206.76	10164.95
207.14	6895.22
207.51	6113.48
207.89	11227.55
208.27	6520.73
208.64	5720.27
209.02	6913.94
209.40	7445.24
209.77	5881.77
210.15	17001.65
210.53	6129.86
210.90	11880.56
211.28	6382.64
211.66	12589.74
212.03	6860.11
212.41	6019.86
212.79	7435.88
213.16	6263.27
213.54	8177.83
213.92	8210.60
214.29	5806.87
214.67	6724.36
215.05	7136.29
215.42	9713.22
215.80	7056.72
216.17	6972.46
216.55	8306.56
216.93	5928.58
217.30	9469.81
217.68	6604.99
218.05	7227.57
218.43	6813.30
218.81	7103.53
219.18	11833.75
219.56	7045.01
219.93	6911.60
220.31	6867.13
220.69	6061.99
221.06	6373.28
221.44	8140.38
221.81	6438.81
222.19	5926.24
222.56	6244.55
222.94	7232.26
223.32	7967.18
223.69	6642.44
224.07	9350.44
224.44	10324.10
224.82	7971.86
225.19	8844.88
225.57	7826.75
225.94	7007.56
226.32	7611.42
226.69	12919.76
227.07	8987.66
227.44	7023.95
227.82	8294.86
228.19	7337.58
228.57	9191.28
228.94	12416.54
229.32	10099.41
229.69	9336.40
230.07	7012.24
230.44	6399.02
230.82	11625.44
231.19	9989.41
231.57	5750.70
231.94	6045.60
232.32	16084.16
232.69	7616.10
233.07	7988.25
233.44	7098.84
233.82	7176.08
234.19	7866.54
234.57	10621.35
234.94	6658.82
235.31	6972.46
235.69	7555.25
236.06	7838.45
236.44	9160.86
236.81	6167.31
237.19	8294.86
237.56	12332.28
237.93	6710.32
238.31	8173.15
238.68	7171.40
239.06	8067.83
239.43	9139.79
239.81	8496.14
240.18	6209.44
240.55	6537.12
240.93	13635.96
241.30	8133.36
241.67	7499.08
242.05	8999.36
242.42	10122.82
242.80	6052.63
243.17	8421.25
243.54	8152.09
243.92	9799.82
244.29	7342.26
244.66	8098.25
245.04	10583.90
245.41	17142.08
245.78	6155.61
246.16	7023.95
246.53	9205.33
246.90	7470.99
247.28	13914.48
247.65	7452.27
248.02	7440.56
248.40	10473.90
248.77	7885.26
249.14	8784.03
249.52	7318.86
249.89	8950.21
250.26	6548.82
250.64	7833.77
251.01	16128.63
251.38	6052.63
251.75	7655.89
252.13	6974.80
252.50	9713.22
252.87	14038.53
253.25	6207.10
253.62	8500.83
253.99	6111.14
254.36	9731.95
254.74	6946.71
255.11	6410.73
255.48	5731.97
255.85	15147.95
256.23	5996.45
256.60	5671.12
256.97	7105.87
257.34	8629.56
257.71	8044.42
258.09	7396.09
258.46	8402.52
258.83	12116.95
259.20	10040.90
259.58	7351.62
259.95	7763.56
260.32	9928.55
260.69	6443.49
261.06	11702.68
261.44	6471.58
261.81	13853.63
262.18	8229.32
262.55	6626.06
262.92	7707.38
263.29	6817.98
263.67	6061.99
264.04	7005.22
264.41	7143.32
264.78	6860.11
265.15	10862.43
265.52	13303.60
265.90	7908.67
266.27	6761.81
266.64	5907.51
267.01	5666.44
267.38	8610.83
267.75	6473.92
268.12	5619.63
268.50	7538.87
268.87	6640.10
269.24	6300.72
269.61	8102.93
269.98	8769.99
270.35	8456.36
270.72	6457.54
271.09	7318.86
271.46	6993.52
271.83	8463.38
272.21	9757.69
272.58	6338.17
272.95	6722.02
273.32	7726.11
273.69	7810.37
274.06	5891.13
274.43	6752.45
274.80	7426.52
275.17	8348.69
275.54	19124.52
275.91	7946.12
276.28	7735.47
276.65	8152.09
277.02	11885.24
277.39	6778.19
277.76	6586.27
278.13	8966.59
278.50	9324.69
278.87	11056.69
279.24	9795.14
279.61	9090.64
279.98	12287.81
280.35	6747.76
280.72	8175.49
281.09	7585.68
281.46	7941.44
281.83	6619.04
282.20	8472.74
282.57	7005.22
282.94	8709.13
283.31	7009.90
283.68	8376.78
284.05	6083.05
284.42	5839.64
284.79	8315.92
285.16	9071.92
285.53	7920.37
285.90	8013.99
286.27	15747.12
286.64	6022.20
287.01	6738.40
287.38	9069.58
287.75	60360.08
288.12	9107.02
288.49	17738.92
288.86	6338.17
289.23	6651.80
289.59	6710.32
289.96	6478.60
290.33	6890.54
290.70	7229.91
291.07	9025.11
291.44	8627.21
291.81	6607.33
292.18	7955.48
292.55	7155.02
292.91	13535.32
293.28	8908.08
293.65	11613.74
294.02	8304.22
294.39	6087.73
294.76	7695.68
295.13	8046.76
295.50	7625.47
295.86	7791.64
296.23	6920.96
296.60	6340.51
296.97	7143.32
297.34	7864.20
297.71	9486.19
298.07	7950.80
298.44	5905.17
298.81	8404.86
299.18	8222.30
299.55	11410.11
299.91	7496.74
300.28	8168.47
300.65	5977.73
301.02	8091.23
301.39	8725.52
301.75	14553.45
302.12	8814.46
302.49	7625.47
302.86	11269.68
303.23	8058.46
303.59	6530.09
303.96	18218.73
304.33	10396.66
304.70	15976.50
305.06	6965.43
305.43	10934.98
305.80	8961.91
306.17	9708.54
306.53	6829.68
306.90	10267.93
307.27	7950.80
307.64	11461.60
308.00	7108.21
308.37	7316.51
308.74	12844.86
309.11	9659.39
309.47	6888.20
309.84	6050.28
310.21	7700.36
310.57	8114.64
310.94	7049.69
311.31	7892.29
311.67	8278.47
312.04	5893.47
312.41	10476.24
312.77	8681.05
313.14	6696.27
313.51	7384.39
313.87	6998.20
314.24	7033.31
314.61	6869.47
314.97	6878.83
315.34	7817.39
315.71	6071.35
316.07	9640.67
316.44	6352.21
316.81	9362.14
317.17	6672.87
317.54	16355.66
317.91	6815.64
318.27	5879.43
318.64	7407.80
319.00	9268.52
319.37	5839.64
319.74	9912.17
320.10	10417.72
320.47	7117.57
320.83	11798.64
321.20	7578.65
321.57	6408.39
321.93	7007.56
322.30	8072.51
322.66	6771.17
323.03	9474.49
323.40	8538.27
323.76	6853.09
324.13	6967.77
324.49	5783.46
324.86	20088.82
325.22	7791.64
325.59	7421.84
325.95	8306.56
326.32	9947.28
326.68	9605.56
327.05	7417.16
327.42	6408.39
327.78	6719.68
328.15	9928.55
328.51	6963.09
328.88	7749.51
329.24	11908.65
329.61	7691.00
329.97	9207.67
330.34	6661.16
330.70	7775.26
331.07	11344.58
331.43	9305.97
331.80	14015.13
332.16	10644.76
332.52	6399.02
332.89	8617.85
333.25	5703.89
333.62	13062.53
333.98	7346.94
334.35	6436.47
334.71	7840.79
335.08	6171.99
335.44	12697.41
335.81	12606.13
336.17	10705.61
336.53	7630.15
336.90	6190.72
337.26	8938.51
337.63	15101.14
337.99	8238.69
338.36	6345.19
338.72	9523.64
339.08	8079.53
339.45	6176.67
339.81	10061.96
340.18	7063.74
340.54	11026.26
340.90	6803.94
341.27	7368.01
341.63	8833.18
341.99	5654.73
342.36	11061.37
342.72	6155.61
343.09	11213.51
343.45	6670.53
343.81	11255.64
344.18	5893.47
344.54	7311.83
344.90	8262.09
345.27	7648.87
345.63	7445.24
345.99	9530.66
346.36	7585.68
346.72	6319.45
347.08	6368.60
347.45	5703.89
347.81	10436.45
348.17	7946.12
348.54	6022.20
348.90	9411.29
349.26	10136.86
349.62	11234.57
349.99	5678.14
350.35	5399.62
350.71	8184.85
351.08	7559.93
351.44	5451.11
351.80	14225.78
352.16	12245.68
352.53	6494.99
352.89	8748.92
353.25	11522.46
353.61	6909.26
353.98	9088.30
354.34	10588.58
354.70	6937.35
355.06	6225.82
355.43	7744.83
355.79	7129.27
356.15	7019.27
356.51	6106.46
356.88	6298.38
357.24	7229.91
357.60	5954.32
357.96	5453.45
358.32	16432.90
358.69	5804.53
359.05	8409.54
359.41	7992.93
359.77	6080.71
360.13	6448.18
360.49	6317.11
360.86	9785.78
361.22	12091.21
361.58	8121.66
361.94	11796.30
362.30	6221.14
362.66	8943.19
363.03	5509.62
363.39	5439.40
363.75	6523.07
364.11	10658.80
364.47	6434.13
364.83	11197.12
365.19	8002.29
365.56	9577.47
365.92	5598.56
366.28	9261.50
366.64	10469.22
367.00	5687.50
367.36	5774.10
367.72	10305.38
368.08	9809.19
368.44	6817.98
368.80	8748.92
369.17	6909.26
369.53	7002.88
369.89	6272.64
370.25	6396.68
370.61	6698.61
370.97	11335.21
371.33	6616.69
371.69	13282.54
372.05	8952.55
372.41	6113.48
372.77	6913.94
373.13	7742.49
373.49	5401.96
373.85	8315.92
374.21	7899.31
374.57	6001.13
374.93	9219.37
375.29	9668.75
375.65	8002.29
376.01	7602.06
376.37	10904.56
376.73	9184.26
377.09	6033.90
377.45	10298.36
377.81	7234.60
378.17	6225.82
378.53	5399.62
378.89	8982.98
379.25	11466.28
379.61	14979.43
379.97	9949.62
380.33	6707.98
380.69	6516.05
381.05	6019.86
381.41	9617.26
381.77	7625.47
382.13	9160.86
382.49	15655.84
382.85	7786.96
383.21	9233.41
383.57	5584.52
383.93	11117.54
384.28	5479.19
384.64	6736.06
385.00	7983.57
385.36	7625.47
385.72	9703.86
386.08	6223.48
386.44	9254.48
386.80	9408.95
387.16	12784.01
387.52	10087.71
387.87	14614.30
388.23	8407.20
388.59	6546.48
388.95	5734.31
389.31	7026.29
389.67	6972.46
390.03	6541.80
390.38	6817.98
390.74	5317.70
391.10	9994.09
391.46	7953.14
391.82	6197.74
392.18	8681.05
392.54	5263.86
392.89	5813.89
393.25	8842.54
393.61	6059.65
393.97	5834.96
394.33	8278.47
394.68	7346.94
395.04	5841.98
395.40	7492.05
395.76	9720.24
396.12	7758.88
396.47	6043.26
396.83	7272.04
397.19	5699.20
397.55	5998.79
397.90	7836.11
398.26	7644.19
398.62	5837.30
398.98	5177.26
399.33	7138.63
399.69	27161.92
400.05	8645.94
400.41	6033.90
400.76	9130.43
401.12	10565.18
401.48	8269.11
401.84	6328.81
402.19	6679.89
402.55	8198.90
402.91	7545.89
403.26	5404.30
403.62	8807.44
403.98	7400.77
404.34	4994.70
404.69	7318.86
405.05	9411.29
405.41	15400.72
405.76	6080.71
406.12	6310.08
406.48	7059.06
406.83	6462.22
407.19	8840.20
407.55	8262.09
407.90	14958.36
408.26	8915.10
408.62	9673.43
408.97	7360.98
409.33	5696.86
409.68	6076.03
410.04	7969.52
410.40	6345.19
410.75	8606.15
411.11	6052.63
411.47	7866.54
411.82	6963.09
412.18	7737.81
412.53	7023.95
412.89	6324.13
413.25	7328.22
413.60	7620.78
413.96	5458.13
414.31	6621.38
414.67	7719.09
415.03	5504.94
415.38	6054.97
415.74	6579.25
416.09	6789.89
416.45	9011.06
416.80	6289.02
417.16	8982.98
417.51	6984.16
417.87	6640.10
418.23	8042.08
418.58	8463.38
418.94	5060.24
419.29	6326.47
419.65	8002.29
420.00	9298.95
420.36	8287.84
420.71	8603.81
421.07	5841.98
421.42	7573.97
421.78	9706.20
422.13	6897.56
422.49	6888.20
422.84	7857.18
423.20	5324.72
423.55	5710.91
423.91	5776.44
424.26	15007.52
424.61	8774.67
424.97	11913.33
425.32	6204.76
425.68	6841.39
426.03	8086.55
426.39	11002.86
426.74	10368.57
427.10	9947.28
427.45	6473.92
427.80	7981.23
428.16	6981.82
428.51	7129.27
428.87	8042.08
429.22	9923.87
429.58	11005.20
429.93	10611.99
430.28	6239.87
430.64	6429.45
430.99	5544.73
431.35	8046.76
431.70	7012.24
432.05	7045.01
432.41	8669.34
432.76	8095.91
433.11	8280.82
433.47	8133.36
433.82	11272.02
434.17	8395.50
434.53	9455.76
434.88	14642.39
435.24	8037.40
435.59	7679.30
435.94	5813.89
436.30	8793.39
436.65	6794.58
437.00	10022.17
437.35	17041.44
437.71	6869.47
438.06	6523.07
438.41	6413.07
438.77	8608.49
439.12	5394.93
439.47	5153.86
439.83	8159.11
440.18	5408.98
440.53	6885.86
440.88	12819.11
441.24	9067.24
441.59	6061.99
441.94	6834.36
442.30	8542.96
442.65	13240.41
443.00	7208.85
443.35	11009.88
443.71	6892.88
444.06	10106.43
444.41	8442.31
444.76	12084.19
445.11	7501.42
445.47	10590.92
445.82	9549.39
446.17	6235.19
446.52	11075.42
446.88	7524.82
447.23	5380.89
447.58	8306.56
447.93	6289.02
448.28	31393.61
448.63	11445.22
448.99	7227.57
449.34	8961.91
449.69	9343.42
450.04	6555.84
450.39	6614.35
450.74	7314.17
451.10	7346.94
451.45	8025.70
451.80	8058.46
452.15	10686.89
452.50	8451.67
452.85	10415.38
453.21	9359.80
453.56	8149.75
453.91	7124.59
454.26	7527.16
454.61	6090.07
454.96	8758.28
455.31	7068.42
455.66	6668.19
456.01	8442.31
456.36	6754.79
456.72	6286.68
457.07	8269.11
457.42	10773.49
457.77	9586.83
458.12	6099.44
458.47	7901.65
458.82	10267.93
459.17	7494.40
459.52	7618.44
459.87	37645.18
460.22	6223.48
460.57	7583.34
460.92	6516.05
461.27	8688.07
461.62	7047.35
461.97	6202.42
462.32	12819.11
462.67	11391.39
463.02	14429.40
463.38	14684.52
463.73	9408.95
464.08	13029.76
464.43	8056.12
464.78	5951.98
465.12	8650.62
465.47	9163.20
465.82	32407.06
466.17	6839.05
466.52	9245.12
466.87	6724.36
467.22	6492.65
467.57	5547.07
467.92	8182.51
468.27	11688.64
468.62	15824.36
468.97	7110.55
469.32	5556.43
469.67	16512.48
470.02	14885.81
470.37	6443.49
470.72	7934.42
471.07	5631.33
471.42	7035.65
471.76	7243.96
472.11	7005.22
472.46	8945.53
472.81	15845.43
473.16	7096.50
473.51	6300.72
473.86	5455.79
474.21	6984.16
474.56	6848.41
474.90	6649.46
475.25	10366.23
475.60	9418.32
475.95	6462.22
476.30	11913.33
476.65	10979.45
477.00	15974.16
477.34	11850.13
477.69	5783.46
478.04	9834.93
478.39	7676.96
478.74	6139.23
479.09	5350.46
479.43	22029.12
479.78	5453.45
480.13	13848.95
480.48	10841.36
480.83	7723.77
481.17	5614.95
481.52	8107.62
481.87	6986.50
482.22	12468.03
482.57	7206.51
482.91	9755.35
483.26	8255.07
483.61	6827.34
483.96	7887.61
484.30	65535.00
484.65	6443.49
485.00	5982.41
485.35	6995.86
485.69	6174.33
486.04	7026.29
486.39	8222.30
486.74	7857.18
487.08	5628.99
487.43	8369.76
487.78	5247.48
488.12	8681.05
488.47	6373.28
488.82	11063.71
489.17	6274.98
489.51	5336.42
489.86	8372.10
490.21	5434.72
490.55	8107.62
490.90	5591.54
491.25	6766.49
491.59	5736.65
491.94	13462.76
492.29	6630.74
492.63	7365.67
492.98	5022.79
493.33	7896.97
493.67	6616.69
494.02	5806.87
494.37	5968.37
494.71	8702.11
495.06	6403.71
495.40	11267.34
495.75	6293.70
496.10	11136.27
496.44	8416.57
496.79	8765.31
497.13	6267.95
497.48	15145.61
497.83	11098.82
498.17	8952.55
498.52	6471.58
498.86	9212.35
499.21	7915.69
499.56	6272.64
499.90	6841.39
500.25	5582.18
500.59	7178.42
500.94	8280.82
501.28	9036.81
501.63	10406.02
501.97	6705.63
502.32	5991.77
502.67	8454.02
503.01	5591.54
503.36	6502.01
503.70	6504.35
504.05	8966.59
504.39	9757.69
504.74	7014.59
505.08	11529.48
505.43	5032.15
505.77	5762.40
506.12	7777.60
506.46	6925.65
506.81	6230.51
507.15	5982.41
507.49	6698.61
507.84	6071.35
508.18	8065.49
508.53	8023.36
508.87	7445.24
509.22	6956.07
509.56	65535.00
509.91	19857.10
510.25	7421.84
510.60	5291.95
510.94	11194.78
511.28	5125.77
511.63	10155.58
511.97	7981.23
512.32	9612.58
512.66	6244.55
513.00	7475.67
513.35	9919.19
513.69	6066.67
514.04	8819.14
514.38	9242.78
514.72	7999.95
515.07	5991.77
515.41	6059.65
515.76	6260.93
516.10	8395.50
516.44	9544.70
516.79	6700.95
517.13	5661.76
517.47	9980.04
517.82	7793.98
518.16	8664.66
518.50	7691.00
518.85	7882.92
519.19	11044.99
519.53	14604.94
519.88	9530.66
520.22	6876.49
520.56	7407.80
520.91	5636.01
521.25	5900.49
521.59	7309.49
521.93	8374.44
522.28	6860.11
522.62	7360.98
522.96	9682.80
523.31	7068.42
523.65	8224.64
523.99	9329.38
524.33	12407.18
524.68	8830.84
525.02	5699.20
525.36	8397.84
525.70	5570.48
526.05	6382.64
526.39	5895.81
526.73	8856.59
527.07	7524.82
527.41	11367.98
527.76	6113.48
528.10	7283.75
528.44	8400.18
528.78	7110.55
529.12	9341.08
529.47	6991.18
529.81	9687.48
530.15	9902.81
530.49	8524.23
530.83	5275.57
531.18	5809.21
531.52	6885.86
531.86	5598.56
532.20	7719.09
532.54	10289.00
532.88	5121.09
533.22	6881.18
533.57	6340.51
533.91	11435.86
534.25	5713.25
534.59	11695.66
534.93	9247.46
535.27	6237.53
535.61	6979.48
535.95	11639.48
536.30	8835.52
536.64	7419.50
536.98	4847.25
537.32	6881.18
537.66	5198.33
538.00	8613.17
538.34	8912.76
538.68	8828.50
539.02	12294.83
539.36	6523.07
539.70	5535.37
540.04	7609.08
540.39	21479.10
540.73	6195.40
541.07	7470.99
541.41	8124.00
541.75	8032.72
542.09	10927.96
542.43	8360.39
542.77	7389.07
543.11	7915.69
543.45	7777.60
543.79	9874.72
544.13	6846.07
544.47	6906.92
544.81	6099.44
545.15	8833.18
545.49	7045.01
545.83	5853.68
546.17	6825.00
546.51	5046.20
546.85	6408.39
547.19	11843.11
547.53	5586.86
547.87	9116.39
548.21	12936.14
548.54	7569.29
548.88	6251.57
549.22	6118.16
549.56	5533.03
549.90	6361.58
550.24	7368.01
550.58	6080.71
550.92	10499.64
551.26	6710.32
551.60	11529.48
551.94	6855.43
552.28	6796.92
552.61	8842.54
552.95	8725.52
553.29	6436.47
553.63	7562.27
553.97	12074.82
554.31	9834.93
554.65	11227.55
554.99	10939.66
555.32	6712.66
555.66	8767.65
556.00	5121.09
556.34	7042.67
556.68	7761.22
557.02	9799.82
557.36	7920.37
557.69	7281.41
558.03	6494.99
558.37	13568.09
558.71	15714.36
559.05	11105.84
559.38	12166.10
559.72	6193.06
560.06	9336.40
560.40	8931.48
560.74	10492.62
561.07	8538.27
561.41	9535.34
561.75	8690.41
562.09	10530.07
562.42	9652.37
562.76	8854.25
563.10	7691.00
563.44	26043.14
563.77	7948.46
564.11	8723.18
564.45	10359.21
564.79	8744.24
565.12	7606.74
565.46	7857.18
565.80	8266.77
566.14	8191.88
566.47	9762.37
566.81	6061.99
567.15	7819.73
567.48	8400.18
567.82	8601.47
568.16	7592.70
568.49	6207.10
568.83	5633.67
569.17	7309.49
569.50	8393.16
569.84	11391.39
570.18	8133.36
570.51	12077.16
570.85	7325.88
571.19	6839.05
571.52	6244.55
571.86	7770.58
572.20	6677.55
572.53	11403.09
572.87	6267.95
573.21	5947.30
573.54	5708.57
573.88	8161.45
574.21	7655.89
574.55	7339.92
574.89	6644.78
575.22	9605.56
575.56	6534.78
575.89	6403.71
576.23	6995.86
576.57	8336.99
576.90	6373.28
577.24	7885.26
577.57	5966.03
577.91	8283.16
578.24	5364.51
578.58	7246.30
578.91	8652.96
579.25	6345.19
579.59	7588.02
579.92	7379.71
580.26	6026.88
580.59	8456.36
580.93	8421.25
581.26	6881.18
581.60	8451.67
581.93	9029.79
582.27	11770.55
582.60	5865.38
582.94	8035.06
583.27	6099.44
583.61	7049.69
583.94	8030.38
584.28	5584.52
584.61	6892.88
584.94	8739.56
585.28	8755.94
585.61	9905.15
585.95	8828.50
586.28	12271.43
586.62	13832.57
586.95	7412.48
587.29	12865.92
587.62	10572.20
587.95	5856.02
588.29	8177.83
588.62	8879.99
588.96	9996.43
589.29	6705.63
589.62	6600.31
589.96	7218.21
590.29	6689.25
590.63	5584.52
590.96	9256.82
591.29	9696.84
591.63	10160.27
591.96	5907.51
592.29	7133.95
592.63	6623.72
592.96	8079.53
593.30	12486.76
593.63	8273.79
593.96	6148.59
594.30	6913.94
594.63	8273.79
594.96	12671.66
595.30	7545.89
595.63	6876.49
595.96	6417.75
596.29	8500.83
596.63	6773.51
596.96	9275.54
597.29	8645.94
597.63	5528.35
597.96	10857.75
598.29	10452.83
598.63	10195.37
598.96	6305.40
599.29	6792.23
599.62	9928.55
599.96	6539.46
600.29	7108.21
600.62	6015.18
600.95	6825.00
601.29	7307.15
601.62	8004.63
601.95	7417.16
602.28	6516.05
602.61	47828.85
602.95	7901.65
603.28	12903.37
603.61	6284.34
603.94	10197.71
604.27	6160.29
604.61	9125.75
604.94	8475.08
605.27	8166.13
605.60	6031.56
605.93	6747.76
606.27	9811.53
606.60	6237.53
606.93	5689.84
607.26	11826.73
607.59	7485.03
607.92	10431.77
608.26	7000.54
608.59	6558.18
608.92	7047.35
609.25	5879.43
609.58	8283.16
609.91	8992.34
610.24	14717.29
610.57	8557.00
610.90	10127.50
611.24	5598.56
611.57	5654.73
611.90	9678.12
612.23	7351.62
612.56	9633.64
612.89	9135.11
613.22	9397.25
613.55	5533.03
613.88	10197.71
614.21	6031.56
614.54	8416.57
614.87	6221.14
615.20	5174.92
615.53	10717.31
615.87	6630.74
616.20	7609.08
616.53	10808.59
616.86	7470.99
617.19	8472.74
617.52	6462.22
617.85	6717.34
618.18	6141.57
618.51	7033.31
618.84	9027.45
619.17	7258.00
619.50	11683.95
619.83	11199.46
620.16	9167.88
620.49	6616.69
620.82	15403.07
621.14	11391.39
621.47	7122.25
621.80	10366.23
622.13	7896.97
622.46	15613.71
622.79	9039.15
623.12	5987.09
623.45	9963.66
623.78	9053.19
624.11	6094.76
624.44	8318.26
624.77	6445.84
625.10	6401.37
625.43	6022.20
625.75	7698.02
626.08	6352.21
626.41	6216.46
626.74	10298.36
627.07	6920.96
627.40	13324.67
627.73	6960.75
628.06	6303.06
628.38	5015.77
628.71	9523.64
629.04	10459.85
629.37	9980.04
629.70	7847.82
630.03	6174.33
630.36	10497.30
630.68	9575.13
631.01	6832.02
631.34	11709.70
631.67	6679.89
632.00	5212.37
632.32	9628.96
632.65	10724.33
632.98	8140.38
633.31	7583.34
633.64	9830.25
633.96	6235.19
634.29	11698.00
634.62	7751.85
634.95	8058.46
635.27	8035.06
635.60	9528.32
635.93	8327.63
636.26	8418.91
636.58	6876.49
636.91	6724.36
637.24	6342.85
637.57	7873.56
637.89	8994.68
638.22	6759.47
638.55	8058.46
638.87	8191.88
639.20	9411.29
639.53	8865.95
639.86	6621.38
640.18	6132.20
640.51	7927.39
640.84	8414.23
641.16	5858.36
641.49	8629.56
641.82	5928.58
642.14	6108.80
642.47	15059.01
642.80	7307.15
643.12	9970.68
643.45	7417.16
643.78	7761.22
644.10	6520.73
644.43	7503.76
644.75	11101.16
645.08	5474.51
645.41	8713.81
645.73	6230.51
646.06	16416.52
646.39	9895.78
646.71	6445.84
647.04	6394.34
647.36	5392.59
647.69	9235.75
648.01	7730.79
648.34	6455.20
648.67	10516.03
648.99	11297.77
649.32	6544.14
649.64	5748.36
649.97	5135.14
650.29	5774.10
650.62	15517.75
650.94	7674.62
651.27	11831.41
651.59	7503.76
651.92	6614.35
652.25	11599.70
652.57	6253.91
652.90	6338.17
653.22	8163.79
653.55	8056.12
653.87	5329.40
654.20	7777.60
654.52	11845.45
654.84	7098.84
655.17	8814.46
655.49	12159.08
655.82	6895.22
656.14	8166.13
656.47	12065.46
656.79	12545.27
657.12	7002.88
657.44	6857.77
657.77	9434.70
658.09	7967.18
658.41	7304.81
658.74	9205.33
659.06	5888.79
659.39	7363.33
659.71	6569.88
660.03	7599.72
660.36	7211.19
660.68	10623.69
661.01	14164.92
661.33	11351.60
661.65	6829.68
661.98	14934.96
662.30	15250.93
662.63	7571.63
662.95	7185.44
663.27	6427.11
663.60	5853.68
663.92	7225.23
664.24	7199.49
664.57	6076.03
664.89	6558.18
665.21	6789.89
665.54	10097.07
665.86	7768.24
666.18	8109.96
666.51	11080.10
666.83	6747.76
667.15	16145.02
667.47	10387.30
667.80	8802.75
668.12	6305.40
668.44	7765.90
668.77	9137.45
669.09	10822.64
669.41	9322.35
669.73	5748.36
670.06	7653.55
670.38	7206.51
670.70	5671.12
671.02	8678.71
671.35	6569.88
671.67	11318.83
671.99	7208.85
672.31	11028.60
672.63	8358.05
672.96	12020.99
673.28	6836.70
673.60	7838.45
673.92	7754.19
674.24	6314.77
674.57	6462.22
674.89	10427.09
675.21	7173.74
675.53	9767.06
675.85	10476.24
676.17	10857.75
676.50	6188.38
676.82	10778.17
677.14	7983.57
677.46	15580.95
677.78	5762.40
678.10	10211.76
678.42	7389.07
678.75	6670.53
679.07	6022.20
679.39	7653.55
679.71	6857.77
680.03	6836.70
680.35	6778.19
680.67	7122.25
680.99	6366.26
681.31	6080.71
681.63	8690.41
681.96	11016.90
682.28	6839.05
682.60	7726.11
682.92	9151.49
683.24	6148.59
683.56	9240.44
683.88	6637.76
684.20	7323.54
684.52	6899.90
684.84	6726.70
685.16	7529.50
685.48	9635.99
685.80	8475.08
686.12	9359.80
686.44	12615.49
686.76	7482.69
687.08	5554.09
687.40	6101.78
687.72	9905.15
688.04	6487.96
688.36	15735.42
688.68	11747.15
689.00	8599.13
689.32	7108.21
689.64	6799.26
689.96	7311.83
690.28	10391.98
690.60	10822.64
690.92	6504.35
691.24	9135.11
691.56	7098.84
691.88	7440.56
692.19	6097.10
692.51	9933.23
692.83	8393.16
693.15	9547.05
693.47	8589.77
693.79	7960.16
694.11	10333.47
694.43	9689.82
694.75	7368.01
695.06	8304.22
695.38	10871.79
695.70	7868.88
696.02	7815.05
696.34	6869.47
696.66	6813.30
696.98	5502.60
697.29	7508.44
697.61	11983.54
697.93	10480.92
698.25	42415.19
698.57	8659.98
698.89	5778.78
699.20	7253.32
699.52	11637.14
699.84	5373.87
700.16	7140.97
700.48	11250.96
700.79	6183.70
701.11	12837.84
701.43	9837.27
701.75	6562.86
702.07	7307.15
702.38	12741.88
702.70	6420.09
703.02	6277.32
703.34	9256.82
703.65	7836.11
703.97	7136.29
704.29	5640.69
704.61	6164.97
704.92	9830.25
705.24	7169.06
705.56	10094.73
705.87	10443.47
706.19	7630.15
706.51	5479.19
706.82	10710.29
707.14	6377.96
707.46	5547.07
707.78	6157.95
708.09	8901.06
708.41	10356.87
708.73	8255.07
709.04	10733.70
709.36	7110.55
709.68	7662.91
709.99	14054.92
710.31	11080.10
710.62	7859.52
710.94	7026.29
711.26	8528.91
711.57	7075.44
711.89	6029.22
712.21	16290.13
712.52	7775.26
712.84	11250.96
713.15	8215.28
713.47	9804.50
713.79	5951.98
714.10	6609.67
714.42	7129.27
714.73	11576.29
715.05	5717.93
715.36	6080.71
715.68	6359.24
715.99	6993.52
716.31	10190.69
716.63	8987.66
716.94	10040.90
717.26	21188.87
717.57	10019.83
717.89	12325.26
718.20	6373.28
718.52	10129.84
718.83	7356.30
719.15	15861.81
719.46	15185.40
719.78	8327.63
720.09	7468.65
720.41	6361.58
720.72	5994.11
721.04	6092.41
721.35	7400.77
721.67	7358.64
721.98	7063.74
722.29	6892.88
722.61	6548.82
722.92	5284.93
723.24	7201.83
723.55	7939.10
723.87	8264.43
724.18	9160.86
724.50	5982.41
724.81	7463.97
725.12	7730.79
725.44	8940.85
725.75	8060.80
726.07	11335.21
726.38	8999.36
726.69	6984.16
727.01	9210.01
727.32	9462.79
727.63	6932.67
727.95	11602.04
728.26	6686.91
728.58	9465.13
728.89	6909.26
729.20	7588.02
729.52	6326.47
729.83	14700.90
730.14	9233.41
730.46	7908.67
730.77	10897.53
731.08	9048.51
731.39	7126.93
731.71	7805.69
732.02	9877.06
732.33	7623.12
732.65	7077.78
732.96	11545.86
733.27	9951.96
733.59	15365.62
733.90	10413.04
734.21	6026.88
734.52	6869.47
734.84	18759.39
735.15	7056.72
735.46	7215.87
735.77	8013.99
736.09	7737.81
736.40	11688.64
736.71	9792.80
737.02	5874.74
737.33	7126.93
737.65	7405.46
737.96	7793.98
738.27	8283.16
738.58	14422.38
738.89	9219.37
739.21	6621.38
739.52	5481.53
739.83	9128.09
740.14	6487.96
740.45	7854.84
740.76	6780.53
741.08	5902.83
741.39	7562.27
741.70	7056.72
742.01	8362.73
742.32	10946.69
742.63	8159.11
742.94	6544.14
743.26	9146.81
743.57	8662.32
743.88	9926.21
744.19	8355.71
744.50	7286.09
744.81	13549.36
745.12	7627.81
745.43	7440.56
745.74	16683.34
746.05	11868.86
746.36	5376.21
746.67	13130.41
746.99	7208.85
747.30	8872.97
747.61	6956.07
747.92	8461.04
748.23	10855.40
748.54	7365.67
748.85	7400.77
749.16	7983.57
749.47	6516.05
749.78	6974.80
750.09	7227.57
750.40	8599.13
750.71	8126.34
751.02	8994.68
751.33	7520.14
751.64	8755.94
751.95	7573.97
752.26	9200.65
752.57	9530.66
752.88	7183.10
753.19	7861.86
753.50	12542.93
753.81	7391.41
754.11	7843.14
754.42	18122.77
754.73	8477.42
755.04	8510.19
755.35	8346.35
755.66	14857.72
755.97	6141.57
756.28	6221.14
756.59	9294.27
756.90	18438.74
757.21	8610.83
757.52	12042.06
757.82	8514.87
758.13	6913.94
758.44	10822.64
758.75	9151.49
759.06	6775.85
759.37	6188.38
759.68	8585.08
759.98	6817.98
760.29	9273.20
760.60	8159.11
760.91	5647.71
761.22	7557.59
761.53	7894.63
761.83	6754.79
762.14	7882.92
762.45	6794.58
762.76	5881.77
763.07	8840.20
763.37	17277.83
763.68	12056.10
763.99	14221.10
764.30	12589.74
764.60	6752.45
764.91	10775.83
765.22	8079.53
765.53	14279.61
765.84	8425.93
766.14	7473.33
766.45	5811.55
766.76	11981.20
767.06	12973.59
767.37	7365.67
767.68	7913.35
767.99	7269.70
768.29	6707.98
768.60	7765.90
768.91	10644.76
769.21	14134.50
769.52	11885.24
769.83	7742.49
770.13	7854.84
770.44	7346.94
770.75	9708.54
771.05	7882.92
771.36	9490.87
771.67	7978.89
771.97	7279.07
772.28	7482.69
772.59	8194.22
772.89	10073.67
773.20	6813.30
773.51	6726.70
773.81	12805.07
774.12	6349.87
774.42	7721.43
774.73	6394.34
775.04	6600.31
775.34	22904.48
775.65	9050.85
775.95	13771.71
776.26	8755.94
776.56	6883.52
776.87	9142.13
777.18	62230.16
777.48	13437.02
777.79	8128.68
778.09	11864.18
778.40	7339.92
778.70	7243.96
779.01	11606.72
779.31	7960.16
779.62	7131.61
779.92	9743.65
780.23	9226.39
780.53	6005.81
780.84	7683.98
781.14	7012.24
781.45	6951.39
781.75	10691.57
782.06	6263.27
782.36	8767.65
782.67	6284.34
782.97	6810.96
783.28	14443.45
783.58	7084.80
783.89	7021.61
784.19	9121.07
784.49	13682.77
784.80	7499.08
785.10	14005.77
785.41	6363.92
785.71	9210.01
786.02	9137.45
786.32	15552.86
786.62	9748.33
786.93	12821.45
787.23	7124.59
787.54	7389.07
787.84	15257.95
788.14	9177.24
788.45	9301.29
788.75	9111.71
789.05	6237.53
789.36	7592.70
789.66	14902.19
789.96	9867.70
790.27	8189.53
790.57	7833.77
790.87	6635.42
791.18	7527.16
791.48	6583.93
791.78	9268.52
792.09	9427.68
792.39	6736.06
792.69	10328.78
793.00	8938.51
793.30	9659.39
793.60	6129.86
793.90	5710.91
794.21	8943.19
794.51	18387.25
794.81	11805.66
795.11	7971.86
795.42	7047.35
795.72	12453.99
796.02	10099.41
796.32	8910.42
796.63	9231.07
796.93	11192.44
797.23	9654.71
797.53	8608.49
797.84	6623.72
798.14	6635.42
798.44	8711.47
798.74	9252.14
799.04	8795.73
799.34	6197.74
799.65	17315.28
799.95	8425.93
800.25	7571.63
800.55	7428.86
800.85	8760.63
801.15	6623.72
801.46	7698.02
801.76	19234.52
802.06	7110.55
802.36	9090.64
802.66	7049.69
802.96	9935.57
803.26	11543.52
803.56	14146.20
803.87	17542.32
804.17	7693.34
804.47	10356.87
804.77	11363.30
805.07	11564.59
805.37	10237.50
805.67	9736.63
805.97	7496.74
806.27	7812.71
806.57	7290.77
806.87	12512.50
807.17	8418.91
807.47	12287.81
807.77	11833.75
808.07	7157.36
808.37	12479.74
808.67	8372.10
808.98	16346.30
809.28	7384.39
809.58	17043.78
809.88	10993.50
810.18	15768.19
810.47	7524.82
810.77	6361.58
811.07	10026.86
811.37	9083.62
811.67	6532.44
811.97	5678.14
812.27	6473.92
812.57	5661.76
812.87	6949.05
813.17	6689.25
813.47	6712.66
813.77	7316.51
814.07	7049.69
814.37	10782.85
814.67	6745.42
814.97	7861.86
815.27	6647.12
815.56	9425.34
815.86	12016.31
816.16	8533.59
816.46	6216.46
816.76	6700.95
817.06	11000.52
817.36	13645.32
817.66	8145.06
817.95	6607.33
818.25	8809.78
818.55	10960.73
818.85	10012.81
819.15	7211.19
819.45	14141.52
819.75	7866.54
820.04	8112.30
820.34	16875.26
820.64	10473.90
820.94	13561.06
821.24	7398.43
821.53	8056.12
821.83	6867.13
822.13	6244.55
822.43	7470.99
822.72	5867.72
823.02	6726.70
823.32	6384.98
823.62	9060.21
823.91	15941.39
824.21	6118.16
824.51	9095.32
824.81	7140.97
825.10	6033.90
825.40	9914.51
825.70	8070.17
826.00	13678.09
826.29	7007.56
826.59	8692.75
826.89	7407.80
827.18	8479.76
827.48	6892.88
827.78	6305.40
828.07	7789.30
828.37	10338.15
828.67	8650.62
828.96	8021.02
829.26	6881.18
829.56	11410.11
829.85	7033.31
830.15	8765.31
830.45	5982.41
830.74	13235.73
831.04	9989.41
831.34	10796.89
831.63	14635.37
831.93	10473.90
832.22	9919.19
832.52	8152.09
832.82	6120.50
833.11	6092.41
833.41	6637.76
833.70	7002.88
834.00	11014.56
834.29	8177.83
834.59	6099.44
834.89	9130.43
835.18	7375.03
835.48	13767.03
835.77	9455.76
836.07	9731.95
836.36	9734.29
836.66	11028.60
836.95	7756.54
837.25	6935.01
837.54	9240.44
837.84	7265.02
838.13	8395.50
838.43	6698.61
838.72	14338.12
839.02	11419.47
839.31	6555.84
839.61	11140.95
839.90	6024.54
840.20	7953.14
840.49	6113.48
840.78	8891.70
841.08	9762.37
841.37	7185.44
841.67	6225.82
841.96	9336.40
842.26	8304.22
842.55	6029.22
842.84	6516.05
843.14	10553.48
843.43	5966.03
843.73	7922.71
844.02	6022.20
844.31	7534.18
844.61	7023.95
844.90	8901.06
845.20	8086.55
845.49	5563.45
845.78	7129.27
846.08	6298.38
846.37	5289.61
846.66	9057.87
846.96	9533.00
847.25	8950.21
847.54	5963.68
847.84	6691.59
848.13	7391.41
848.42	10464.54
848.72	6700.95
849.01	9598.54
849.30	6890.54
849.59	6403.71
849.89	6675.21
850.18	13013.38
850.47	6340.51
850.76	16924.41
851.06	15543.50
851.35	9200.65
851.64	10356.87
851.93	8222.30
852.23	19407.72
852.52	7304.81
852.81	7077.78
853.10	7716.75
853.40	5671.12
853.69	5657.07
853.98	7824.41
854.27	10361.55
854.56	6935.01
854.86	9413.63
855.15	8138.04
855.44	8542.96
855.73	5678.14
856.02	6988.84
856.31	9961.32
856.61	8624.87
856.90	7311.83
857.19	6052.63
857.48	5654.73
857.77	6167.31
858.06	5259.18
858.35	6003.47
858.65	12156.74
858.94	9860.68
859.23	7592.70
859.52	9745.99
859.81	12655.28
860.10	6647.12
860.39	9584.49
860.68	8035.06
860.97	6242.21
861.26	6544.14
861.55	12823.80
861.85	8060.80
862.14	9916.85
862.43	10162.61
862.72	8264.43
863.01	5893.47
863.30	7169.06
863.59	7693.34
863.88	7555.25
864.17	7288.43
864.46	5963.68
864.75	15279.02
865.04	8079.53
865.33	6242.21
865.62	11487.35
865.91	6794.58
866.20	9312.99
866.49	7070.76
866.78	7335.24
867.07	7187.79
867.36	10565.18
867.65	10312.40
867.93	9668.75
868.22	8056.12
868.51	7405.46
868.80	8219.96
869.09	7456.95
869.38	6483.28
869.67	13500.21
869.96	13500.21
870.25	13500.21
