178.76	1710.93
179.14	1710.93
179.52	1710.93
179.90	1689.87
180.28	10883.49
180.66	6113.48
181.04	8084.21
181.42	7260.34
181.80	6169.65
182.18	10733.70
182.55	5900.49
182.93	7185.44
183.31	7016.93
183.69	7786.96
184.07	8257.41
184.45	7108.21
184.83	7316.51
185.21	6581.59
185.59	6703.29
185.97	16212.89
186.35	11859.49
186.72	7045.01
187.10	7117.57
187.48	11349.26
187.86	8950.21
188.24	6534.78
188.62	6122.84
189.00	10764.12
189.38	7866.54
189.75	7323.54
190.13	7978.89
190.51	6256.25
190.89	15030.92
191.27	20903.32
191.65	7089.48
192.03	7768.24
192.40	10249.21
192.78	7625.47
193.16	8716.16
193.54	12154.40
193.92	10663.48
194.30	6581.59
194.67	9441.72
195.05	8292.52
195.43	7346.94
195.81	6869.47
196.19	10399.00
196.56	7695.68
196.94	7311.83
197.32	11351.60
197.70	6506.69
198.08	8407.20
198.45	6541.80
198.83	7557.59
199.21	6754.79
199.59	12308.88
199.97	8072.51
200.34	5757.72
200.72	6527.75
201.10	13720.22
201.48	9806.84
201.85	6420.09
202.23	6944.37
202.61	6537.12
202.99	15639.46
203.36	6464.56
203.74	9095.32
204.12	7030.97
204.49	6480.94
204.87	8748.92
205.25	7148.00
205.63	5720.27
206.00	6462.22
206.38	7782.28
206.76	9586.83
207.14	6544.14
207.51	5736.65
207.89	10703.27
208.27	6331.15
208.64	5305.99
209.02	6457.54
209.40	6895.22
209.77	5652.39
210.15	13638.30
210.53	5841.98
210.90	11023.92
211.28	6207.10
211.66	11927.37
212.03	6380.30
212.41	5708.57
212.79	7016.93
213.16	5928.58
213.54	7403.11
213.92	7873.56
214.29	5668.78
214.67	6595.63
215.05	6911.60
215.42	9380.87
215.80	6579.25
216.17	6647.12
216.55	7808.03
216.93	5863.04
217.30	8769.99
217.68	6361.58
218.05	6612.01
218.43	6340.51
218.81	6700.95
219.18	10916.26
219.56	6707.98
219.93	6490.31
220.31	6480.94
220.69	5846.66
221.06	6120.50
221.44	7391.41
221.81	6218.80
222.19	5671.12
222.56	6127.52
222.94	6806.28
223.32	7592.70
223.69	6317.11
224.07	8884.67
224.44	12451.65
224.82	7595.04
225.19	8498.49
225.57	7297.79
225.94	6691.59
226.32	7351.62
226.69	11925.03
227.07	8472.74
227.44	6787.55
227.82	7887.61
228.19	6906.92
228.57	8435.29
228.94	11489.69
229.32	9369.16
229.69	8870.63
230.07	6782.87
230.44	6171.99
230.82	10796.89
231.19	9446.40
231.57	5509.62
231.94	5841.98
232.32	8849.57
232.69	6817.98
233.07	7412.48
233.44	8149.75
233.82	6888.20
234.19	7356.30
234.57	9996.43
234.94	6375.62
235.31	6745.42
235.69	7096.50
236.06	7470.99
236.44	8514.87
236.81	5909.85
237.19	7868.88
237.56	11583.31
237.93	6326.47
238.31	7681.64
238.68	6906.92
239.06	7531.84
239.43	8648.28
239.81	7962.50
240.18	6047.94
240.55	6085.39
240.93	12606.13
241.30	7747.17
241.67	7166.72
242.05	8507.85
242.42	9448.74
242.80	5767.08
243.17	7765.90
243.54	7630.15
243.92	9160.86
244.29	7070.76
244.66	7426.52
245.04	9942.60
245.41	15960.11
245.78	5846.66
246.16	6635.42
246.53	8727.86
246.90	6953.73
247.28	12901.03
247.65	6890.54
248.02	7105.87
248.40	9781.10
248.77	7438.22
249.14	8306.56
249.52	6813.30
249.89	8395.50
250.26	6244.55
250.64	7391.41
251.01	14920.92
251.38	5561.11
251.75	7405.46
252.13	6785.21
252.50	9067.24
252.87	13088.28
253.25	5830.27
253.62	7712.07
253.99	5790.49
254.36	9123.41
254.74	6616.69
255.11	6113.48
255.48	5575.16
255.85	13884.06
256.23	5612.60
256.60	5341.10
256.97	6719.68
257.34	8163.79
257.71	7501.42
258.09	6487.96
258.46	7667.60
258.83	11094.14
259.20	9589.17
259.58	6949.05
259.95	7028.63
260.32	9327.03
260.69	5895.81
261.06	10600.29
261.44	6228.17
261.81	12835.50
262.18	7908.67
262.55	6384.98
262.92	7155.02
263.29	6504.35
263.67	5703.89
264.04	6483.28
264.41	6785.21
264.78	6509.03
265.15	10209.42
265.52	12477.40
265.90	7438.22
266.27	6361.58
266.64	5731.97
267.01	5420.68
267.38	7901.65
267.75	6029.22
268.12	5294.29
268.50	6930.33
268.87	6195.40
269.24	6242.21
269.61	7510.78
269.98	8187.19
270.35	7871.22
270.72	5982.41
271.09	6974.80
271.46	6518.39
271.83	7911.01
272.21	8945.53
272.58	5844.32
272.95	6246.89
273.32	7304.81
273.69	7145.66
274.06	5509.62
274.43	6153.27
274.80	6944.37
275.17	7852.50
275.54	11325.85
275.91	7265.02
276.28	7206.51
276.65	7489.71
277.02	10883.49
277.39	6179.01
277.76	6125.18
278.13	8425.93
278.50	8727.86
278.87	10101.75
279.24	8891.70
279.61	8133.36
279.98	9635.99
280.35	6279.66
280.72	7398.43
281.09	6834.36
281.46	7316.51
281.83	6143.91
282.20	7859.52
282.57	6377.96
282.94	7918.03
283.31	6375.62
283.68	7562.27
284.05	5509.62
284.42	5320.04
284.79	7672.28
285.16	8367.42
285.53	7082.46
285.90	7143.32
286.27	14462.17
286.64	5617.29
287.01	6263.27
287.38	8112.30
287.75	58370.62
288.12	8322.94
288.49	16507.80
288.86	5895.81
289.23	6057.31
289.59	5973.05
289.96	5928.58
290.33	6232.85
290.70	6408.39
291.07	8311.24
291.44	7637.17
291.81	5680.48
292.18	7339.92
292.55	6459.88
292.91	12386.12
293.28	8135.70
293.65	10752.42
294.02	7833.77
294.39	5413.66
294.76	6794.58
295.13	7183.10
295.50	6806.28
295.86	6810.96
296.23	6171.99
296.60	5650.05
296.97	6377.96
297.34	6846.07
297.71	8547.64
298.07	7197.15
298.44	5322.38
298.81	7815.05
299.18	7328.22
299.55	10487.94
299.91	6731.38
300.28	7148.00
300.65	5322.38
301.02	7513.12
301.39	8006.97
301.75	12992.31
302.12	8112.30
302.49	6806.28
302.86	10064.30
303.23	7197.15
303.59	5729.63
303.96	16758.24
304.33	9439.38
304.70	14733.67
305.06	6455.20
305.43	10094.73
305.80	8039.74
306.17	8910.42
306.53	6296.04
306.90	9217.03
307.27	7155.02
307.64	10340.49
308.00	6427.11
308.37	6225.82
308.74	11595.01
309.11	8620.19
309.47	6090.07
309.84	5504.94
310.21	6958.41
310.57	7349.28
310.94	6623.72
311.31	7265.02
311.67	7613.76
312.04	5404.30
312.41	9743.65
312.77	7981.23
313.14	6092.41
313.51	6855.43
313.87	6462.22
314.24	6328.81
314.61	6361.58
314.97	6413.07
315.34	7084.80
315.71	5413.66
316.07	8971.27
316.44	5710.91
316.81	8643.60
317.17	6169.65
317.54	15173.69
317.91	6232.85
318.27	5371.53
318.64	6560.52
319.00	8713.81
319.37	5458.13
319.74	9043.83
320.10	9376.19
320.47	6492.65
320.83	10537.09
321.20	6775.85
321.57	5802.19
321.93	6389.66
322.30	7419.50
322.66	6164.97
323.03	8603.81
323.40	7831.43
323.76	6314.77
324.13	6356.90
324.49	5266.21
324.86	18604.92
325.22	7368.01
325.59	6932.67
325.95	7693.34
326.32	9207.67
326.68	9149.15
327.05	6911.60
327.42	6015.18
327.78	6277.32
328.15	9343.42
328.51	6251.57
328.88	8329.97
329.24	10869.45
329.61	7124.59
329.97	8409.54
330.34	6244.55
330.70	7105.87
331.07	10361.55
331.43	8306.56
331.80	13025.08
332.16	10029.20
332.52	6003.47
332.89	8084.21
333.25	5320.04
333.62	12257.39
333.98	7131.61
334.35	6757.13
334.71	7063.74
335.08	5717.93
335.44	11602.04
335.81	11735.45
336.17	9970.68
336.53	6927.99
336.90	5767.08
337.26	8325.29
337.63	9282.56
337.99	7712.07
338.36	5741.33
338.72	8802.75
339.08	7234.60
339.45	5870.06
339.81	9408.95
340.18	6607.33
340.54	9982.38
340.90	6267.95
341.27	6846.07
341.63	8147.40
341.99	5205.35
342.36	10202.40
342.72	5818.57
343.09	10347.51
343.45	6279.66
343.81	10534.75
344.18	5528.35
344.54	6909.26
344.90	7496.74
345.27	7321.20
345.63	6916.28
345.99	8748.92
346.36	7023.95
346.72	5940.28
347.08	5909.85
347.45	5439.40
347.81	9745.99
348.17	7557.59
348.54	5486.22
348.90	8872.97
349.26	9640.67
349.62	10525.39
349.99	5315.36
350.35	5137.48
350.71	7625.47
351.08	7162.04
351.44	5188.97
351.80	13224.03
352.16	11332.87
352.53	5987.09
352.89	8180.17
353.25	10839.02
353.61	6576.91
353.98	8397.84
354.34	10045.58
354.70	6356.90
355.06	5153.86
355.43	7283.75
355.79	6654.14
356.15	6546.48
356.51	5844.32
356.88	5940.28
357.24	6729.04
357.60	5514.30
357.96	5235.78
358.32	15234.55
358.69	5462.81
359.05	7831.43
359.41	7562.27
359.77	5816.23
360.13	6195.40
360.49	5902.83
360.86	8772.33
361.22	10906.90
361.58	7707.38
361.94	10920.94
362.30	5837.30
362.66	8358.05
363.03	5146.84
363.39	5338.76
363.75	6052.63
364.11	9806.84
364.47	6076.03
364.83	10457.51
365.19	7421.84
365.56	8856.59
365.92	5153.86
366.28	8601.47
366.64	9621.94
367.00	5425.36
367.36	5474.51
367.72	9666.41
368.08	9352.78
368.44	6356.90
368.80	8116.98
369.17	6436.47
369.53	6801.60
369.89	5951.98
370.25	5849.00
370.61	6270.30
370.97	10513.69
371.33	6174.33
371.69	12554.63
372.05	8229.32
372.41	5720.27
372.77	6317.11
373.13	7424.18
373.49	5085.98
373.85	8021.02
374.21	7379.71
374.57	5753.04
374.93	8475.08
375.29	9092.98
375.65	7386.73
376.01	7028.63
376.37	10059.62
376.73	8329.97
377.09	5689.84
377.45	9790.46
377.81	6745.42
378.17	5851.34
378.53	4990.02
378.89	8299.54
379.25	10850.72
379.61	14104.07
379.97	9411.29
380.33	6457.54
380.69	5959.00
381.05	5666.44
381.41	8931.48
381.77	7164.38
382.13	8482.10
382.49	14637.71
382.85	7290.77
383.21	8690.41
383.57	5277.91
383.93	10286.65
384.28	5144.50
384.64	6455.20
385.00	7407.80
385.36	7293.11
385.72	8856.59
386.08	5930.92
386.44	8720.84
386.80	8915.10
387.16	10497.30
387.52	9303.63
387.87	13626.60
388.23	7934.42
388.59	6031.56
388.95	5366.85
389.31	6670.53
389.67	6576.91
390.03	6188.38
390.38	6457.54
390.74	4959.60
391.10	9408.95
391.46	7452.27
391.82	5947.30
392.18	8159.11
392.54	4952.57
392.89	5549.41
393.25	8198.90
393.61	5633.67
393.97	5565.79
394.33	7749.51
394.68	6619.04
395.04	5500.26
395.40	7283.75
395.76	9151.49
396.12	7485.03
396.47	5708.57
396.83	6988.84
397.19	5582.18
397.55	5631.33
397.90	7227.57
398.26	7227.57
398.62	5561.11
398.98	5020.45
399.33	6530.09
399.69	24245.61
400.05	8161.45
400.41	5722.61
400.76	8620.19
401.12	10073.67
401.48	7719.09
401.84	5944.96
402.19	6312.42
402.55	7578.65
402.91	7117.57
403.26	5200.67
403.62	8226.98
403.98	7033.31
404.34	4835.55
404.69	6836.70
405.05	9001.70
405.41	13912.14
405.76	5680.48
406.12	5944.96
406.48	6775.85
406.83	5870.06
407.19	8208.26
407.55	7709.72
407.90	13965.98
408.26	8458.70
408.62	9092.98
408.97	6970.12
409.33	5350.46
409.68	5799.85
410.04	7639.51
410.40	5909.85
410.75	8145.06
411.11	5799.85
411.47	7470.99
411.82	6518.39
412.18	7229.91
412.53	6635.42
412.89	5930.92
413.25	6691.59
413.60	7159.70
413.96	5081.30
414.31	6267.95
414.67	7157.36
415.03	5210.03
415.38	5523.66
415.74	6445.84
416.09	6544.14
416.45	8346.35
416.80	5982.41
417.16	8503.17
417.51	6717.34
417.87	6354.55
418.23	7709.72
418.58	8002.29
418.94	4931.51
419.29	5935.60
419.65	7414.82
420.00	8720.84
420.36	8102.93
420.71	8131.02
421.07	5614.95
421.42	7023.95
421.78	9118.73
422.13	6647.12
422.49	5448.77
422.84	7349.28
423.20	4922.15
423.55	5488.56
423.91	5212.37
424.26	13844.27
424.61	8255.07
424.97	11337.56
425.32	5816.23
425.68	6651.80
426.03	7691.00
426.39	10101.75
426.74	9888.76
427.10	9331.72
427.45	6090.07
427.80	7377.37
428.16	6850.75
428.51	6775.85
428.87	7555.25
429.22	9245.12
429.58	10333.47
429.93	10125.16
430.28	5954.32
430.64	6134.54
430.99	5135.14
431.35	7452.27
431.70	6576.91
432.05	6696.27
432.41	8086.55
432.76	7597.38
433.11	7880.58
433.47	7564.61
433.82	10773.49
434.17	7920.37
434.53	7737.81
434.88	13912.14
435.24	7609.08
435.59	7480.35
435.94	5394.93
436.30	8229.32
436.65	6274.98
437.00	9380.87
437.35	15815.00
437.71	6607.33
438.06	6148.59
438.41	6176.67
438.77	7819.73
439.12	5254.50
439.47	4648.30
439.83	7634.83
440.18	5228.76
440.53	6368.60
440.88	11906.31
441.24	8262.09
441.59	5533.03
441.94	6436.47
442.30	8198.90
442.65	12465.69
443.00	6810.96
443.35	10183.67
443.71	6487.96
444.06	9479.17
444.41	7882.92
444.76	11075.42
445.11	6787.55
445.47	9968.34
445.82	9067.24
446.17	5792.83
446.52	9930.89
446.88	7159.70
447.23	5139.82
447.58	7793.98
447.93	5977.73
448.28	29092.86
448.63	10654.12
448.99	6864.79
449.34	8266.77
449.69	8744.24
450.04	6225.82
450.39	6101.78
450.74	6855.43
451.10	6686.91
451.45	7075.44
451.80	7641.85
452.15	9703.86
452.50	7950.80
452.85	9837.27
453.21	8898.72
453.56	7702.70
453.91	6586.27
454.26	7183.10
454.61	5804.53
454.96	8187.19
455.31	6590.95
455.66	6235.19
456.01	7918.03
456.36	6260.93
456.72	5865.38
457.07	7581.00
457.42	10216.44
457.77	9025.11
458.12	5743.67
458.47	7199.49
458.82	9305.97
459.17	6892.88
459.52	7173.74
459.87	11847.79
460.22	5643.03
460.57	7000.54
460.92	6050.28
461.27	8058.46
461.62	6525.41
461.97	5753.04
462.32	11978.86
462.67	10750.08
463.02	13378.50
463.38	13305.95
463.73	8744.24
464.08	12222.28
464.43	7609.08
464.78	5488.56
465.12	7983.57
465.47	8526.57
465.82	27899.19
466.17	6310.08
466.52	8634.24
466.87	6183.70
467.22	5907.51
467.57	5240.46
467.92	7749.51
468.27	10839.02
468.62	14628.35
468.97	6696.27
469.32	4798.10
469.67	15714.36
470.02	14090.02
470.37	6076.03
470.72	7393.75
471.07	5266.21
471.42	6637.76
471.76	6616.69
472.11	6523.07
472.46	8369.76
472.81	14857.72
473.16	5937.94
473.51	5935.60
473.86	5256.84
474.21	6466.90
474.56	6289.02
474.90	6237.53
475.25	9556.41
475.60	8837.86
475.95	5893.47
476.30	11094.14
476.65	10183.67
477.00	14941.98
477.34	11059.03
477.69	5504.94
478.04	9032.13
478.39	7199.49
478.74	5764.74
479.09	5254.50
479.43	7014.59
479.78	4812.14
480.13	12341.64
480.48	10012.81
480.83	7272.04
481.17	5226.42
481.52	7215.87
481.87	6335.83
482.22	11754.17
482.57	6586.27
482.91	9055.53
483.26	7625.47
483.61	6314.77
483.96	7382.05
484.30	62843.38
484.65	5933.26
485.00	5579.84
485.35	6792.23
485.69	5753.04
486.04	6525.41
486.39	7616.10
486.74	7337.58
487.08	5280.25
487.43	7812.71
487.78	5039.17
488.12	7981.23
488.47	6099.44
488.82	10394.32
489.17	5860.70
489.51	5076.62
489.86	8018.68
490.21	5083.64
490.55	7637.17
490.90	5282.59
491.25	6546.48
491.59	5500.26
491.94	12510.16
492.29	6225.82
492.63	6850.75
492.98	4674.05
493.33	7171.40
493.67	6200.08
494.02	5507.28
494.37	5589.20
494.71	8278.47
495.06	6181.35
495.40	10530.07
495.75	6036.24
496.10	10291.34
496.44	6780.53
496.79	8095.91
497.13	5771.76
497.48	14057.26
497.83	10094.73
498.17	8189.53
498.52	5425.36
498.86	8641.26
499.21	6675.21
499.56	5825.59
499.90	6441.15
500.25	5261.52
500.59	6808.62
500.94	7707.38
501.28	8498.49
501.63	9514.28
501.97	6462.22
502.32	5722.61
502.67	7688.66
503.01	5219.39
503.36	6129.86
503.70	6040.92
504.05	8292.52
504.39	9064.89
504.74	6679.89
505.08	10705.61
505.43	4706.82
505.77	5308.34
506.12	7389.07
506.46	6497.33
506.81	5743.67
507.15	5724.95
507.49	6246.89
507.84	5685.16
508.18	7604.40
508.53	7386.73
508.87	7073.10
509.22	6424.77
509.56	65535.00
509.91	19049.62
510.25	7005.22
510.60	4938.53
510.94	8919.78
511.28	4795.76
511.63	9287.25
511.97	7730.79
512.32	8851.91
512.66	5795.17
513.00	6878.83
513.35	9331.72
513.69	5659.42
514.04	8458.70
514.38	8826.16
514.72	7438.22
515.07	5636.01
515.41	5659.42
515.76	5912.19
516.10	7180.76
516.44	8833.18
516.79	6209.44
517.13	5298.97
517.47	9165.54
517.82	7332.90
518.16	6801.60
518.50	7267.36
518.85	7407.80
519.19	9912.17
519.53	13259.13
519.88	8786.37
520.22	6471.58
520.56	6892.88
520.91	5214.71
521.25	5633.67
521.59	6656.48
521.93	7735.47
522.28	6452.86
522.62	7590.36
522.96	9043.83
523.31	6452.86
523.65	7829.09
523.99	8390.82
524.33	11417.13
524.68	8212.94
525.02	5343.44
525.36	7566.95
525.70	5100.03
526.05	5804.53
526.39	5600.90
526.73	8191.88
527.07	7089.48
527.41	10490.28
527.76	5933.26
528.10	6415.41
528.44	7852.50
528.78	6691.59
529.12	8650.62
529.47	6572.22
529.81	9125.75
530.15	9301.29
530.49	8126.34
530.83	4926.83
531.18	5568.13
531.52	6581.59
531.86	5341.10
532.20	6958.41
532.54	9406.61
532.88	4770.01
533.22	6382.64
533.57	6099.44
533.91	9092.98
534.25	5462.81
534.59	10775.83
534.93	8608.49
535.27	5753.04
535.61	6574.56
535.95	10832.00
536.30	5273.23
536.64	6796.92
536.98	4592.13
537.32	6415.41
537.66	5006.41
538.00	7978.89
538.34	8273.79
538.68	8173.15
539.02	11452.24
539.36	6202.42
539.70	5324.72
540.04	6651.80
540.39	19737.74
540.73	5689.84
541.07	6909.26
541.41	7569.29
541.75	7845.48
542.09	10005.79
542.43	7662.91
542.77	6817.98
543.11	7424.18
543.45	6841.39
543.79	9160.86
544.13	6525.41
544.47	6504.35
544.81	5778.78
545.15	8149.75
545.49	6801.60
545.83	5736.65
546.17	6567.54
546.51	4786.40
546.85	6085.39
547.19	10874.13
547.53	5266.21
547.87	8514.87
548.21	12004.61
548.54	6991.18
548.88	5940.28
549.22	5715.59
549.56	5135.14
549.90	5966.03
550.24	6806.28
550.58	5706.23
550.92	9577.47
551.26	6211.78
551.60	10731.36
551.94	6321.79
552.28	6314.77
552.61	8292.52
552.95	6497.33
553.29	6054.97
553.63	7089.48
553.97	11173.72
554.31	9095.32
554.65	10244.52
554.99	10237.50
555.32	6260.93
555.66	7999.95
556.00	4652.98
556.34	6630.74
556.68	7410.14
557.02	9165.54
557.36	7194.81
557.69	6869.47
558.03	6087.73
558.37	12479.74
558.71	14368.55
559.05	10237.50
559.38	11328.19
559.72	5788.14
560.06	8723.18
560.40	8229.32
560.74	9745.99
561.07	7992.93
561.41	8695.09
561.75	7808.03
562.09	6012.84
562.42	8990.00
562.76	8154.43
563.10	7110.55
563.44	24292.42
563.77	7562.27
564.11	8016.33
564.45	9710.88
564.79	8093.57
565.12	7105.87
565.46	7414.82
565.80	7599.72
566.14	7492.05
566.47	9301.29
566.81	5741.33
567.15	7393.75
567.48	7770.58
567.82	8250.39
568.16	7705.04
568.49	5928.58
568.83	5425.36
569.17	6883.52
569.50	7843.14
569.84	10698.59
570.18	7735.47
570.51	11229.89
570.85	6822.66
571.19	6389.66
571.52	5893.47
571.86	9228.73
572.20	6356.90
572.53	10757.10
572.87	5888.79
573.21	5626.65
573.54	5392.59
573.88	7590.36
574.21	7225.23
574.55	6869.47
574.89	6129.86
575.22	8887.01
575.56	5996.45
575.89	5982.41
576.23	6483.28
576.57	7864.20
576.90	5933.26
577.24	7368.01
577.57	5479.19
577.91	7658.23
578.24	5085.98
578.58	6829.68
578.91	7950.80
579.25	5863.04
579.59	7272.04
579.92	6504.35
580.26	5303.65
580.59	7735.47
580.93	7548.23
581.26	6408.39
581.60	7934.42
581.93	8336.99
582.27	11012.22
582.60	5511.96
582.94	7405.46
583.27	5547.07
583.61	6623.72
583.94	7459.29
584.28	5116.41
584.61	6420.09
584.94	8173.15
585.28	7943.78
585.61	8613.17
585.95	8318.26
586.28	11421.81
586.62	13249.77
586.95	6993.52
587.29	12084.19
587.62	15161.99
587.95	5643.03
588.29	7421.84
588.62	8194.22
588.96	9301.29
589.29	6267.95
589.62	6221.14
589.96	6628.40
590.29	6167.31
590.63	5322.38
590.96	8566.36
591.29	8833.18
591.63	9383.21
591.96	5561.11
592.29	6296.04
592.63	6256.25
592.96	7691.00
593.30	11541.18
593.63	7721.43
593.96	5888.79
594.30	6307.74
594.63	7681.64
594.96	11735.45
595.30	7054.37
595.63	6396.68
595.96	5930.92
596.29	7892.29
596.63	6534.78
596.96	8739.56
597.29	7955.48
597.63	5036.83
597.96	10104.09
598.29	9411.29
598.63	9249.80
598.96	5893.47
599.29	6368.60
599.62	5919.21
599.96	6031.56
600.29	6860.11
600.62	5645.37
600.95	6232.85
601.29	6878.83
601.62	7585.68
601.95	6899.90
602.28	5970.71
602.61	20503.09
602.95	7110.55
603.28	12004.61
603.61	6017.52
603.94	9212.35
604.27	5722.61
604.61	8365.07
604.94	7922.71
605.27	7456.95
605.60	5689.84
605.93	5994.11
606.27	9057.87
606.60	5731.97
606.93	5308.34
607.26	11164.36
607.59	6953.73
607.92	9933.23
608.26	6017.52
608.59	6040.92
608.92	6675.21
609.25	5500.26
609.58	7698.02
609.91	8294.86
610.24	13160.83
610.57	7983.57
610.90	9348.10
611.24	5165.56
611.57	5207.69
611.90	8875.31
612.23	6899.90
612.56	9029.79
612.89	8454.02
613.22	8624.87
613.55	5132.79
613.88	9219.37
614.21	5673.46
614.54	7941.44
614.87	5643.03
615.20	4908.10
615.53	9736.63
615.87	6092.41
616.20	7211.19
616.53	10186.01
616.86	6986.50
617.19	7932.08
617.52	6216.46
617.85	6354.55
618.18	5961.34
618.51	6434.13
618.84	8404.86
619.17	6719.68
619.50	10724.33
619.83	10200.05
620.16	8428.27
620.49	6188.38
620.82	14038.53
621.14	10780.51
621.47	6459.88
621.80	9682.80
622.13	7276.73
622.46	14361.53
622.79	8500.83
623.12	5460.47
623.45	9233.41
623.78	8531.25
624.11	5699.20
624.44	7772.92
624.77	5628.99
625.10	5998.79
625.43	5596.22
625.75	7171.40
626.08	5956.66
626.41	5731.97
626.74	6951.39
627.07	6525.41
627.40	11925.03
627.73	6532.44
628.06	5900.49
628.38	4713.84
628.71	8634.24
629.04	9610.24
629.37	8664.66
629.70	7389.07
630.03	5841.98
630.36	9664.07
630.68	8781.69
631.01	6197.74
631.34	10586.24
631.67	6256.25
632.00	4795.76
632.32	8933.82
632.65	9884.08
632.98	7405.46
633.31	7178.42
633.64	9163.20
633.96	5614.95
634.29	10785.19
634.62	7459.29
634.95	7470.99
635.27	7302.47
635.60	8500.83
635.93	7740.15
636.26	7784.62
636.58	6630.74
636.91	6228.17
637.24	5942.62
637.57	7129.27
637.89	8266.77
638.22	6228.17
638.55	7328.22
638.87	7583.34
639.20	8641.26
639.53	7908.67
639.86	6036.24
640.18	5561.11
640.51	7328.22
640.84	7698.02
641.16	5500.26
641.49	7616.10
641.82	5675.80
642.14	5668.78
642.47	13895.76
642.80	6848.41
643.12	9366.82
643.45	6785.21
643.78	7246.30
644.10	6111.14
644.43	7049.69
644.75	10097.07
645.08	5205.35
645.41	7946.12
645.73	5795.17
646.06	15140.93
646.39	9015.74
646.71	6087.73
647.04	5940.28
647.36	5076.62
647.69	8531.25
648.01	7412.48
648.34	5942.62
648.67	9652.37
648.99	10328.78
649.32	5909.85
649.64	5181.95
649.97	4657.67
650.29	5320.04
650.62	14349.82
650.94	7047.35
651.27	10972.43
651.59	6885.86
651.92	6083.05
652.25	7953.14
652.57	5715.59
652.90	5811.55
653.22	7527.16
653.55	7625.47
653.87	4896.40
654.20	7232.26
654.52	10953.71
654.84	6733.72
655.17	7957.82
655.49	11176.06
655.82	6487.96
656.14	7721.43
656.47	8507.85
656.79	11475.65
657.12	6604.99
657.44	6396.68
657.77	8641.26
658.09	7396.09
658.41	6899.90
658.74	8388.48
659.06	5394.93
659.39	6832.02
659.71	6387.32
660.03	7155.02
660.36	6747.76
660.68	9898.13
661.01	13205.30
661.33	10548.79
661.65	6176.67
661.98	13940.23
662.30	10417.72
662.63	7185.44
662.95	6581.59
663.27	6090.07
663.60	5526.00
663.92	6698.61
664.24	6665.85
664.57	5746.02
664.89	6221.14
665.21	6251.57
665.54	9530.66
665.86	7211.19
666.18	7377.37
666.51	10237.50
666.83	6319.45
667.15	15084.75
667.47	9664.07
667.80	8175.49
668.12	6005.81
668.44	7314.17
668.77	8657.64
669.09	10146.22
669.41	8784.03
669.73	5364.51
670.06	7089.48
670.38	6712.66
670.70	5462.81
671.02	8283.16
671.35	6354.55
671.67	10417.72
671.99	6743.08
672.31	10097.07
672.63	7681.64
672.96	11033.29
673.28	6417.75
673.60	7318.86
673.92	7236.94
674.24	5973.05
674.57	6080.71
674.89	9895.78
675.21	6745.42
675.53	9008.72
675.85	9968.34
676.17	10026.86
676.50	5703.89
676.82	9788.12
677.14	7356.30
677.46	14501.96
677.78	5352.81
678.10	9406.61
678.42	6801.60
678.75	6272.64
679.07	5577.50
679.39	7030.97
679.71	6506.69
680.03	6389.66
680.35	6293.70
680.67	6506.69
680.99	5923.90
681.31	5455.79
681.63	8107.62
681.96	10150.90
682.28	6326.47
682.60	5743.67
682.92	8496.14
683.24	5305.99
683.56	8418.91
683.88	6076.03
684.20	6717.34
684.52	6394.34
684.84	6478.60
685.16	6509.03
685.48	8994.68
685.80	7616.10
686.12	8521.89
686.44	11756.51
686.76	6911.60
687.08	5420.68
687.40	5767.08
687.72	9205.33
688.04	6750.10
688.36	14527.71
688.68	11030.94
689.00	8011.65
689.32	6696.27
689.64	6579.25
689.96	7007.56
690.28	9579.81
690.60	10153.24
690.92	6092.41
691.24	8304.22
691.56	6553.50
691.88	6911.60
692.19	5706.23
692.51	9263.84
692.83	7927.39
693.15	8896.38
693.47	8006.97
693.79	7353.96
694.11	9633.64
694.43	7831.43
694.75	6977.14
695.06	7220.55
695.38	10134.52
695.70	7389.07
696.02	7410.14
696.34	6597.97
696.66	6532.44
696.98	5074.28
697.29	7398.43
697.61	11047.33
697.93	9895.78
698.25	13818.52
698.57	7983.57
698.89	5465.15
699.20	6794.58
699.52	11054.35
699.84	4912.78
700.16	6857.77
700.48	10546.45
700.79	5785.80
701.11	11786.94
701.43	9151.49
701.75	6164.97
702.07	6703.29
702.38	11779.92
702.70	6040.92
703.02	5940.28
703.34	8734.88
703.65	7384.39
703.97	6757.13
704.29	4978.32
704.61	5781.12
704.92	8990.00
705.24	6759.47
705.56	9394.91
705.87	9909.83
706.19	7382.05
706.51	5357.49
706.82	9832.59
707.14	6122.84
707.46	5195.99
707.78	5884.11
708.09	8535.93
708.41	9673.43
708.73	7562.27
709.04	10076.01
709.36	6717.34
709.68	7101.19
709.99	13011.04
710.31	10017.49
710.62	7346.94
710.94	6600.31
711.26	7859.52
711.57	6665.85
711.89	5605.58
712.21	15358.60
712.52	7351.62
712.84	10677.52
713.15	7637.17
713.47	9226.39
713.79	5659.42
714.10	6232.85
714.42	6778.19
714.73	10761.78
715.05	5462.81
715.36	5757.72
715.68	6019.86
715.99	6588.61
716.31	9694.50
716.63	8510.19
716.94	9481.51
717.26	19704.97
717.57	9305.97
717.89	11445.22
718.20	6092.41
718.52	8552.32
718.83	6942.03
719.15	14700.90
719.46	14183.65
719.78	7733.13
720.09	7105.87
720.41	6080.71
720.72	5610.26
721.04	5797.51
721.35	6981.82
721.67	6799.26
721.98	6590.95
722.29	6612.01
722.61	6148.59
722.92	4943.21
723.24	6916.28
723.55	7548.23
723.87	7688.66
724.18	8538.27
724.50	5619.63
724.81	7077.78
725.12	7295.45
725.44	8376.78
725.75	7463.97
726.07	10689.23
726.38	8311.24
726.69	6700.95
727.01	8744.24
727.32	8629.56
727.63	6665.85
727.95	10579.22
728.26	6459.88
728.58	8821.48
728.89	6366.26
729.20	7272.04
729.52	5849.00
729.83	13437.02
730.14	8592.11
730.46	7084.80
730.77	9980.04
731.08	8439.97
731.39	6658.82
731.71	7311.83
732.02	9137.45
732.33	7197.15
732.65	6628.40
732.96	10745.40
733.27	9167.88
733.59	14415.36
733.90	9610.24
734.21	5703.89
734.52	6829.68
734.84	17041.44
735.15	6576.91
735.46	6853.09
735.77	7398.43
736.09	7288.43
736.40	11026.26
736.71	9118.73
737.02	5610.26
737.33	6743.08
737.65	6871.81
737.96	7433.54
738.27	7805.69
738.58	13399.57
738.89	8535.93
739.21	6392.00
739.52	5170.24
739.83	8496.14
740.14	5998.79
740.45	7410.14
740.76	6441.15
741.08	5628.99
741.39	7059.06
741.70	6464.56
742.01	7803.35
742.32	10108.77
742.63	7801.01
742.94	6106.46
743.26	8655.30
743.57	8051.44
743.88	9329.38
744.19	7927.39
744.50	6855.43
744.81	12386.12
745.12	7112.89
745.43	6993.52
745.74	15330.51
746.05	12688.04
746.36	5151.52
746.67	12105.25
746.99	6836.70
747.30	8571.04
747.61	6551.16
747.92	7712.07
748.23	10211.76
748.54	6869.47
748.85	7073.10
749.16	7438.22
749.47	6052.63
749.78	6548.82
750.09	6366.26
750.40	8079.53
750.71	7625.47
751.02	8659.98
751.33	7143.32
751.64	8133.36
751.95	7239.28
752.26	8528.91
752.57	8844.88
752.88	6850.75
753.19	7433.54
753.50	10464.54
753.81	6967.77
754.11	7279.07
754.42	17071.87
754.73	7431.20
755.04	8079.53
755.35	7651.21
755.66	13724.90
755.97	5795.17
756.28	5935.60
756.59	8531.25
756.90	16783.98
757.21	8170.81
757.52	10974.77
757.82	8231.66
758.13	6546.48
758.44	9830.25
758.75	8688.07
759.06	6396.68
759.37	5900.49
759.68	8030.38
759.98	6574.56
760.29	8699.77
760.60	7796.32
760.91	5614.95
761.22	7115.23
761.53	7674.62
761.83	6279.66
762.14	7522.48
762.45	6483.28
762.76	5628.99
763.07	8304.22
763.37	15999.90
763.68	11276.70
763.99	13298.92
764.30	11705.02
764.60	6429.45
764.91	10164.95
765.22	7676.96
765.53	13444.04
765.84	8016.33
766.14	6946.71
766.45	5472.17
766.76	11068.39
767.06	11826.73
767.37	6855.43
767.68	7346.94
767.99	6796.92
768.29	6583.93
768.60	7323.54
768.91	10099.41
769.21	13200.62
769.52	11119.89
769.83	7150.34
770.13	7365.67
770.44	6876.49
770.75	9060.21
771.05	7311.83
771.36	8865.95
771.67	7602.06
771.97	6871.81
772.28	7026.29
772.59	7758.88
772.89	9270.86
773.20	6513.71
773.51	6527.75
773.81	11852.47
774.12	5884.11
774.42	7290.77
774.73	6132.20
775.04	6228.17
775.34	21521.23
775.65	8505.51
775.95	12414.20
776.26	8320.60
776.56	6874.15
776.87	8290.18
777.18	65535.00
777.48	17790.41
777.79	7634.83
778.09	11044.99
778.40	6913.94
778.70	7070.76
779.01	10810.93
779.31	7503.76
779.62	6665.85
779.92	9146.81
780.23	8704.45
780.53	5851.34
780.84	7283.75
781.14	6626.06
781.45	6406.05
781.75	9385.55
782.06	6415.41
782.36	8189.53
782.67	6001.13
782.97	6452.86
783.28	13383.18
783.58	6672.87
783.89	6604.99
784.19	8521.89
784.49	12753.58
784.80	7353.96
785.10	13064.87
785.41	6043.26
785.71	8578.06
786.02	8315.92
786.32	14436.42
786.62	9282.56
786.93	11852.47
787.23	6733.72
787.54	7061.40
787.84	12688.04
788.14	8641.26
788.45	5362.17
788.75	10399.00
789.05	6073.69
789.36	7131.61
789.66	13970.66
789.96	9324.69
790.27	7522.48
790.57	7372.69
790.87	6174.33
791.18	6523.07
791.48	6200.08
791.78	8468.06
792.09	8767.65
792.39	6277.32
792.69	9703.86
793.00	8479.76
793.30	8936.17
793.60	5767.08
793.90	5355.15
794.21	8468.06
794.51	16851.86
794.81	10953.71
795.11	7599.72
795.42	6626.06
795.72	11379.68
796.02	9280.22
796.32	8489.12
796.63	8767.65
796.93	10223.46
797.23	9188.94
797.53	8124.00
797.84	10363.89
798.14	6286.68
798.44	8175.49
798.74	8669.34
799.04	8196.56
799.34	5947.30
799.65	15915.64
799.95	7903.99
800.25	7112.89
800.55	6913.94
800.85	7988.25
801.15	6415.41
801.46	7080.12
801.76	17703.81
802.06	6736.06
802.36	9256.82
802.66	6654.14
802.96	9327.03
803.26	10890.51
803.56	13472.12
803.87	16383.75
804.17	7396.09
804.47	9823.23
804.77	10459.85
805.07	10754.76
805.37	9542.36
805.67	9036.81
805.97	6977.14
806.27	7454.61
806.57	6717.34
806.87	11831.41
807.17	8124.00
807.47	11676.93
807.77	10979.45
808.07	6876.49
808.37	11496.71
808.67	7719.09
808.98	15557.54
809.28	7026.29
809.58	15798.62
809.88	10661.14
810.18	14516.00
810.47	7265.02
810.77	7283.75
811.07	9352.78
811.37	8444.65
811.67	6155.61
811.97	5507.28
812.27	6106.46
812.57	5390.25
812.87	6733.72
813.17	6305.40
813.47	6223.48
813.77	6813.30
814.07	6642.44
814.37	9823.23
814.67	6384.98
814.97	7339.92
815.27	6272.64
815.56	8631.90
815.86	11204.14
816.16	8053.78
816.46	5956.66
816.76	6490.31
817.06	10202.40
817.36	12259.73
817.66	7515.46
817.95	6162.63
818.25	8470.40
818.55	9820.89
818.85	9202.99
819.15	6768.83
819.45	13184.24
819.75	7269.70
820.04	7360.98
820.34	15613.71
820.64	9785.78
820.94	12720.81
821.24	7082.46
821.53	6991.18
821.83	6647.12
822.13	5909.85
822.43	6942.03
822.72	5589.20
823.02	6413.07
823.32	6195.40
823.62	8030.38
823.91	14656.43
824.21	5783.46
824.51	8423.59
824.81	7059.06
825.10	5790.49
825.40	9193.62
825.70	7709.72
826.00	12517.18
826.29	6738.40
826.59	8201.24
826.89	7000.54
827.18	6296.04
827.48	6494.99
827.78	6010.50
828.07	7496.74
828.37	9338.74
828.67	8187.19
828.96	7676.96
829.26	6284.34
829.56	10700.93
829.85	6619.04
830.15	8411.89
830.45	5671.12
830.74	12257.39
831.04	9373.85
831.34	10193.03
831.63	13612.56
831.93	9750.67
832.22	9415.98
832.52	7478.01
832.82	5987.09
833.11	6064.33
833.41	6061.99
833.70	6581.59
834.00	10312.40
834.29	7747.17
834.59	5767.08
834.89	8435.29
835.18	7187.79
835.48	13064.87
835.77	8982.98
836.07	9181.92
836.36	8896.38
836.66	10190.69
836.95	7232.26
837.25	6600.31
837.54	7353.96
837.84	6761.81
838.13	7882.92
838.43	6333.49
838.72	13586.81
839.02	10621.35
839.31	6349.87
839.61	10478.58
839.90	5776.44
840.20	7702.70
840.49	5898.15
840.78	8344.01
841.08	9083.62
841.37	6775.85
841.67	5907.51
841.96	8919.78
842.26	7871.22
842.55	5685.16
842.84	6136.88
843.14	9879.40
843.43	5767.08
843.73	7424.18
844.02	5760.06
844.31	7176.08
844.61	6705.63
844.90	8241.03
845.20	7679.30
845.49	5408.98
845.78	6895.22
846.08	5966.03
846.37	4997.04
846.66	8451.67
846.96	8922.12
847.25	8360.39
847.54	5624.31
847.84	8767.65
848.13	7162.04
848.42	9912.17
848.72	6265.61
849.01	8762.97
849.30	6422.43
849.59	6242.21
849.89	6356.90
850.18	12374.41
850.47	6078.37
850.76	16128.63
851.06	14267.91
851.35	8381.46
851.64	9610.24
851.93	7740.15
852.23	10733.70
852.52	6836.70
852.81	6677.55
853.10	6375.62
853.40	5373.87
853.69	5472.17
853.98	7276.73
854.27	9715.56
854.56	6621.38
854.86	8699.77
855.15	7765.90
855.44	7960.16
855.73	5444.09
856.02	6401.37
856.31	9626.62
856.61	8140.38
856.90	6757.13
857.19	5762.40
857.48	5575.16
857.77	5834.96
858.06	5149.18
858.35	5640.69
858.65	11145.63
858.94	9179.58
859.23	7178.42
859.52	9125.75
859.81	11721.40
860.10	6324.13
860.39	9202.99
860.68	7747.17
860.97	6230.51
861.26	6274.98
861.55	11927.37
861.85	7520.14
862.14	9011.06
862.43	9408.95
862.72	7754.19
863.01	5750.70
863.30	6799.26
863.59	7307.15
863.88	7042.67
864.17	7290.77
864.46	6026.88
864.75	14429.40
865.04	7606.74
865.33	5886.45
865.62	10850.72
865.91	6413.07
866.20	8760.63
866.49	6731.38
866.78	6951.39
867.07	6747.76
867.36	10047.92
867.65	9736.63
867.93	8929.14
868.22	7297.79
868.51	6970.12
868.80	7679.30
869.09	6977.14
869.38	5987.09
869.67	12208.23
869.96	12208.23
870.25	12208.23
