178.76	1804.55
179.14	1804.55
179.52	1804.55
179.90	1776.47
180.28	10443.47
180.66	6033.90
181.04	7971.86
181.42	7155.02
181.80	6010.50
182.18	10293.68
182.55	5790.49
182.93	7119.91
183.31	6757.13
183.69	7786.96
184.07	7770.58
184.45	6890.54
184.83	7110.55
185.21	6394.34
185.59	6595.63
185.97	15515.41
186.35	11564.59
186.72	6899.90
187.10	7028.63
187.48	11173.72
187.86	8638.92
188.24	6452.86
188.62	6078.37
189.00	10714.97
189.38	7789.30
189.75	7438.22
190.13	7683.98
190.51	6218.80
190.89	14338.12
191.27	20219.89
191.65	6899.90
192.03	7611.42
192.40	10043.24
192.78	7447.58
193.16	8463.38
193.54	11705.02
193.92	10520.71
194.30	6604.99
194.67	9305.97
195.05	7936.76
195.43	7075.44
195.81	6642.44
196.19	10321.76
196.56	7515.46
196.94	7307.15
197.32	11206.48
197.70	6469.24
198.08	8402.52
198.45	6478.60
198.83	7293.11
199.21	6649.46
199.59	11779.92
199.97	7779.94
200.34	5820.91
200.72	6377.96
201.10	13422.97
201.48	9757.69
201.85	6326.47
202.23	6731.38
202.61	6644.78
202.99	39218.02
203.36	6649.46
203.74	8828.50
204.12	7009.90
204.49	6310.08
204.87	8484.44
205.25	6977.14
205.63	5717.93
206.00	6239.87
206.38	7810.37
206.76	9270.86
207.14	6462.22
207.51	5856.02
207.89	10438.79
208.27	6340.51
208.64	5315.36
209.02	6452.86
209.40	6876.49
209.77	5586.86
210.15	14986.45
210.53	5781.12
210.90	10801.57
211.28	6061.99
211.66	11496.71
212.03	6417.75
212.41	5912.19
212.79	6974.80
213.16	5898.15
213.54	7440.56
213.92	7737.81
214.29	5453.45
214.67	6396.68
215.05	6700.95
215.42	9076.60
215.80	6661.16
216.17	6572.22
216.55	7520.14
216.93	5738.99
217.30	8631.90
217.68	6296.04
218.05	6696.27
218.43	6392.00
218.81	6640.10
219.18	10843.70
219.56	6637.76
219.93	6485.62
220.31	6347.53
220.69	5834.96
221.06	6012.84
221.44	7262.68
221.81	6066.67
222.19	5605.58
222.56	6204.76
222.94	6766.49
223.32	7424.18
223.69	6284.34
224.07	8720.84
224.44	12119.29
224.82	7456.95
225.19	8245.71
225.57	7529.50
225.94	6604.99
226.32	7227.57
226.69	12100.57
227.07	8374.44
227.44	6574.56
227.82	7531.84
228.19	6916.28
228.57	8491.46
228.94	11356.28
229.32	9490.87
229.69	8748.92
230.07	6675.21
230.44	6270.30
230.82	10815.62
231.19	9142.13
231.57	5687.50
231.94	5839.64
232.32	8856.59
232.69	7084.80
233.07	7466.31
233.44	8210.60
233.82	7007.56
234.19	7501.42
234.57	9816.21
234.94	6370.94
235.31	6864.79
235.69	7274.38
236.06	7651.21
236.44	8566.36
236.81	5907.51
237.19	8030.38
237.56	11564.59
237.93	6476.26
238.31	7660.57
238.68	6939.69
239.06	7709.72
239.43	8882.33
239.81	8257.41
240.18	6064.33
240.55	6298.38
240.93	12582.72
241.30	7836.11
241.67	7248.64
242.05	8538.27
242.42	9469.81
242.80	6036.24
243.17	7875.90
243.54	7847.82
243.92	9434.70
244.29	7363.33
244.66	7770.58
245.04	9982.38
245.41	15810.32
245.78	6094.76
246.16	6970.12
246.53	8807.44
246.90	7239.28
247.28	12844.86
247.65	7140.97
248.02	7218.21
248.40	9998.77
248.77	7763.56
249.14	8475.08
249.52	7035.65
249.89	8629.56
250.26	6377.96
250.64	7506.10
251.01	14986.45
251.38	5907.51
251.75	7606.74
252.13	6958.41
252.50	8973.61
252.87	13331.69
253.25	5970.71
253.62	8032.72
253.99	5900.49
254.36	9376.19
254.74	6677.55
255.11	6197.74
255.48	5830.27
255.85	13895.76
256.23	5954.32
256.60	5600.90
256.97	7066.08
257.34	8126.34
257.71	7637.17
258.09	6466.90
258.46	7810.37
258.83	11066.05
259.20	9645.35
259.58	7208.85
259.95	7508.44
260.32	9434.70
260.69	6317.11
261.06	10595.61
261.44	6466.90
261.81	13076.57
262.18	8116.98
262.55	6553.50
262.92	7508.44
263.29	6787.55
263.67	5841.98
264.04	6846.07
264.41	7042.67
264.78	6841.39
265.15	10296.02
265.52	12407.18
265.90	7637.17
266.27	6621.38
266.64	5963.68
267.01	5818.57
267.38	8376.78
267.75	6450.52
268.12	5741.33
268.50	7375.03
268.87	6661.16
269.24	6473.92
269.61	7885.26
269.98	8493.80
270.35	8234.00
270.72	6707.98
271.09	7307.15
271.46	7061.40
271.83	8325.29
272.21	9465.13
272.58	6487.96
272.95	6885.86
273.32	7889.95
273.69	7950.80
274.06	6340.51
274.43	6935.01
274.80	7695.68
275.17	8407.20
275.54	12074.82
275.91	7978.89
276.28	8074.85
276.65	8362.73
277.02	11634.80
277.39	7045.01
277.76	7019.27
278.13	9160.86
278.50	9289.59
278.87	11014.56
279.24	9834.93
279.61	9179.58
279.98	10630.71
280.35	7309.49
280.72	8369.76
281.09	7934.42
281.46	8571.04
281.83	7133.95
282.20	8861.27
282.57	7604.40
282.94	9212.35
283.31	7751.85
283.68	8868.29
284.05	6871.81
284.42	6560.52
284.79	8798.07
285.16	9528.32
285.53	8353.37
285.90	8442.31
286.27	15410.09
286.64	6857.77
287.01	7527.16
287.38	9654.71
287.75	58152.95
288.12	9598.54
288.49	17001.65
288.86	7243.96
289.23	7379.71
289.59	7527.16
289.96	7042.67
290.33	7623.12
290.70	7850.16
291.07	9523.64
291.44	9191.28
291.81	7220.55
292.18	8793.39
292.55	7822.07
292.91	13535.32
293.28	9301.29
293.65	12028.01
294.02	8971.27
294.39	6895.22
294.76	8318.26
295.13	8542.96
295.50	8107.62
295.86	8156.77
296.23	7723.77
296.60	7124.59
296.97	7864.20
297.34	8278.47
297.71	10038.56
298.07	8517.21
298.44	6743.08
298.81	9135.11
299.18	8559.34
299.55	11569.27
299.91	8177.83
300.28	8465.72
300.65	6675.21
301.02	8751.26
301.39	9217.03
301.75	14174.28
302.12	9088.30
302.49	8100.59
302.86	11206.48
303.23	8346.35
303.59	7066.08
303.96	17521.25
304.33	10548.79
304.70	15440.51
305.06	7555.25
305.43	11047.33
305.80	9324.69
306.17	9909.83
306.53	7332.90
306.90	10436.45
307.27	8180.17
307.64	11194.78
308.00	7424.18
308.37	7286.09
308.74	12652.94
309.11	9633.64
309.47	7419.50
309.84	6583.93
310.21	7903.99
310.57	8496.14
310.94	7548.23
311.31	7985.91
311.67	8582.74
312.04	6635.42
312.41	10560.50
312.77	8938.51
313.14	7225.23
313.51	7775.26
313.87	7508.44
314.24	7122.25
314.61	7068.42
314.97	7325.88
315.34	8023.36
315.71	6504.35
316.07	9666.41
316.44	6700.95
316.81	9577.47
317.17	7136.29
317.54	15564.56
317.91	7176.08
318.27	6141.57
318.64	7641.85
319.00	9289.59
319.37	6328.81
319.74	9848.97
320.10	10136.86
320.47	7370.35
320.83	11246.27
321.20	7669.94
321.57	6616.69
321.93	7232.26
322.30	7932.08
322.66	7094.16
323.03	9125.75
323.40	8608.49
323.76	6988.84
324.13	7183.10
324.49	6080.71
324.86	18513.64
325.22	7999.95
325.59	7686.32
325.95	8442.31
326.32	9886.42
326.68	9685.14
327.05	7606.74
327.42	6743.08
327.78	7021.61
328.15	9856.00
328.51	6853.09
328.88	8950.21
329.24	11353.94
329.61	7777.60
329.97	9048.51
330.34	6939.69
330.70	7763.56
331.07	11140.95
331.43	8973.61
331.80	13425.31
332.16	10726.68
332.52	6920.96
332.89	8671.68
333.25	6127.52
333.62	12514.84
333.98	7414.82
334.35	7496.74
334.71	7946.12
335.08	6384.98
335.44	12226.96
335.81	11943.75
336.17	10335.81
336.53	7686.32
336.90	6499.67
337.26	8812.12
337.63	9703.86
337.99	8039.74
338.36	6485.62
338.72	9369.16
339.08	7927.39
339.45	6155.61
339.81	9792.80
340.18	7110.55
340.54	10593.26
340.90	6871.81
341.27	7386.73
341.63	8741.90
341.99	5813.89
342.36	10485.60
342.72	6256.25
343.09	10721.99
343.45	6745.42
343.81	10815.62
344.18	6097.10
344.54	7342.26
344.90	7983.57
345.27	7808.03
345.63	7309.49
345.99	9097.66
346.36	7571.63
346.72	6216.46
347.08	6303.06
347.45	5785.80
347.81	9966.00
348.17	7826.75
348.54	6003.47
348.90	9336.40
349.26	9715.56
349.62	10766.46
349.99	5722.61
350.35	5582.18
350.71	7880.58
351.08	7227.57
351.44	5614.95
351.80	13334.03
352.16	11798.64
352.53	6370.94
352.89	8535.93
353.25	11215.85
353.61	6878.83
353.98	8802.75
354.34	10293.68
354.70	6782.87
355.06	5680.48
355.43	7541.21
355.79	7000.54
356.15	7012.24
356.51	6272.64
356.88	6361.58
357.24	6857.77
357.60	5804.53
357.96	5647.71
358.32	15061.35
358.69	5650.05
359.05	8032.72
359.41	7674.62
359.77	6083.05
360.13	6450.52
360.49	6197.74
360.86	9060.21
361.22	10944.34
361.58	7901.65
361.94	10988.82
362.30	6054.97
362.66	8416.57
363.03	5493.24
363.39	5394.93
363.75	6459.88
364.11	10171.97
364.47	6485.62
364.83	10532.41
365.19	7637.17
365.56	8915.10
365.92	6118.16
366.28	8762.97
366.64	10005.79
367.00	5720.27
367.36	5694.52
367.72	10017.49
368.08	9514.28
368.44	6717.34
368.80	8512.53
369.17	6808.62
369.53	7052.03
369.89	6218.80
370.25	6249.23
370.61	6490.31
370.97	10918.60
371.33	6663.51
371.69	12725.49
372.05	8519.55
372.41	6083.05
372.77	6602.65
373.13	7779.94
373.49	5362.17
373.85	8067.83
374.21	7653.55
374.57	6111.14
374.93	8779.35
375.29	9305.97
375.65	7531.84
376.01	7358.64
376.37	10246.87
376.73	8594.45
377.09	6097.10
377.45	9760.03
377.81	6977.14
378.17	6324.13
378.53	5516.64
378.89	8559.34
379.25	10916.26
379.61	13998.74
379.97	9446.40
380.33	6686.91
380.69	6424.77
381.05	5947.30
381.41	9177.24
381.77	7243.96
382.13	8732.54
382.49	14710.27
382.85	7389.07
383.21	8704.45
383.57	5710.91
383.93	10396.66
384.28	5474.51
384.64	6757.13
385.00	7808.03
385.36	7389.07
385.72	9212.35
386.08	6258.59
386.44	8870.63
386.80	8915.10
387.16	10726.68
387.52	9533.00
387.87	13734.26
388.23	8154.43
388.59	6237.53
388.95	5776.44
389.31	6864.79
389.67	6822.66
390.03	6326.47
390.38	6612.01
390.74	5193.65
391.10	9345.76
391.46	7639.51
391.82	6296.04
392.18	8437.63
392.54	5200.67
392.89	5951.98
393.25	8432.95
393.61	6043.26
393.97	5867.72
394.33	7990.59
394.68	6862.45
395.04	5795.17
395.40	7466.31
395.76	9202.99
396.12	7616.10
396.47	6040.92
396.83	7098.84
397.19	5823.25
397.55	6026.88
397.90	7550.57
398.26	7407.80
398.62	5937.94
398.98	5165.56
399.33	6843.73
399.69	23452.17
400.05	8212.94
400.41	6195.40
400.76	8659.98
401.12	10071.33
401.48	7950.80
401.84	6181.35
402.19	6450.52
402.55	7936.76
402.91	7438.22
403.26	5554.09
403.62	8250.39
403.98	7131.61
404.34	5041.51
404.69	7143.32
405.05	9013.40
405.41	14040.87
405.76	6005.81
406.12	6001.13
406.48	6981.82
406.83	6122.84
407.19	8463.38
407.55	7985.91
407.90	13984.70
408.26	8477.42
408.62	9036.81
408.97	7328.22
409.33	5558.77
409.68	5944.96
410.04	7681.64
410.40	6232.85
410.75	8187.19
411.11	6047.94
411.47	7506.10
411.82	6647.12
412.18	7335.24
412.53	6815.64
412.89	6321.79
413.25	6946.71
413.60	7112.89
413.96	5406.64
414.31	6565.20
414.67	7384.39
415.03	5479.19
415.38	5865.38
415.74	6586.27
416.09	6644.78
416.45	8500.83
416.80	5947.30
417.16	8416.57
417.51	6871.81
417.87	6497.33
418.23	7819.73
418.58	8208.26
418.94	5156.20
419.29	6256.25
419.65	7693.34
420.00	8741.90
420.36	8271.45
420.71	8210.60
421.07	5755.38
421.42	7138.63
421.78	9170.22
422.13	6740.74
422.49	5469.83
422.84	7372.69
423.20	5303.65
423.55	5617.29
423.91	5624.31
424.26	13366.80
424.61	8224.64
424.97	11257.98
425.32	6087.73
425.68	6647.12
426.03	7686.32
426.39	9947.28
426.74	9685.14
427.10	9401.93
427.45	6143.91
427.80	7623.12
428.16	6745.42
428.51	6857.77
428.87	7623.12
429.22	9345.76
429.58	10146.22
429.93	9788.12
430.28	6052.63
430.64	6209.44
430.99	5268.55
431.35	7339.92
431.70	6553.50
432.05	6590.95
432.41	8217.62
432.76	7761.22
433.11	7768.24
433.47	7609.08
433.82	10623.69
434.17	7962.50
434.53	7740.15
434.88	13593.83
435.24	7597.38
435.59	7279.07
435.94	5678.14
436.30	8346.35
436.65	6462.22
437.00	9301.29
437.35	15587.97
437.71	6642.44
438.06	6455.20
438.41	6186.04
438.77	7854.84
439.12	5427.70
439.47	4924.49
439.83	7756.54
440.18	5275.57
440.53	6480.94
440.88	11932.05
441.24	8475.08
441.59	5696.86
441.94	6553.50
442.30	8016.33
442.65	12194.19
443.00	6902.24
443.35	10214.10
443.71	6654.14
444.06	9224.05
444.41	7887.61
444.76	10937.32
445.11	6935.01
445.47	9788.12
445.82	8652.96
446.17	5865.38
446.52	9940.26
446.88	7265.02
447.23	5331.74
447.58	7796.32
447.93	5991.77
448.28	28704.33
448.63	10562.84
448.99	6820.32
449.34	8177.83
449.69	8638.92
450.04	6181.35
450.39	6115.82
450.74	6946.71
451.10	6927.99
451.45	7133.95
451.80	7445.24
452.15	9790.46
452.50	7983.57
452.85	9509.60
453.21	8727.86
453.56	7651.21
453.91	6665.85
454.26	7246.30
454.61	5795.17
454.96	8297.20
455.31	6583.93
455.66	6387.32
456.01	7955.48
456.36	6251.57
456.72	5774.10
457.07	7609.08
457.42	10005.79
457.77	9067.24
458.12	5818.57
458.47	7185.44
458.82	9427.68
459.17	6909.26
459.52	6956.07
459.87	11379.68
460.22	5547.07
460.57	6991.18
460.92	5877.09
461.27	7936.76
461.62	6642.44
461.97	5832.62
462.32	11665.23
462.67	10672.84
463.02	13050.83
463.38	12872.95
463.73	8554.66
464.08	11953.12
464.43	7449.93
464.78	5741.33
465.12	8053.78
465.47	8238.69
465.82	27168.94
466.17	6469.24
466.52	8432.95
466.87	6167.31
467.22	5839.64
467.57	5203.01
467.92	7693.34
468.27	10658.80
468.62	14211.73
468.97	6544.14
469.32	4793.42
469.67	15302.42
470.02	13757.67
470.37	6073.69
470.72	7286.09
471.07	5310.68
471.42	6539.46
471.76	6567.54
472.11	6707.98
472.46	8339.33
472.81	14490.26
473.16	5856.02
473.51	6038.58
473.86	5252.16
474.21	6558.18
474.56	6258.59
474.90	6127.52
475.25	9635.99
475.60	8587.43
475.95	6029.22
476.30	10771.15
476.65	9956.64
477.00	14424.72
477.34	10970.09
477.69	5614.95
478.04	9057.87
478.39	7016.93
478.74	5753.04
479.09	5261.52
479.43	6829.68
479.78	4873.00
480.13	12030.35
480.48	9848.97
480.83	7061.40
481.17	5378.55
481.52	7035.65
481.87	6377.96
482.22	11616.08
482.57	6569.88
482.91	9029.79
483.26	7756.54
483.61	6429.45
483.96	7419.50
484.30	65535.00
484.65	12737.20
485.00	5888.79
485.35	6525.41
485.69	5841.98
486.04	6459.88
486.39	7489.71
486.74	7243.96
487.08	5263.86
487.43	7829.09
487.78	5085.98
488.12	7889.95
488.47	6043.26
488.82	10118.14
489.17	5624.31
489.51	5114.07
489.86	7695.68
490.21	5036.83
490.55	7475.67
490.90	5317.70
491.25	6312.42
491.59	5526.00
491.94	12407.18
492.29	6216.46
492.63	7019.27
492.98	4725.54
493.33	7290.77
493.67	6143.91
494.02	5469.83
494.37	5490.90
494.71	8163.79
495.06	6010.50
495.40	10230.48
495.75	5820.91
496.10	10059.62
496.44	6832.02
496.79	7969.52
497.13	5724.95
497.48	13701.50
497.83	9975.36
498.17	7981.23
498.52	6050.28
498.86	8482.10
499.21	6586.27
499.56	5738.99
499.90	6459.88
500.25	5203.01
500.59	6822.66
500.94	7616.10
501.28	8601.47
501.63	9210.01
501.97	6375.62
502.32	5701.54
502.67	7789.30
503.01	5327.06
503.36	6118.16
503.70	6026.88
504.05	8138.04
504.39	8910.42
504.74	6658.82
505.08	10363.89
505.43	4723.20
505.77	5357.49
506.12	7138.63
506.46	6504.35
506.81	5741.33
507.15	5673.46
507.49	6406.05
507.84	5598.56
508.18	7578.65
508.53	7037.99
508.87	6977.14
509.22	6387.32
509.56	65535.00
509.91	18794.50
510.25	6988.84
510.60	5039.17
510.94	8592.11
511.28	4835.55
511.63	8978.30
511.97	7508.44
512.32	8695.09
512.66	5664.10
513.00	6946.71
513.35	9139.79
513.69	5249.82
514.04	8163.79
514.38	8549.98
514.72	7300.13
515.07	5727.29
515.41	5710.91
515.76	5727.29
516.10	7618.44
516.44	8678.71
516.79	6164.97
517.13	5217.05
517.47	9001.70
517.82	7129.27
518.16	6494.99
518.50	7152.68
518.85	7258.00
519.19	9820.89
519.53	13046.15
519.88	8538.27
520.22	6480.94
520.56	6949.05
520.91	5156.20
521.25	5518.98
521.59	6724.36
521.93	7641.85
522.28	6377.96
522.62	7438.22
522.96	8903.40
523.31	6499.67
523.65	7707.38
523.99	8081.87
524.33	10981.79
524.68	7955.48
525.02	5418.34
525.36	7520.14
525.70	5118.75
526.05	5886.45
526.39	5565.79
526.73	8121.66
527.07	7140.97
527.41	10466.88
527.76	5551.75
528.10	6352.21
528.44	7700.36
528.78	6623.72
529.12	8287.84
529.47	6429.45
529.81	9085.96
530.15	8777.01
530.49	8013.99
530.83	5011.09
531.18	5762.40
531.52	6413.07
531.86	5214.71
532.20	7019.27
532.54	9219.37
532.88	4821.50
533.22	6321.79
533.57	7080.12
533.91	9048.51
534.25	5327.06
534.59	10413.04
534.93	8283.16
535.27	5605.58
535.61	6384.98
535.95	10427.09
536.30	8573.38
536.64	6876.49
536.98	4606.17
537.32	6387.32
537.66	4844.91
538.00	7803.35
538.34	8205.92
538.68	7922.71
539.02	11087.12
539.36	5973.05
539.70	5149.18
540.04	7176.08
540.39	19204.10
540.73	5727.29
541.07	6672.87
541.41	7234.60
541.75	7470.99
542.09	9832.59
542.43	7611.42
542.77	6754.79
543.11	7152.68
543.45	6883.52
543.79	9205.33
544.13	6289.02
544.47	6399.02
544.81	5586.86
545.15	7941.44
545.49	6616.69
545.83	5575.16
546.17	6324.13
546.51	4741.93
546.85	6045.60
547.19	10626.03
547.53	5116.41
547.87	8313.58
548.21	11520.12
548.54	6965.43
548.88	5914.53
549.22	5753.04
549.56	5128.11
549.90	5856.02
550.24	6710.32
550.58	5579.84
550.92	9502.58
551.26	6164.97
551.60	10480.92
551.94	6090.07
552.28	6326.47
552.61	8011.65
552.95	6319.45
553.29	5954.32
553.63	6979.48
553.97	10822.64
554.31	8997.02
554.65	9893.44
554.99	9823.23
555.32	6136.88
555.66	7805.69
556.00	4762.99
556.34	6445.84
556.68	6958.41
557.02	8982.98
557.36	7068.42
557.69	6750.10
558.03	5959.00
558.37	12271.43
558.71	14155.56
559.05	10061.96
559.38	10895.19
559.72	5636.01
560.06	8519.55
560.40	8086.55
560.74	9525.98
561.07	7686.32
561.41	8484.44
561.75	7501.42
562.09	6038.58
562.42	8716.16
562.76	8095.91
563.10	6977.14
563.44	23843.04
563.77	7445.24
564.11	7899.31
564.45	9408.95
564.79	7927.39
565.12	7040.33
565.46	7183.10
565.80	7494.40
566.14	7445.24
566.47	8997.02
566.81	5675.80
567.15	7258.00
567.48	7709.72
567.82	8053.78
568.16	7412.48
568.49	5741.33
568.83	5287.27
569.17	6661.16
569.50	7501.42
569.84	10523.05
570.18	7655.89
570.51	10682.20
570.85	6792.23
571.19	6298.38
571.52	5792.83
571.86	7232.26
572.20	6186.04
572.53	10471.56
572.87	5767.08
573.21	5654.73
573.54	5336.42
573.88	7452.27
574.21	6867.13
574.55	6621.38
574.89	9612.58
575.22	8765.31
575.56	6129.86
575.89	5987.09
576.23	6401.37
576.57	7667.60
576.90	5891.13
577.24	7279.07
577.57	5392.59
577.91	7676.96
578.24	5268.55
578.58	6593.29
578.91	7906.33
579.25	5881.77
579.59	6958.41
579.92	6647.12
580.26	5268.55
580.59	7662.91
580.93	7412.48
581.26	6181.35
581.60	7702.70
581.93	7976.55
582.27	10677.52
582.60	5659.42
582.94	7318.86
583.27	5355.15
583.61	6466.90
583.94	7307.15
584.28	5116.41
584.61	6422.43
584.94	7885.26
585.28	7705.04
585.61	8463.38
585.95	8088.89
586.28	11194.78
586.62	12449.31
586.95	6780.53
587.29	11681.61
587.62	14855.38
587.95	5621.97
588.29	7307.15
588.62	8245.71
588.96	9034.47
589.29	6127.52
589.62	6052.63
589.96	6413.07
590.29	6015.18
590.63	5240.46
590.96	8435.29
591.29	8734.88
591.63	9256.82
591.96	5434.72
592.29	6314.77
592.63	6120.50
592.96	7454.61
593.30	11262.66
593.63	7578.65
593.96	5734.31
594.30	6244.55
594.63	7595.04
594.96	11152.65
595.30	6848.41
595.63	6235.19
595.96	5900.49
596.29	7683.98
596.63	6349.87
596.96	8622.53
597.29	7641.85
597.63	5057.90
597.96	9877.06
598.29	9458.10
598.63	9116.39
598.96	5797.51
599.29	5933.26
599.62	5858.36
599.96	5900.49
600.29	6455.20
600.62	5605.58
600.95	6179.01
601.29	6642.44
601.62	7473.33
601.95	6904.58
602.28	5856.02
602.61	17514.23
602.95	7115.23
603.28	11452.24
603.61	5898.15
603.94	9100.00
604.27	5664.10
604.61	8086.55
604.94	7772.92
605.27	7183.10
605.60	5394.93
605.93	6045.60
606.27	9025.11
606.60	6757.13
606.93	5338.76
607.26	10628.37
607.59	6965.43
607.92	9336.40
608.26	5944.96
608.59	5863.04
608.92	6420.09
609.25	5605.58
609.58	7482.69
609.91	8292.52
610.24	13029.76
610.57	7906.33
610.90	9207.67
611.24	4926.83
611.57	5308.34
611.90	8636.58
612.23	6750.10
612.56	8603.81
612.89	8386.14
613.22	8451.67
613.55	5149.18
613.88	9032.13
614.21	5727.29
614.54	7676.96
614.87	5687.50
615.20	4758.31
615.53	9605.56
615.87	5916.87
616.20	7094.16
616.53	9844.29
616.86	6733.72
617.19	7641.85
617.52	6153.27
617.85	6211.78
618.18	5795.17
618.51	6373.28
618.84	8161.45
619.17	6574.56
619.50	10560.50
619.83	9888.76
620.16	8257.41
620.49	6061.99
620.82	13455.74
621.14	10384.96
621.47	7304.81
621.80	9430.02
622.13	7255.66
622.46	14125.13
622.79	8269.11
623.12	5418.34
623.45	8901.06
623.78	8432.95
624.11	5710.91
624.44	7496.74
624.77	5884.11
625.10	5930.92
625.43	5495.58
625.75	7075.44
626.08	5654.73
626.41	5664.10
626.74	6904.58
627.07	6401.37
627.40	11702.68
627.73	6289.02
628.06	5722.61
628.38	4755.97
628.71	8458.70
629.04	9364.48
629.37	8547.64
629.70	7272.04
630.03	5769.42
630.36	9432.36
630.68	8540.61
631.01	6054.97
631.34	10321.76
631.67	6143.91
632.00	4896.40
632.32	8573.38
632.65	9675.77
632.98	7470.99
633.31	6897.56
633.64	8858.93
633.96	5673.46
634.29	10574.54
634.62	7098.84
634.95	7480.35
635.27	7206.51
635.60	8109.96
635.93	7630.15
636.26	7604.40
636.58	6368.60
636.91	6169.65
637.24	5947.30
637.57	7094.16
637.89	8077.19
638.22	6317.11
638.55	7052.03
638.87	7473.33
639.20	8393.16
639.53	7817.39
639.86	5968.37
640.18	5713.25
640.51	7183.10
640.84	7672.28
641.16	5479.19
641.49	7424.18
641.82	5497.92
642.14	5685.16
642.47	13631.28
642.80	6752.45
643.12	9055.53
643.45	6747.76
643.78	7173.74
644.10	5853.68
644.43	6930.33
644.75	9790.46
645.08	5256.84
645.41	8011.65
645.73	5727.29
646.06	14640.05
646.39	8800.41
646.71	6076.03
647.04	5837.30
647.36	5153.86
647.69	8219.96
648.01	7201.83
648.34	5919.21
648.67	9352.78
648.99	10181.33
649.32	5853.68
649.64	5376.21
649.97	4786.40
650.29	5273.23
650.62	13879.38
650.94	7211.19
651.27	10712.63
651.59	6944.37
651.92	6129.86
652.25	7859.52
652.57	5680.48
652.90	5741.33
653.22	7555.25
653.55	7588.02
653.87	4966.62
654.20	7030.97
654.52	10689.23
654.84	6668.19
655.17	7831.43
655.49	10836.68
655.82	6452.86
656.14	7325.88
656.47	10806.25
656.79	11412.45
657.12	6530.09
657.44	6321.79
657.77	8664.66
658.09	7314.17
658.41	6705.63
658.74	8229.32
659.06	5427.70
659.39	6745.42
659.71	6237.53
660.03	6729.04
660.36	6541.80
660.68	9633.64
661.01	12812.09
661.33	10197.71
661.65	6179.01
661.98	13551.70
662.30	12945.50
662.63	7096.50
662.95	6396.68
663.27	5853.68
663.60	5509.62
663.92	6787.55
664.24	6546.48
664.57	5591.54
664.89	5980.07
665.21	6305.40
665.54	9252.14
665.86	7206.51
666.18	7403.11
666.51	9994.09
666.83	6356.90
667.15	14569.83
667.47	9408.95
667.80	8145.06
668.12	5991.77
668.44	7075.44
668.77	8521.89
669.09	9851.31
669.41	8648.28
669.73	5235.78
670.06	6960.75
670.38	6504.35
670.70	5277.91
671.02	7901.65
671.35	6134.54
671.67	10190.69
671.99	6595.63
672.31	9994.09
672.63	7510.78
672.96	10834.34
673.28	6197.74
673.60	7185.44
673.92	7101.19
674.24	5839.64
674.57	5980.07
674.89	9701.52
675.21	6581.59
675.53	8861.27
675.85	9633.64
676.17	9783.44
676.50	5713.25
676.82	9598.54
677.14	7185.44
677.46	14017.47
677.78	5315.36
678.10	8966.59
678.42	6897.56
678.75	6263.27
679.07	5474.51
679.39	6876.49
679.71	6202.42
680.03	6286.68
680.35	6317.11
680.67	6277.32
680.99	5781.12
681.31	5303.65
681.63	7826.75
681.96	9750.67
682.28	6174.33
682.60	5692.18
682.92	8163.79
683.24	5263.86
683.56	8336.99
683.88	6010.50
684.20	6700.95
684.52	6256.25
684.84	6232.85
685.16	6384.98
685.48	8769.99
685.80	7691.00
686.12	8381.46
686.44	11534.16
686.76	6803.94
687.08	5242.80
687.40	5514.30
687.72	8943.19
688.04	5872.40
688.36	13781.07
688.68	10707.95
689.00	7782.28
689.32	6490.31
689.64	6274.98
689.96	6682.23
690.28	9544.70
690.60	9809.19
690.92	5966.03
691.24	8170.81
691.56	6492.65
691.88	6567.54
692.19	5640.69
692.51	9069.58
692.83	7733.13
693.15	8762.97
693.47	8037.40
693.79	7190.13
694.11	9287.25
694.43	7772.92
694.75	6682.23
695.06	7349.28
695.38	9813.87
695.70	7122.25
696.02	7145.66
696.34	6347.53
696.66	6438.81
696.98	5109.39
697.29	7204.17
697.61	10651.78
697.93	9528.32
698.25	13228.71
698.57	7808.03
698.89	5256.84
699.20	6553.50
699.52	10626.03
699.84	4987.68
700.16	6710.32
700.48	10232.82
700.79	5713.25
701.11	11639.48
701.43	8926.80
701.75	5996.45
702.07	6668.19
702.38	11321.17
702.70	6059.65
703.02	5851.34
703.34	8454.02
703.65	7248.64
703.97	6579.25
704.29	5128.11
704.61	5619.63
704.92	8887.01
705.24	6541.80
705.56	9048.51
705.87	9652.37
706.19	7061.40
706.51	5095.35
706.82	9689.82
707.14	5968.37
707.46	5132.79
707.78	5792.83
708.09	8011.65
708.41	9518.96
708.73	7475.67
709.04	9954.30
709.36	6352.21
709.68	6810.96
709.99	12601.44
710.31	9998.77
710.62	6977.14
710.94	6333.49
711.26	7765.90
711.57	6593.29
711.89	5474.51
712.21	14635.37
712.52	7054.37
712.84	10195.37
713.15	7543.55
713.47	9076.60
713.79	5554.09
714.10	6164.97
714.42	6518.39
714.73	10368.57
715.05	5252.16
715.36	5530.69
715.68	5954.32
715.99	6438.81
716.31	9315.33
716.63	8269.11
716.94	9268.52
717.26	19180.69
717.57	8945.53
717.89	11204.14
718.20	5942.62
718.52	9121.07
718.83	6815.64
719.15	14188.33
719.46	13673.41
719.78	7541.21
720.09	7009.90
720.41	5834.96
720.72	5551.75
721.04	5645.37
721.35	6782.87
721.67	6651.80
721.98	6448.18
722.29	6289.02
722.61	6120.50
722.92	4966.62
723.24	6586.27
723.55	7283.75
723.87	7522.48
724.18	8608.49
724.50	5500.26
724.81	6839.05
725.12	6780.53
725.44	7981.23
725.75	7410.14
726.07	10214.10
726.38	8168.47
726.69	6494.99
727.01	8416.57
727.32	8936.17
727.63	6373.28
727.95	10490.28
728.26	6239.87
728.58	8741.90
728.89	6305.40
729.20	7040.33
729.52	5645.37
729.83	13331.69
730.14	8397.84
730.46	6857.77
730.77	9664.07
731.08	8250.39
731.39	6588.61
731.71	7033.31
732.02	9001.70
732.33	7070.76
732.65	6490.31
732.96	10551.14
733.27	8990.00
733.59	14024.49
733.90	9467.47
734.21	5563.45
734.52	6658.82
734.84	16325.24
735.15	6265.61
735.46	6780.53
735.77	7211.19
736.09	7150.34
736.40	10714.97
736.71	8779.35
737.02	5488.56
737.33	6448.18
737.65	6019.86
737.96	7293.11
738.27	7461.63
738.58	13174.88
738.89	8346.35
739.21	6457.54
739.52	5207.69
739.83	8451.67
740.14	6003.47
740.45	7218.21
740.76	6179.01
741.08	5526.00
741.39	6871.81
741.70	6363.92
742.01	7501.42
742.32	9795.14
742.63	7674.62
742.94	5877.09
743.26	8327.63
743.57	7815.05
743.88	8872.97
744.19	7611.42
744.50	6604.99
744.81	12152.06
745.12	7082.46
745.43	6871.81
745.74	14724.31
746.05	11295.43
746.36	5132.79
746.67	11974.18
746.99	6700.95
747.30	8135.70
747.61	6455.20
747.92	7651.21
748.23	9841.95
748.54	6567.54
748.85	6649.46
749.16	7199.49
749.47	5769.42
749.78	6410.73
750.09	6848.41
750.40	7960.16
750.71	7520.14
751.02	8105.28
751.33	6843.73
751.64	7943.78
751.95	7169.06
752.26	8489.12
752.57	8430.61
752.88	6537.12
753.19	7096.50
753.50	10068.98
753.81	6693.93
754.11	7199.49
754.42	16222.25
754.73	7262.68
755.04	7873.56
755.35	7473.33
755.66	13399.57
755.97	5841.98
756.28	5762.40
756.59	8432.95
756.90	16662.27
757.21	8006.97
757.52	11063.71
757.82	7995.27
758.13	6366.26
758.44	9619.60
758.75	8437.63
759.06	6230.51
759.37	5760.06
759.68	7843.14
759.98	6286.68
760.29	8418.91
760.60	7630.15
760.91	5413.66
761.22	6853.09
761.53	7522.48
761.83	6181.35
762.14	7318.86
762.45	6289.02
762.76	5694.52
763.07	7953.14
763.37	15819.68
763.68	10967.75
763.99	12746.56
764.30	11452.24
764.60	6305.40
764.91	9727.27
765.22	7545.89
765.53	12957.21
765.84	7889.95
766.14	6979.48
766.45	5390.25
766.76	10787.53
767.06	11620.76
767.37	6764.15
767.68	7260.34
767.99	6806.28
768.29	6326.47
768.60	7014.59
768.91	9825.57
769.21	12901.03
769.52	10871.79
769.83	6984.16
770.13	7108.21
770.44	6764.15
770.75	8662.32
771.05	7084.80
771.36	8718.50
771.67	7487.37
771.97	6862.45
772.28	6972.46
772.59	7662.91
772.89	9181.92
773.20	6483.28
773.51	6279.66
773.81	11342.24
774.12	5738.99
774.42	7073.10
774.73	5954.32
775.04	6057.31
775.34	20826.09
775.65	8217.62
775.95	12044.40
776.26	8044.42
776.56	6420.09
776.87	8294.86
777.18	65535.00
777.48	17179.53
777.79	7637.17
778.09	10714.97
778.40	6616.69
778.70	6642.44
779.01	10501.98
779.31	7442.90
779.62	6736.06
779.92	9043.83
780.23	8388.48
780.53	5570.48
780.84	7019.27
781.14	6441.15
781.45	6345.19
781.75	9177.24
782.06	6106.46
782.36	7840.79
782.67	5858.36
782.97	6211.78
783.28	12978.27
783.58	6579.25
783.89	6539.46
784.19	8374.44
784.49	12362.71
784.80	6836.70
785.10	12409.52
785.41	6029.22
785.71	8397.84
786.02	8140.38
786.32	13558.72
786.62	9114.05
786.93	11686.29
787.23	6588.61
787.54	6895.22
787.84	12276.11
788.14	8542.96
788.45	8648.28
788.75	6525.41
789.05	5795.17
789.36	7000.54
789.66	13261.48
789.96	9132.77
790.27	7482.69
790.57	7136.29
790.87	6052.63
791.18	6263.27
791.48	6080.71
791.78	7960.16
792.09	8601.47
792.39	6319.45
792.69	9252.14
793.00	8004.63
793.30	8741.90
793.60	5621.97
793.90	5334.08
794.21	8306.56
794.51	16283.11
794.81	10532.41
795.11	7414.82
795.42	6403.71
795.72	10979.45
796.02	8980.64
796.32	8142.72
796.63	8283.16
796.93	9781.10
797.23	9095.32
797.53	7847.82
797.84	9933.23
798.14	6183.70
798.44	7999.95
798.74	8318.26
799.04	7955.48
799.34	5778.78
799.65	15602.01
799.95	7616.10
800.25	6801.60
800.55	6567.54
800.85	7927.39
801.15	6174.33
801.46	7035.65
801.76	17132.72
802.06	6516.05
802.36	9001.70
802.66	6600.31
802.96	9029.79
803.26	10478.58
803.56	12936.14
803.87	16252.68
804.17	7225.23
804.47	9348.10
804.77	10085.37
805.07	10452.83
805.37	9434.70
805.67	8903.40
805.97	6951.39
806.27	7155.02
806.57	6647.12
806.87	11089.46
807.17	7819.73
807.47	11112.86
807.77	10609.65
808.07	6621.38
808.37	11201.80
808.67	7590.36
808.98	14803.89
809.28	6892.88
809.58	15492.01
809.88	10190.69
810.18	14001.08
810.47	7019.27
810.77	7215.87
811.07	9146.81
811.37	8098.25
811.67	6076.03
811.97	5327.06
812.27	6010.50
812.57	5329.40
812.87	6326.47
813.17	6143.91
813.47	6246.89
813.77	6743.08
814.07	6331.15
814.37	9638.33
814.67	6200.08
814.97	7075.44
815.27	6157.95
815.56	8456.36
815.86	10855.40
816.16	7810.37
816.46	5659.42
816.76	6286.68
817.06	10169.63
817.36	12152.06
817.66	7431.20
817.95	5912.19
818.25	8140.38
818.55	9729.61
818.85	9102.34
819.15	6581.59
819.45	12840.18
819.75	7208.85
820.04	7089.48
820.34	15173.69
820.64	9673.43
820.94	12184.83
821.24	6967.77
821.53	7356.30
821.83	6553.50
822.13	5797.51
822.43	6862.45
822.72	5643.03
823.02	6286.68
823.32	5909.85
823.62	7754.19
823.91	14312.38
824.21	5607.92
824.51	8112.30
824.81	6747.76
825.10	5577.50
825.40	8870.63
825.70	7459.29
826.00	12119.29
826.29	6619.04
826.59	7976.55
826.89	6693.93
827.18	6225.82
827.48	6230.51
827.78	5811.55
828.07	7318.86
828.37	9060.21
828.67	7932.08
828.96	7307.15
829.26	6502.01
829.56	9834.93
829.85	6459.88
830.15	8152.09
830.45	5692.18
830.74	11908.65
831.04	9245.12
831.34	9776.42
831.63	13036.78
831.93	9654.71
832.22	9149.15
832.52	7368.01
832.82	5755.38
833.11	5930.92
833.41	5980.07
833.70	6509.03
834.00	9912.17
834.29	7728.45
834.59	5509.62
834.89	8182.51
835.18	6878.83
835.48	12329.94
835.77	8772.33
836.07	8917.44
836.36	8807.44
836.66	10101.75
836.95	7169.06
837.25	6331.15
837.54	8538.27
837.84	6525.41
838.13	7702.70
838.43	6146.25
838.72	13399.57
839.02	10230.48
839.31	6279.66
839.61	10181.33
839.90	5631.33
840.20	7356.30
840.49	5776.44
840.78	8145.06
841.08	8879.99
841.37	6595.63
841.67	5851.34
841.96	8461.04
842.26	7754.19
842.55	5551.75
842.84	6033.90
843.14	9458.10
843.43	5598.56
843.73	7197.15
844.02	5600.90
844.31	6839.05
844.61	6513.71
844.90	8039.74
845.20	7339.92
845.49	5151.52
845.78	6665.85
846.08	5902.83
846.37	4980.66
846.66	8194.22
846.96	8657.64
847.25	8124.00
847.54	5523.66
847.84	8479.76
848.13	7089.48
848.42	9399.59
848.72	6108.80
849.01	8484.44
849.30	6441.15
849.59	5891.13
849.89	6190.72
850.18	11609.06
850.47	5872.40
850.76	17364.43
851.06	13905.12
851.35	8292.52
851.64	9462.79
851.93	7543.55
852.23	10209.42
852.52	6719.68
852.81	6525.41
853.10	7143.32
853.40	5317.70
853.69	5453.45
853.98	7143.32
854.27	9598.54
854.56	6457.54
854.86	8493.80
855.15	7517.80
855.44	7857.18
855.73	5217.05
856.02	6389.66
856.31	9177.24
856.61	7941.44
856.90	6630.74
857.19	5624.31
857.48	5411.32
857.77	5764.74
858.06	4945.55
858.35	5558.77
858.65	11009.88
858.94	8990.00
859.23	6885.86
859.52	8826.16
859.81	11407.77
860.10	6270.30
860.39	8793.39
860.68	7442.90
860.97	5813.89
861.26	6019.86
861.55	11562.25
861.85	7243.96
862.14	8849.57
862.43	9266.18
862.72	7585.68
863.01	5610.26
863.30	6380.30
863.59	7037.99
863.88	6965.43
864.17	7056.72
864.46	5961.34
864.75	13785.76
865.04	7541.21
865.33	5703.89
865.62	10382.62
865.91	6155.61
866.20	8402.52
866.49	6581.59
866.78	6785.21
867.07	6569.88
867.36	9516.62
867.65	11103.50
867.93	8503.17
868.22	7363.33
868.51	6815.64
868.80	7494.40
869.09	6747.76
869.38	5919.21
869.67	11871.20
869.96	11871.20
870.25	11871.20
