178.76	1638.38
179.14	1638.38
179.52	1638.38
179.90	1701.57
180.28	11021.58
180.66	6139.23
181.04	8245.71
181.42	7368.01
181.80	6319.45
182.18	11077.76
182.55	6118.16
182.93	7522.48
183.31	7150.34
183.69	8095.91
184.07	8306.56
184.45	7115.23
184.83	7442.90
185.21	6693.93
185.59	6993.52
185.97	16966.54
186.35	12346.33
186.72	7000.54
187.10	7328.22
187.48	11742.47
187.86	9153.84
188.24	6745.42
188.62	6347.53
189.00	11103.50
189.38	8212.94
189.75	7611.42
190.13	8056.12
190.51	6363.92
190.89	15211.14
191.27	21333.98
191.65	7066.08
192.03	7967.18
192.40	10340.49
192.78	7681.64
193.16	8954.89
193.54	12442.29
193.92	11002.86
194.30	6647.12
194.67	9563.43
195.05	8533.59
195.43	7384.39
195.81	7075.44
196.19	10899.87
196.56	7901.65
196.94	7508.44
197.32	11754.17
197.70	6651.80
198.08	8699.77
198.45	6635.42
198.83	7609.08
199.21	6801.60
199.59	12751.24
199.97	8287.84
200.34	5987.09
200.72	7199.49
201.10	14324.08
201.48	10211.76
201.85	6317.11
202.23	6923.30
202.61	6644.78
202.99	16297.15
203.36	6604.99
203.74	9198.31
204.12	7096.50
204.49	6520.73
204.87	8889.35
205.25	7335.24
205.63	5837.30
206.00	6513.71
206.38	7920.37
206.76	9774.08
207.14	6731.38
207.51	6061.99
207.89	11145.63
208.27	6504.35
208.64	5544.73
209.02	6686.91
209.40	7227.57
209.77	5757.72
210.15	16285.45
210.53	5867.72
210.90	11517.78
211.28	6303.06
211.66	12276.11
212.03	6693.93
212.41	5996.45
212.79	7155.02
213.16	6153.27
213.54	7908.67
213.92	7988.25
214.29	5636.01
214.67	6682.23
215.05	6803.94
215.42	9516.62
215.80	6691.59
216.17	6729.04
216.55	7831.43
216.93	5846.66
217.30	9170.22
217.68	6445.84
218.05	6796.92
218.43	6558.18
218.81	6932.67
219.18	11356.28
219.56	6745.42
219.93	6785.21
220.31	6553.50
220.69	5856.02
221.06	6218.80
221.44	7620.78
221.81	6459.88
222.19	5844.32
222.56	6141.57
222.94	6977.14
223.32	7655.89
223.69	6251.57
224.07	9167.88
224.44	12744.22
224.82	7632.49
225.19	8631.90
225.57	7592.70
225.94	6771.17
226.32	7431.20
226.69	12828.48
227.07	8840.20
227.44	6817.98
227.82	8109.96
228.19	6974.80
228.57	8802.75
228.94	11882.90
229.32	9612.58
229.69	9018.08
230.07	6822.66
230.44	6171.99
230.82	11152.65
231.19	9633.64
231.57	5614.95
231.94	5856.02
232.32	9242.78
232.69	7009.90
233.07	7543.55
233.44	8248.05
233.82	7133.95
234.19	7548.23
234.57	10303.04
234.94	6487.96
235.31	6846.07
235.69	7281.41
236.06	7604.40
236.44	8688.07
236.81	5975.39
237.19	8128.68
237.56	11698.00
237.93	6509.03
238.31	7805.69
238.68	7019.27
239.06	7679.30
239.43	8795.73
239.81	8255.07
240.18	6061.99
240.55	6422.43
240.93	13043.81
241.30	7901.65
241.67	7180.76
242.05	8711.47
242.42	9856.00
242.80	5942.62
243.17	7950.80
243.54	7791.64
243.92	9371.50
244.29	7180.76
244.66	7676.96
245.04	10183.67
245.41	16554.61
245.78	5989.43
246.16	6799.26
246.53	8966.59
246.90	7199.49
247.28	12894.01
247.65	6937.35
248.02	7145.66
248.40	10106.43
248.77	7646.53
249.14	8489.12
249.52	7037.99
249.89	8624.87
250.26	6389.66
250.64	7513.12
251.01	15723.72
251.38	5809.21
251.75	7552.91
252.13	6707.98
252.50	9249.80
252.87	13762.35
253.25	6090.07
253.62	8004.63
253.99	5781.12
254.36	9668.75
254.74	6644.78
255.11	6230.51
255.48	5666.44
255.85	14310.04
256.23	5767.08
256.60	5406.64
256.97	6773.51
257.34	8283.16
257.71	7826.75
258.09	6373.28
258.46	7882.92
258.83	11477.99
259.20	9769.40
259.58	7192.47
259.95	7255.66
260.32	9514.28
260.69	6111.14
261.06	11042.65
261.44	6293.70
261.81	13362.12
262.18	7871.22
262.55	6506.69
262.92	7428.86
263.29	6640.10
263.67	5689.84
264.04	6740.74
264.41	6878.83
264.78	6586.27
265.15	10384.96
265.52	12559.31
265.90	7646.53
266.27	6544.14
266.64	5837.30
267.01	5535.37
267.38	8098.25
267.75	6169.65
268.12	5263.86
268.50	7250.98
268.87	6298.38
269.24	6279.66
269.61	7688.66
269.98	8245.71
270.35	8191.88
270.72	6244.55
271.09	7007.56
271.46	6682.23
271.83	8102.93
272.21	9350.44
272.58	6083.05
272.95	6384.98
273.32	7442.90
273.69	7368.01
274.06	5514.30
274.43	6338.17
274.80	7183.10
275.17	7777.60
275.54	18015.10
275.91	7515.46
276.28	7389.07
276.65	7833.77
277.02	11248.61
277.39	6111.14
277.76	6342.85
278.13	8325.29
278.50	8908.08
278.87	10654.12
279.24	9305.97
279.61	8393.16
279.98	10024.51
280.35	6366.26
280.72	7501.42
281.09	6981.82
281.46	7494.40
281.83	6164.97
282.20	7932.08
282.57	6574.56
282.94	7939.10
283.31	6604.99
283.68	7957.82
284.05	5717.93
284.42	5474.51
284.79	7674.62
285.16	8557.00
285.53	7187.79
285.90	7470.99
286.27	14721.97
286.64	5607.92
287.01	6354.55
287.38	8622.53
287.75	59292.79
288.12	8561.68
288.49	16685.68
288.86	6090.07
289.23	6171.99
289.59	6242.21
289.96	6052.63
290.33	6392.00
290.70	6651.80
291.07	8423.59
291.44	7859.52
291.81	5963.68
292.18	7335.24
292.55	6787.55
292.91	12718.47
293.28	8430.61
293.65	10974.77
294.02	7803.35
294.39	5577.50
294.76	7016.93
295.13	7494.40
295.50	6972.46
295.86	7021.61
296.23	6609.67
296.60	5926.24
296.97	6502.01
297.34	7016.93
297.71	8966.59
298.07	7314.17
298.44	5352.81
298.81	7920.37
299.18	7639.51
299.55	10766.46
299.91	7028.63
300.28	7480.35
300.65	5493.24
301.02	7524.82
301.39	8128.68
301.75	13593.83
302.12	8269.11
302.49	6956.07
302.86	10677.52
303.23	7342.26
303.59	5853.68
303.96	17467.42
304.33	9762.37
304.70	15133.90
305.06	6597.97
305.43	10286.65
305.80	8524.23
306.17	9188.94
306.53	6469.24
306.90	9657.05
307.27	7339.92
307.64	10593.26
308.00	6661.16
308.37	6462.22
308.74	12156.74
309.11	8858.93
309.47	6366.26
309.84	5621.97
310.21	7215.87
310.57	7480.35
310.94	6682.23
311.31	7211.19
311.67	7826.75
312.04	5504.94
312.41	9865.36
312.77	8093.57
313.14	6349.87
313.51	6995.86
313.87	6583.93
314.24	6338.17
314.61	6342.85
314.97	6583.93
315.34	7150.34
315.71	5755.38
316.07	9214.69
316.44	5795.17
316.81	8812.12
317.17	6211.78
317.54	15728.40
317.91	6527.75
318.27	5558.77
318.64	6789.89
319.00	8865.95
319.37	5586.86
319.74	9476.83
320.10	9647.69
320.47	6719.68
320.83	11176.06
321.20	6927.99
321.57	6026.88
321.93	6661.16
322.30	7489.71
322.66	6473.92
323.03	8652.96
323.40	8074.85
323.76	6394.34
324.13	6527.75
324.49	5547.07
324.86	19105.79
325.22	7606.74
325.59	7108.21
325.95	7875.90
326.32	9418.32
326.68	9287.25
327.05	6993.52
327.42	6237.53
327.78	6471.58
328.15	9472.15
328.51	6471.58
328.88	8648.28
329.24	11316.49
329.61	7351.62
329.97	8594.45
330.34	6574.56
330.70	7349.28
331.07	10977.11
331.43	8807.44
331.80	13451.06
332.16	10366.23
332.52	6209.44
332.89	8365.07
333.25	5509.62
333.62	12503.14
333.98	7243.96
334.35	6925.65
334.71	7358.64
335.08	5935.60
335.44	12208.23
335.81	12011.63
336.17	10190.69
336.53	7248.64
336.90	5923.90
337.26	8727.86
337.63	9458.10
337.99	7691.00
338.36	5877.09
338.72	8903.40
339.08	7543.55
339.45	5998.79
339.81	9582.15
340.18	6698.61
340.54	10539.43
340.90	6403.71
341.27	7035.65
341.63	8514.87
341.99	5327.06
342.36	10541.77
342.72	6073.69
343.09	10602.63
343.45	6305.40
343.81	10506.66
344.18	5586.86
344.54	6956.07
344.90	7971.86
345.27	7456.95
345.63	7042.67
345.99	9118.73
346.36	7375.03
346.72	5991.77
347.08	6094.76
347.45	5544.73
347.81	10015.15
348.17	7667.60
348.54	5778.78
348.90	9050.85
349.26	9926.21
349.62	10841.36
349.99	5423.02
350.35	5212.37
350.71	7892.29
351.08	7243.96
351.44	5231.10
351.80	13394.89
352.16	11955.46
352.53	6045.60
352.89	8449.33
353.25	11403.09
353.61	6778.19
353.98	8704.45
354.34	10279.63
354.70	6553.50
355.06	5301.31
355.43	7328.22
355.79	6707.98
356.15	6836.70
356.51	6012.84
356.88	6143.91
357.24	6796.92
357.60	5542.39
357.96	5352.81
358.32	15838.41
358.69	5572.82
359.05	8077.19
359.41	7585.68
359.77	6005.81
360.13	6239.87
360.49	6218.80
360.86	9053.19
361.22	11218.19
361.58	7887.61
361.94	11225.21
362.30	5834.96
362.66	8578.06
363.03	5465.15
363.39	5331.74
363.75	6382.64
364.11	10263.25
364.47	6326.47
364.83	10640.08
365.19	7573.97
365.56	9006.38
365.92	5474.51
366.28	8777.01
366.64	10120.48
367.00	5507.28
367.36	5455.79
367.72	9947.28
368.08	9549.39
368.44	6537.12
368.80	8264.43
369.17	6595.63
369.53	6848.41
369.89	6059.65
370.25	6031.56
370.61	6202.42
370.97	10761.78
371.33	6483.28
371.69	12861.24
372.05	8685.73
372.41	5916.87
372.77	6637.76
373.13	7489.71
373.49	5181.95
373.85	8163.79
374.21	7712.07
374.57	5816.23
374.93	8723.18
375.29	9268.52
375.65	7524.82
376.01	7227.57
376.37	10548.79
376.73	8566.36
377.09	5905.17
377.45	9956.64
377.81	6916.28
378.17	6015.18
378.53	5357.49
378.89	8571.04
379.25	11080.10
379.61	14520.68
379.97	9605.56
380.33	6494.99
380.69	6202.42
381.05	5884.11
381.41	9125.75
381.77	7276.73
382.13	8664.66
382.49	15068.37
382.85	7419.50
383.21	8936.17
383.57	5362.17
383.93	10630.71
384.28	5303.65
384.64	6604.99
385.00	7550.57
385.36	7414.82
385.72	9188.94
386.08	6001.13
386.44	8879.99
386.80	9062.55
387.16	10965.41
387.52	9661.73
387.87	14106.41
388.23	8013.99
388.59	6195.40
388.95	5624.31
389.31	6920.96
389.67	6820.32
390.03	6321.79
390.38	6600.31
390.74	5088.32
391.10	9523.64
391.46	7733.13
391.82	6059.65
392.18	8381.46
392.54	4943.21
392.89	5703.89
393.25	8704.45
393.61	5760.06
393.97	5699.20
394.33	7946.12
394.68	6747.76
395.04	5598.56
395.40	7300.13
395.76	9376.19
396.12	7611.42
396.47	5771.76
396.83	7117.57
397.19	5795.17
397.55	5767.08
397.90	7459.29
398.26	7405.46
398.62	5778.78
398.98	5039.17
399.33	6883.52
399.69	24879.89
400.05	8372.10
400.41	5881.77
400.76	8924.46
401.12	10174.31
401.48	7892.29
401.84	6111.14
402.19	6574.56
402.55	8067.83
402.91	7279.07
403.26	5423.02
403.62	8407.20
403.98	7267.36
404.34	4868.31
404.69	7222.89
405.05	9317.67
405.41	14406.00
405.76	5989.43
406.12	6022.20
406.48	6909.26
406.83	6148.59
407.19	8613.17
407.55	7896.97
407.90	14504.30
408.26	8671.68
408.62	9460.45
408.97	7225.23
409.33	5551.75
409.68	5839.64
410.04	7646.53
410.40	6015.18
410.75	8276.13
411.11	5881.77
411.47	7681.64
411.82	6717.34
412.18	7433.54
412.53	6869.47
412.89	6293.70
413.25	7016.93
413.60	7442.90
413.96	5245.14
414.31	6464.56
414.67	7426.52
415.03	5364.51
415.38	5699.20
415.74	6541.80
416.09	6553.50
416.45	8568.70
416.80	6120.50
417.16	8519.55
417.51	6703.29
417.87	6715.00
418.23	8030.38
418.58	8243.37
418.94	5071.94
419.29	6256.25
419.65	7796.32
420.00	8922.12
420.36	8341.67
420.71	8393.16
421.07	5586.86
421.42	7148.00
421.78	9261.50
422.13	6752.45
422.49	5542.39
422.84	7302.47
423.20	5205.35
423.55	5549.41
423.91	5385.57
424.26	14181.31
424.61	8297.20
424.97	11461.60
425.32	6104.12
425.68	6822.66
426.03	7822.07
426.39	10333.47
426.74	10061.96
427.10	9565.77
427.45	6197.74
427.80	7662.91
428.16	6946.71
428.51	7002.88
428.87	7822.07
429.22	9603.22
429.58	10265.59
429.93	9987.07
430.28	6073.69
430.64	6291.36
430.99	5392.59
431.35	7747.17
431.70	6600.31
432.05	6923.30
432.41	8217.62
432.76	7885.26
433.11	8046.76
433.47	7871.22
433.82	10780.51
434.17	8271.45
434.53	7838.45
434.88	14427.06
435.24	7728.45
435.59	7508.44
435.94	5818.57
436.30	8344.01
436.65	6509.03
437.00	9647.69
437.35	16315.87
437.71	6665.85
438.06	6265.61
438.41	6298.38
438.77	8037.40
439.12	5373.87
439.47	4823.84
439.83	7861.86
440.18	5327.06
440.53	6712.66
440.88	12229.30
441.24	8718.50
441.59	5734.31
441.94	6649.46
442.30	8367.42
442.65	12814.43
443.00	7192.47
443.35	10457.51
443.71	6626.06
444.06	9479.17
444.41	7939.10
444.76	11620.76
445.11	7159.70
445.47	10260.91
445.82	9301.29
446.17	6069.01
446.52	10623.69
446.88	7405.46
447.23	5334.08
447.58	8126.34
447.93	6031.56
448.28	29996.31
448.63	10857.75
448.99	7133.95
449.34	8432.95
449.69	8999.36
450.04	6392.00
450.39	6216.46
450.74	7201.83
451.10	7045.01
451.45	7295.45
451.80	7672.28
452.15	10188.35
452.50	8348.69
452.85	10129.84
453.21	9008.72
453.56	7831.43
453.91	6860.11
454.26	7597.38
454.61	5895.81
454.96	8507.85
455.31	6885.86
455.66	6516.05
456.01	8299.54
456.36	6511.37
456.72	5926.24
457.07	7803.35
457.42	10604.97
457.77	9198.31
458.12	5968.37
458.47	7426.52
458.82	9717.90
459.17	7162.04
459.52	7288.43
459.87	12100.57
460.22	5708.57
460.57	7300.13
460.92	6115.82
461.27	8454.02
461.62	6764.15
461.97	5968.37
462.32	12358.03
462.67	10806.25
463.02	13736.60
463.38	13682.77
463.73	9118.73
464.08	12547.61
464.43	7791.64
464.78	5647.71
465.12	8454.02
465.47	8779.35
465.82	28088.77
466.17	6504.35
466.52	8732.54
466.87	6457.54
467.22	6080.71
467.57	5240.46
467.92	7934.42
468.27	11075.42
468.62	15293.06
468.97	6885.86
469.32	4943.21
469.67	16229.27
470.02	14288.97
470.37	6221.14
470.72	7840.79
471.07	5315.36
471.42	6787.55
471.76	7023.95
472.11	6782.87
472.46	8641.26
472.81	15307.10
473.16	6157.95
473.51	6106.46
473.86	5350.46
474.21	6724.36
474.56	6485.62
474.90	6328.81
475.25	9813.87
475.60	9015.74
475.95	6214.12
476.30	11393.73
476.65	10459.85
477.00	15281.36
477.34	11555.22
477.69	5715.59
478.04	9565.77
478.39	7379.71
478.74	5942.62
479.09	5380.89
479.43	7176.08
479.78	4999.38
480.13	12659.96
480.48	10354.53
480.83	7517.80
481.17	5504.94
481.52	7309.49
481.87	6672.87
482.22	12009.29
482.57	6794.58
482.91	9298.95
483.26	7953.14
483.61	6614.35
483.96	7648.87
484.30	65535.00
484.65	12599.10
485.00	5935.60
485.35	6792.23
485.69	6176.67
486.04	6715.00
486.39	7836.11
486.74	7726.11
487.08	5406.64
487.43	8056.12
487.78	5165.56
488.12	8461.04
488.47	6200.08
488.82	10626.03
489.17	5874.74
489.51	5144.50
489.86	8056.12
490.21	5188.97
490.55	7927.39
490.90	5392.59
491.25	6497.33
491.59	5542.39
491.94	12917.42
492.29	6506.69
492.63	7183.10
492.98	4987.68
493.33	7501.42
493.67	6375.62
494.02	5493.24
494.37	5671.12
494.71	8365.07
495.06	6148.59
495.40	10567.52
495.75	6122.84
496.10	10705.61
496.44	7101.19
496.79	8454.02
497.13	6015.18
497.48	14677.50
497.83	10546.45
498.17	8257.41
498.52	5933.26
498.86	8837.86
499.21	6885.86
499.56	6033.90
499.90	6574.56
500.25	5317.70
500.59	7033.31
500.94	7854.84
501.28	8716.16
501.63	9916.85
501.97	6607.33
502.32	5989.43
502.67	7922.71
503.01	5544.73
503.36	6345.19
503.70	6150.93
504.05	8416.57
504.39	9242.78
504.74	6883.52
505.08	10794.55
505.43	4772.35
505.77	5643.03
506.12	7351.62
506.46	6597.97
506.81	5886.45
507.15	5795.17
507.49	6450.52
507.84	5849.00
508.18	7934.42
508.53	7293.11
508.87	7267.36
509.22	6771.17
509.56	65535.00
509.91	19627.73
510.25	7192.47
510.60	5100.03
510.94	9055.53
511.28	4933.85
511.63	9680.46
511.97	7955.48
512.32	9259.16
512.66	5984.75
513.00	7318.86
513.35	9631.30
513.69	5458.13
514.04	8493.80
514.38	8868.29
514.72	7695.68
515.07	5930.92
515.41	5928.58
515.76	5998.79
516.10	7248.64
516.44	9022.77
516.79	6230.51
517.13	5502.60
517.47	9572.79
517.82	7538.87
518.16	6815.64
518.50	7419.50
518.85	7770.58
519.19	10377.94
519.53	13722.56
519.88	9055.53
520.22	6750.10
520.56	7042.67
520.91	5416.00
521.25	5579.84
521.59	6963.09
521.93	7992.93
522.28	6602.65
522.62	7784.62
522.96	9430.02
523.31	6726.70
523.65	8196.56
523.99	8816.80
524.33	11674.59
524.68	8311.24
525.02	5533.03
525.36	7953.14
525.70	5256.84
526.05	6143.91
526.39	5785.80
526.73	8582.74
527.07	7283.75
527.41	11000.52
527.76	5933.26
528.10	6654.14
528.44	8046.76
528.78	6939.69
529.12	8882.33
529.47	6684.57
529.81	9371.50
530.15	9540.02
530.49	8395.50
530.83	4985.34
531.18	5675.80
531.52	6729.04
531.86	5352.81
532.20	7349.28
532.54	9853.66
532.88	4894.06
533.22	6703.29
533.57	6122.84
533.91	9668.75
534.25	5542.39
534.59	11122.23
534.93	8746.58
535.27	5797.51
535.61	6801.60
535.95	11222.87
536.30	5399.62
536.64	7211.19
536.98	4622.56
537.32	6572.22
537.66	4947.89
538.00	8224.64
538.34	8676.37
538.68	8276.13
539.02	11929.71
539.36	6282.00
539.70	5298.97
540.04	6862.45
540.39	20252.66
540.73	5891.13
541.07	7187.79
541.41	7932.08
541.75	7838.45
542.09	10169.63
542.43	8095.91
542.77	7049.69
543.11	7683.98
543.45	7094.16
543.79	9556.41
544.13	6670.53
544.47	6864.79
544.81	5902.83
545.15	8365.07
545.49	6984.16
545.83	5631.33
546.17	6551.16
546.51	4873.00
546.85	6146.25
547.19	11227.55
547.53	5448.77
547.87	8791.05
548.21	12367.39
548.54	7279.07
548.88	6115.82
549.22	5891.13
549.56	5193.65
549.90	6120.50
550.24	7162.04
550.58	5643.03
550.92	9982.38
551.26	6380.30
551.60	11066.05
551.94	6579.25
552.28	6506.69
552.61	8596.79
552.95	6572.22
553.29	6209.44
553.63	7424.18
553.97	11578.63
554.31	9486.19
554.65	10623.69
554.99	10408.36
555.32	6466.90
555.66	8276.13
556.00	4865.97
556.34	6778.19
556.68	7405.46
557.02	9371.50
557.36	7524.82
557.69	7077.78
558.03	6265.61
558.37	12936.14
558.71	15005.17
559.05	10537.09
559.38	11569.27
559.72	5980.07
560.06	9165.54
560.40	8421.25
560.74	10054.94
561.07	8201.24
561.41	8973.61
561.75	8035.06
562.09	6202.42
562.42	9130.43
562.76	8339.33
563.10	7344.60
563.44	24877.55
563.77	7850.16
564.11	8334.65
564.45	9956.64
564.79	8374.44
565.12	7501.42
565.46	7705.04
565.80	7932.08
566.14	7765.90
566.47	9404.27
566.81	5947.30
567.15	7492.05
567.48	8030.38
567.82	8528.91
568.16	7868.88
568.49	5994.11
568.83	5394.93
569.17	7087.14
569.50	8021.02
569.84	11070.73
570.18	7955.48
570.51	11302.45
570.85	6911.60
571.19	6637.76
571.52	5846.66
571.86	9507.26
572.20	6546.48
572.53	11124.57
572.87	6092.41
573.21	5706.23
573.54	5537.71
573.88	7852.50
574.21	7360.98
574.55	7016.93
574.89	6459.88
575.22	9212.35
575.56	6324.13
575.89	6167.31
576.23	6656.48
576.57	8002.29
576.90	6129.86
577.24	7588.02
577.57	5621.97
577.91	7777.60
578.24	5350.46
578.58	7119.91
578.91	8299.54
579.25	6043.26
579.59	7396.09
579.92	7016.93
580.26	5467.49
580.59	8102.93
580.93	7775.26
581.26	6396.68
581.60	8131.02
581.93	8615.51
582.27	11276.70
582.60	5870.06
582.94	7576.31
583.27	5827.93
583.61	6668.19
583.94	7536.52
584.28	5357.49
584.61	6560.52
584.94	8416.57
585.28	8353.37
585.61	9027.45
585.95	8418.91
586.28	11899.28
586.62	13380.84
586.95	7159.70
587.29	12322.92
587.62	15716.70
587.95	5661.76
588.29	7744.83
588.62	8407.20
588.96	9495.55
589.29	6492.65
589.62	6342.85
589.96	6794.58
590.29	6349.87
590.63	5394.93
590.96	8781.69
591.29	9071.92
591.63	9769.40
591.96	5577.50
592.29	6640.10
592.63	6415.41
592.96	7693.34
593.30	12358.03
593.63	8154.43
593.96	5956.66
594.30	6335.83
594.63	7854.84
594.96	11859.49
595.30	7183.10
595.63	6649.46
595.96	6164.97
596.29	8077.19
596.63	6651.80
596.96	8901.06
597.29	8255.07
597.63	5228.76
597.96	10303.04
598.29	9966.00
598.63	9455.76
598.96	6118.16
599.29	6361.58
599.62	6141.57
599.96	6277.32
600.29	6949.05
600.62	5804.53
600.95	6291.36
601.29	7028.63
601.62	7793.98
601.95	7080.12
602.28	6298.38
602.61	22457.44
602.95	7358.64
603.28	12292.49
603.61	5961.34
603.94	9507.26
604.27	5982.41
604.61	8690.41
604.94	7932.08
605.27	7630.15
605.60	5785.80
605.93	6260.93
606.27	9298.95
606.60	6022.20
606.93	5460.47
607.26	11414.79
607.59	7250.98
607.92	10244.52
608.26	6223.48
608.59	6232.85
608.92	6775.85
609.25	5692.18
609.58	7801.01
609.91	8519.55
610.24	13781.07
610.57	8168.47
610.90	9963.66
611.24	5343.44
611.57	5329.40
611.90	9060.21
612.23	6913.94
612.56	9102.34
612.89	8791.05
613.22	8929.14
613.55	5317.70
613.88	9652.37
614.21	5895.81
614.54	7903.99
614.87	5865.38
615.20	4964.28
615.53	10296.02
615.87	6356.90
616.20	7253.32
616.53	10527.73
616.86	7169.06
617.19	8252.73
617.52	6265.61
617.85	6455.20
618.18	6001.13
618.51	6539.46
618.84	8655.30
619.17	6775.85
619.50	10906.90
619.83	10703.27
620.16	8683.39
620.49	6450.52
620.82	14511.32
621.14	10834.34
621.47	7669.94
621.80	9980.04
622.13	7478.01
622.46	15042.62
622.79	8685.73
623.12	5624.31
623.45	9500.23
623.78	8688.07
624.11	5837.30
624.44	7948.46
624.77	5724.95
625.10	6047.94
625.43	5839.64
625.75	7513.12
626.08	6368.60
626.41	5930.92
626.74	7150.34
627.07	6539.46
627.40	12582.72
627.73	6649.46
628.06	6113.48
628.38	4826.18
628.71	8828.50
629.04	10094.73
629.37	8901.06
629.70	7581.00
630.03	5940.28
630.36	9841.95
630.68	9270.86
631.01	6333.49
631.34	11187.76
631.67	6249.23
632.00	4987.68
632.32	9266.18
632.65	10171.97
632.98	7838.45
633.31	7321.20
633.64	9165.54
633.96	5973.05
634.29	11248.61
634.62	7431.20
634.95	7758.88
635.27	7524.82
635.60	8601.47
635.93	7911.01
636.26	8013.99
636.58	6441.15
636.91	6342.85
637.24	6136.88
637.57	7290.77
637.89	8564.02
638.22	6434.13
638.55	7433.54
638.87	7962.50
639.20	8940.85
639.53	8121.66
639.86	6396.68
640.18	5792.83
640.51	7541.21
640.84	8002.29
641.16	5710.91
641.49	7824.41
641.82	5799.85
642.14	5884.11
642.47	14417.70
642.80	7164.38
643.12	9572.79
643.45	7007.56
643.78	7353.96
644.10	6204.76
644.43	7375.03
644.75	10265.59
645.08	5345.78
645.41	8449.33
645.73	6024.54
646.06	15569.24
646.39	9493.21
646.71	6392.00
647.04	5996.45
647.36	5266.21
647.69	8830.84
648.01	7683.98
648.34	6277.32
648.67	10092.39
648.99	10654.12
649.32	6167.31
649.64	5444.09
649.97	4704.48
650.29	5572.82
650.62	14874.10
650.94	7410.14
651.27	11262.66
651.59	7162.04
651.92	6200.08
652.25	8177.83
652.57	5879.43
652.90	5872.40
653.22	7885.26
653.55	7740.15
653.87	5111.73
654.20	7534.18
654.52	11410.11
654.84	6785.21
655.17	8238.69
655.49	11536.50
655.82	6619.04
656.14	7840.79
656.47	8762.97
656.79	11915.67
657.12	6738.40
657.44	6635.42
657.77	9062.55
658.09	7576.31
658.41	7040.33
658.74	8711.47
659.06	5678.14
659.39	7169.06
659.71	6284.34
660.03	7192.47
660.36	6698.61
660.68	10171.97
661.01	13827.88
661.33	10960.73
661.65	6452.86
661.98	14188.33
662.30	10986.47
662.63	7309.49
662.95	6689.25
663.27	6298.38
663.60	5617.29
663.92	6876.49
664.24	6899.90
664.57	5930.92
664.89	6202.42
665.21	6476.26
665.54	9760.03
665.86	7581.00
666.18	7634.83
666.51	10780.51
666.83	6567.54
667.15	15517.75
667.47	9989.41
667.80	8327.63
668.12	6207.10
668.44	7583.34
668.77	9011.06
669.09	10614.33
669.41	9165.54
669.73	5437.06
670.06	7267.36
670.38	6890.54
670.70	5444.09
671.02	8315.92
671.35	6417.75
671.67	10867.11
671.99	6995.86
672.31	10256.23
672.63	8063.15
672.96	11440.54
673.28	6347.53
673.60	7585.68
673.92	7611.42
674.24	6059.65
674.57	6270.30
674.89	9879.40
675.21	6822.66
675.53	9439.38
675.85	10291.34
676.17	10312.40
676.50	5928.58
676.82	10195.37
677.14	7777.60
677.46	14897.51
677.78	5542.39
678.10	9860.68
678.42	7140.97
678.75	6581.59
679.07	5788.14
679.39	7295.45
679.71	6644.78
680.03	6675.21
680.35	6448.18
680.67	6677.55
680.99	6069.01
681.31	5626.65
681.63	8301.88
681.96	10401.34
682.28	6541.80
682.60	6054.97
682.92	8559.34
683.24	5504.94
683.56	8905.74
683.88	6431.79
684.20	6927.99
684.52	6593.29
684.84	6509.03
685.16	6766.49
685.48	9153.84
685.80	7903.99
686.12	9055.53
686.44	12084.19
686.76	6942.03
687.08	5458.13
687.40	5905.17
687.72	9359.80
688.04	6890.54
688.36	15012.20
688.68	11363.30
689.00	8126.34
689.32	6876.49
689.64	6602.65
689.96	7124.59
690.28	10125.16
690.60	10520.71
690.92	6263.27
691.24	8709.13
691.56	6846.07
691.88	7077.78
692.19	5902.83
692.51	9575.13
692.83	8287.84
693.15	9078.94
693.47	8222.30
693.79	7672.28
694.11	9820.89
694.43	8259.75
694.75	7002.88
695.06	7520.14
695.38	10420.06
695.70	7454.61
696.02	7707.38
696.34	6724.36
696.66	6654.14
696.98	5282.59
697.29	7407.80
697.61	11756.51
697.93	10094.73
698.25	14235.14
698.57	8320.60
698.89	5657.07
699.20	7035.65
699.52	11382.03
699.84	5224.08
700.16	7096.50
700.48	10913.92
700.79	5968.37
701.11	12203.55
701.43	9523.64
701.75	6214.12
702.07	6750.10
702.38	12348.67
702.70	6244.55
703.02	6181.35
703.34	8959.57
703.65	7655.89
703.97	6892.88
704.29	5142.16
704.61	5919.21
704.92	9420.66
705.24	6885.86
705.56	9645.35
705.87	10197.71
706.19	7304.81
706.51	5385.57
706.82	10345.17
707.14	6186.04
707.46	5441.75
707.78	5961.34
708.09	8404.86
708.41	9949.62
708.73	7826.75
709.04	10296.02
709.36	6750.10
709.68	7138.63
709.99	13406.59
710.31	10675.18
710.62	7522.48
710.94	6817.98
711.26	8266.77
711.57	6822.66
711.89	5881.77
712.21	15779.89
712.52	7379.71
712.84	10806.25
713.15	7906.33
713.47	9401.93
713.79	5561.11
714.10	6401.37
714.42	6864.79
714.73	11183.08
715.05	5460.47
715.36	5830.27
715.68	6258.59
715.99	6743.08
716.31	9797.48
716.63	8713.81
716.94	9460.45
717.26	20278.40
717.57	9252.14
717.89	11899.28
718.20	6122.84
718.52	8800.41
718.83	7136.29
719.15	15126.88
719.46	14640.05
719.78	7960.16
720.09	7248.64
720.41	6190.72
720.72	5813.89
721.04	5898.15
721.35	7136.29
721.67	7140.97
721.98	6878.83
722.29	6560.52
722.61	6490.31
722.92	5263.86
723.24	6871.81
723.55	7826.75
723.87	7953.14
724.18	9144.47
724.50	5708.57
724.81	7300.13
725.12	7360.98
725.44	8585.08
725.75	7808.03
726.07	10977.11
726.38	8514.87
726.69	6705.63
727.01	8985.32
727.32	8938.51
727.63	6665.85
727.95	11103.50
728.26	6612.01
728.58	9085.96
728.89	6642.44
729.20	7328.22
729.52	5933.26
729.83	14106.41
730.14	8861.27
730.46	7339.92
730.77	10078.35
731.08	8833.18
731.39	7026.29
731.71	7442.90
732.02	9387.89
732.33	7260.34
732.65	6857.77
732.96	11061.37
733.27	9621.94
733.59	14576.86
733.90	9895.78
734.21	5898.15
734.52	7012.24
734.84	18008.08
735.15	6757.13
735.46	7084.80
735.77	7749.51
736.09	7412.48
736.40	11421.81
736.71	9315.33
737.02	5617.29
737.33	6848.41
737.65	6946.71
737.96	7632.49
738.27	7899.31
738.58	13947.25
738.89	8884.67
739.21	6574.56
739.52	5343.44
739.83	8809.78
740.14	6366.26
740.45	7552.91
740.76	6654.14
741.08	5790.49
741.39	7183.10
741.70	6700.95
742.01	7999.95
742.32	10256.23
742.63	7957.82
742.94	6190.72
743.26	8982.98
743.57	8383.80
743.88	9385.55
744.19	8011.65
744.50	7023.95
744.81	12985.29
745.12	7236.94
745.43	7288.43
745.74	15747.12
746.05	11587.99
746.36	5263.86
746.67	12482.08
746.99	7105.87
747.30	8746.58
747.61	6726.70
747.92	7992.93
748.23	10576.88
748.54	7080.12
748.85	6874.15
749.16	7644.19
749.47	6052.63
749.78	6689.25
750.09	6612.01
750.40	8236.35
750.71	7915.69
751.02	8744.24
751.33	7335.24
751.64	8432.95
751.95	7475.67
752.26	8786.37
752.57	9074.26
752.88	6876.49
753.19	7503.76
753.50	11056.69
753.81	7054.37
754.11	7520.14
754.42	17539.97
754.73	7775.26
755.04	8086.55
755.35	7971.86
755.66	14256.20
755.97	5954.32
756.28	6090.07
756.59	8908.08
756.90	17886.37
757.21	8397.84
757.52	11470.97
757.82	8416.57
758.13	6609.67
758.44	10260.91
758.75	8816.80
759.06	6602.65
759.37	6111.14
759.68	8409.54
759.98	6621.38
760.29	8856.59
760.60	8006.97
760.91	5640.69
761.22	7206.51
761.53	7726.11
761.83	6476.26
762.14	7623.12
762.45	6506.69
762.76	5846.66
763.07	8727.86
763.37	16505.46
763.68	11531.82
763.99	13544.68
764.30	12241.00
764.60	6700.95
764.91	10244.52
765.22	7845.48
765.53	13916.83
765.84	8145.06
766.14	7241.62
766.45	5596.22
766.76	11508.41
767.06	12222.28
767.37	6995.86
767.68	7541.21
767.99	7063.74
768.29	6752.45
768.60	7658.23
768.91	10586.24
769.21	13706.18
769.52	11159.67
769.83	7435.88
770.13	7595.04
770.44	7012.24
770.75	9331.72
771.05	7562.27
771.36	9336.40
771.67	7805.69
771.97	7066.08
772.28	7321.20
772.59	8023.36
772.89	9603.22
773.20	6637.76
773.51	6712.66
773.81	12257.39
774.12	6111.14
774.42	7569.29
774.73	6200.08
775.04	6368.60
775.34	22242.11
775.65	8669.34
775.95	12938.48
776.26	8409.54
776.56	6860.11
776.87	8716.16
777.18	65535.00
777.48	18113.41
777.79	7992.93
778.09	11468.62
778.40	7014.59
778.70	6986.50
779.01	11243.93
779.31	7709.72
779.62	7229.91
779.92	9383.21
780.23	8915.10
780.53	5811.55
780.84	7213.53
781.14	6766.49
781.45	6583.93
781.75	9621.94
782.06	6487.96
782.36	8435.29
782.67	6169.65
782.97	6485.62
783.28	13926.19
783.58	6977.14
783.89	6761.81
784.19	8915.10
784.49	13158.49
784.80	7283.75
785.10	13310.63
785.41	6289.02
785.71	8961.91
786.02	8599.13
786.32	14691.54
786.62	9549.39
786.93	12297.17
787.23	6916.28
787.54	7222.89
787.84	12842.52
788.14	8807.44
788.45	5476.85
788.75	10274.95
789.05	6038.58
789.36	7447.58
789.66	14328.76
789.96	9593.86
790.27	7808.03
790.57	7562.27
790.87	6389.66
791.18	6520.73
791.48	6338.17
791.78	8582.74
792.09	8978.30
792.39	6478.60
792.69	10008.13
793.00	8826.16
793.30	9221.71
793.60	6012.84
793.90	5577.50
794.21	8676.37
794.51	17525.93
794.81	11040.31
795.11	7637.17
795.42	6647.12
795.72	11819.71
796.02	9462.79
796.32	8858.93
796.63	8814.46
796.93	10679.86
797.23	9399.59
797.53	8313.58
797.84	10501.98
798.14	6595.63
798.44	8407.20
798.74	8901.06
799.04	8465.72
799.34	6099.44
799.65	16641.21
799.95	8109.96
800.25	7302.47
800.55	6892.88
800.85	8177.83
801.15	6478.60
801.46	7384.39
801.76	18164.90
802.06	7014.59
802.36	9610.24
802.66	6752.45
802.96	9624.28
803.26	11218.19
803.56	13633.62
803.87	16964.20
804.17	7449.93
804.47	9991.75
804.77	10745.40
805.07	11077.76
805.37	10141.54
805.67	9320.01
805.97	7215.87
806.27	7480.35
806.57	6874.15
806.87	11962.48
807.17	8374.44
807.47	11810.34
807.77	11330.53
808.07	6963.09
808.37	11988.22
808.67	8032.72
808.98	15793.94
809.28	7089.48
809.58	16458.65
809.88	10761.78
810.18	15122.20
810.47	7398.43
810.77	7534.18
811.07	9710.88
811.37	8814.46
811.67	6289.02
811.97	5610.26
812.27	6197.74
812.57	5605.58
812.87	6834.36
813.17	6548.82
813.47	6518.39
813.77	7056.72
814.07	6726.70
814.37	10249.21
814.67	6590.95
814.97	7314.17
815.27	6534.78
815.56	9039.15
815.86	11585.65
816.16	8175.49
816.46	5886.45
816.76	6630.74
817.06	10626.03
817.36	12423.56
817.66	7838.45
817.95	6408.39
818.25	8587.43
818.55	10207.08
818.85	9640.67
819.15	6995.86
819.45	13509.57
819.75	7524.82
820.04	7730.79
820.34	16416.52
820.64	10328.78
820.94	12889.33
821.24	7279.07
821.53	7316.51
821.83	6736.06
822.13	6036.24
822.43	7250.98
822.72	5804.53
823.02	6562.86
823.32	6286.68
823.62	8454.02
823.91	15339.87
824.21	5891.13
824.51	8629.56
824.81	7236.94
825.10	5863.04
825.40	9633.64
825.70	7763.56
826.00	12863.58
826.29	6808.62
826.59	8489.12
826.89	7169.06
827.18	6560.52
827.48	6668.19
827.78	6209.44
828.07	7700.36
828.37	9755.35
828.67	8444.65
828.96	7688.66
829.26	6494.99
829.56	11005.20
829.85	6705.63
830.15	8512.53
830.45	5811.55
830.74	12493.78
831.04	9750.67
831.34	10361.55
831.63	13764.69
831.93	10003.45
832.22	9530.66
832.52	7789.30
832.82	6066.67
833.11	6214.12
833.41	6380.30
833.70	6860.11
834.00	10548.79
834.29	7730.79
834.59	5916.87
834.89	8772.33
835.18	7302.47
835.48	13495.53
835.77	9413.63
836.07	9509.60
836.36	9195.96
836.66	10604.97
836.95	7489.71
837.25	6698.61
837.54	7494.40
837.84	6789.89
838.13	8271.45
838.43	6527.75
838.72	14160.24
839.02	10832.00
839.31	6392.00
839.61	10827.32
839.90	5783.46
840.20	7812.71
840.49	6003.47
840.78	8622.53
841.08	9207.67
841.37	7063.74
841.67	5977.73
841.96	8985.32
842.26	8217.62
842.55	5968.37
842.84	6127.52
843.14	10307.72
843.43	5771.76
843.73	7597.38
844.02	5982.41
844.31	7405.46
844.61	6930.33
844.90	8486.78
845.20	7793.98
845.49	5558.77
845.78	7009.90
846.08	6097.10
846.37	5172.58
846.66	8650.62
846.96	9170.22
847.25	8777.01
847.54	5872.40
847.84	9217.03
848.13	7346.94
848.42	10026.86
848.72	6534.78
849.01	9074.26
849.30	6656.48
849.59	6277.32
849.89	6480.94
850.18	12828.48
850.47	6312.42
850.76	16446.94
851.06	15133.90
851.35	8751.26
851.64	9884.08
851.93	7964.84
852.23	11019.24
852.52	7007.56
852.81	6834.36
853.10	6567.54
853.40	5640.69
853.69	5657.07
853.98	7452.27
854.27	10076.01
854.56	6712.66
854.86	8922.12
855.15	7936.76
855.44	8358.05
855.73	5526.00
856.02	6569.88
856.31	9916.85
856.61	8285.50
856.90	6913.94
857.19	5886.45
857.48	5724.95
857.77	6017.52
858.06	5273.23
858.35	5851.34
858.65	11763.53
858.94	9483.85
859.23	7335.24
859.52	9472.15
859.81	12154.40
860.10	6609.67
860.39	9369.16
860.68	7653.55
860.97	6169.65
861.26	6312.42
861.55	12262.07
861.85	7719.09
862.14	9165.54
862.43	9757.69
862.72	8011.65
863.01	5776.44
863.30	6871.81
863.59	7487.37
863.88	7253.32
864.17	7461.63
864.46	6307.74
864.75	14789.85
865.04	7911.01
865.33	6104.12
865.62	11073.07
865.91	6572.22
866.20	8884.67
866.49	7028.63
866.78	7089.48
867.07	6801.60
867.36	10141.54
867.65	10015.15
867.93	9128.09
868.22	7431.20
868.51	7152.68
868.80	7871.22
869.09	7274.38
869.38	6181.35
869.67	12620.17
869.96	12620.17
870.25	12620.17
