178.76	1694.55
179.14	1694.55
179.52	1694.55
179.90	1734.34
180.28	10993.50
180.66	6167.31
181.04	8224.64
181.42	7389.07
181.80	6270.30
182.18	10768.80
182.55	5860.70
182.93	7222.89
183.31	7028.63
183.69	7840.79
184.07	8194.22
184.45	6972.46
184.83	7358.64
185.21	6520.73
185.59	6665.85
185.97	16315.87
186.35	11772.89
186.72	7117.57
187.10	7246.30
187.48	11616.08
187.86	9071.92
188.24	6590.95
188.62	6270.30
189.00	10988.82
189.38	7981.23
189.75	7473.33
190.13	7932.08
190.51	6118.16
190.89	14941.98
191.27	20652.89
191.65	6935.01
192.03	7824.41
192.40	10303.04
192.78	7482.69
193.16	8779.35
193.54	12241.00
193.92	10930.30
194.30	6717.34
194.67	9523.64
195.05	8500.83
195.43	7260.34
195.81	6871.81
196.19	10429.43
196.56	7801.01
196.94	7229.91
197.32	11613.74
197.70	6466.90
198.08	8517.21
198.45	6729.04
198.83	7576.31
199.21	6806.28
199.59	12245.68
199.97	7995.27
200.34	5790.49
200.72	6485.62
201.10	13825.54
201.48	9907.49
201.85	6303.06
202.23	6848.41
202.61	6572.22
202.99	15920.32
203.36	6420.09
203.74	8999.36
204.12	7096.50
204.49	6462.22
204.87	8795.73
205.25	7105.87
205.63	5764.74
206.00	6326.47
206.38	7693.34
206.76	9493.21
207.14	6597.97
207.51	5893.47
207.89	11014.56
208.27	6403.71
208.64	5390.25
209.02	6698.61
209.40	6998.20
209.77	5640.69
210.15	14190.67
210.53	5935.60
210.90	10925.62
211.28	6080.71
211.66	12067.80
212.03	6413.07
212.41	5839.64
212.79	7159.70
213.16	5959.00
213.54	7651.21
213.92	7964.84
214.29	5626.65
214.67	6595.63
215.05	6942.03
215.42	9308.31
215.80	6796.92
216.17	6663.51
216.55	7756.54
216.93	5785.80
217.30	8896.38
217.68	6420.09
218.05	6703.29
218.43	6459.88
218.81	6719.68
219.18	11091.80
219.56	6806.28
219.93	6480.94
220.31	6452.86
220.69	5907.51
221.06	6108.80
221.44	7431.20
221.81	6251.57
222.19	5591.54
222.56	6064.33
222.94	6895.22
223.32	7555.25
223.69	6291.36
224.07	8779.35
224.44	12479.74
224.82	7447.58
225.19	8437.63
225.57	7375.03
225.94	6600.31
226.32	7248.64
226.69	12245.68
227.07	8587.43
227.44	6810.96
227.82	7847.82
228.19	6981.82
228.57	8695.09
228.94	11517.78
229.32	9600.88
229.69	8901.06
230.07	6726.70
230.44	6061.99
230.82	10853.06
231.19	9465.13
231.57	5636.01
231.94	5753.04
232.32	8940.85
232.69	6789.89
233.07	7431.20
233.44	8095.91
233.82	6942.03
234.19	7693.34
234.57	9916.85
234.94	6342.85
235.31	6759.47
235.69	7082.46
236.06	7339.92
236.44	8713.81
236.81	5860.70
237.19	7829.09
237.56	11590.33
237.93	6387.32
238.31	7709.72
238.68	6986.50
239.06	7534.18
239.43	8751.26
239.81	7983.57
240.18	5968.37
240.55	6256.25
240.93	12807.41
241.30	7667.60
241.67	7129.27
242.05	8674.03
242.42	9504.92
242.80	5802.19
243.17	7754.19
243.54	7700.36
243.92	9160.86
244.29	6963.09
244.66	7578.65
245.04	9977.70
245.41	16093.52
245.78	5856.02
246.16	6862.45
246.53	8711.47
246.90	7021.61
247.28	12767.62
247.65	6918.62
248.02	7094.16
248.40	9848.97
248.77	7665.25
249.14	8280.82
249.52	6897.56
249.89	8355.71
250.26	6167.31
250.64	7424.18
251.01	15204.12
251.38	5734.31
251.75	7325.88
252.13	6628.40
252.50	9004.04
252.87	13146.79
253.25	5870.06
253.62	7737.81
253.99	5610.26
254.36	9554.07
254.74	6616.69
255.11	6026.88
255.48	5631.33
255.85	14003.43
256.23	5762.40
256.60	5490.90
256.97	6820.32
257.34	8154.43
257.71	7559.93
258.09	6394.34
258.46	7733.13
258.83	11033.29
259.20	9575.13
259.58	6937.35
259.95	7178.42
260.32	9345.76
260.69	6010.50
261.06	10733.70
261.44	6368.60
261.81	13238.07
262.18	7801.01
262.55	6363.92
262.92	7087.14
263.29	6569.88
263.67	5844.32
264.04	6602.65
264.41	6759.47
264.78	6593.29
265.15	10410.70
265.52	12449.31
265.90	7342.26
266.27	6289.02
266.64	5694.52
267.01	5507.28
267.38	8084.21
267.75	6031.56
268.12	5298.97
268.50	7056.72
268.87	6190.72
269.24	6141.57
269.61	7613.76
269.98	7960.16
270.35	7896.97
270.72	6204.76
271.09	6958.41
271.46	6504.35
271.83	7955.48
272.21	9174.90
272.58	6108.80
272.95	6246.89
273.32	7274.38
273.69	7166.72
274.06	5479.19
274.43	6193.06
274.80	7140.97
275.17	7632.49
275.54	16037.35
275.91	7360.98
276.28	7199.49
276.65	7602.06
277.02	11087.12
277.39	6134.54
277.76	6129.86
278.13	8222.30
278.50	8620.19
278.87	10258.57
279.24	8971.27
279.61	8163.79
279.98	9598.54
280.35	6328.81
280.72	7358.64
281.09	6972.46
281.46	7304.81
281.83	6050.28
282.20	7782.28
282.57	6494.99
282.94	8023.36
283.31	6331.15
283.68	7702.70
284.05	5708.57
284.42	5317.70
284.79	7632.49
285.16	8241.03
285.53	7190.13
285.90	7101.19
286.27	14513.66
286.64	5474.51
287.01	6218.80
287.38	8475.08
287.75	58770.85
288.12	8507.85
288.49	16449.28
288.86	5919.21
289.23	5895.81
289.59	6104.12
289.96	5879.43
290.33	6363.92
290.70	6541.80
291.07	8126.34
291.44	7632.49
291.81	5947.30
292.18	7344.60
292.55	6665.85
292.91	12402.50
293.28	8152.09
293.65	10759.44
294.02	7822.07
294.39	5582.18
294.76	6885.86
295.13	7241.62
295.50	7005.22
295.86	6881.18
296.23	6429.45
296.60	5767.08
296.97	6436.47
297.34	6986.50
297.71	8746.58
298.07	7208.85
298.44	5263.86
298.81	7812.71
299.18	7351.62
299.55	10464.54
299.91	6860.11
300.28	7309.49
300.65	5261.52
301.02	7365.67
301.39	7995.27
301.75	13125.72
302.12	7985.91
302.49	6757.13
302.86	10274.95
303.23	7201.83
303.59	5853.68
303.96	17092.93
304.33	9483.85
304.70	14473.87
305.06	6494.99
305.43	10043.24
305.80	8154.43
306.17	8957.23
306.53	6256.25
306.90	9254.48
307.27	7218.21
307.64	10389.64
308.00	6338.17
308.37	6251.57
308.74	11669.91
309.11	8915.10
309.47	5977.73
309.84	5563.45
310.21	7138.63
310.57	7363.33
310.94	6616.69
311.31	7087.14
311.67	7702.70
312.04	5458.13
312.41	9633.64
312.77	7976.55
313.14	6284.34
313.51	6773.51
313.87	6565.20
314.24	6284.34
314.61	6401.37
314.97	6429.45
315.34	7026.29
315.71	5483.88
316.07	8844.88
316.44	5715.59
316.81	8500.83
317.17	6216.46
317.54	15138.58
317.91	6249.23
318.27	5219.39
318.64	6621.38
319.00	8629.56
319.37	5418.34
319.74	9287.25
320.10	9497.89
320.47	6583.93
320.83	10452.83
321.20	6974.80
321.57	5961.34
321.93	6403.71
322.30	7407.80
322.66	6225.82
323.03	8535.93
323.40	7859.52
323.76	6462.22
324.13	6321.79
324.49	5366.85
324.86	18429.38
325.22	7288.43
325.59	6766.49
325.95	7740.15
326.32	9181.92
326.68	9062.55
327.05	6918.62
327.42	6066.67
327.78	6431.79
328.15	9249.80
328.51	6289.02
328.88	8564.02
329.24	10717.31
329.61	7272.04
329.97	8535.93
330.34	6310.08
330.70	7241.62
331.07	10583.90
331.43	8599.13
331.80	13004.02
332.16	10118.14
332.52	6090.07
332.89	8065.49
333.25	5462.81
333.62	12187.17
333.98	6750.10
334.35	6825.00
334.71	7194.81
335.08	5827.93
335.44	11669.91
335.81	11714.38
336.17	9935.57
336.53	7026.29
336.90	5912.19
337.26	8215.28
337.63	9308.31
337.99	7641.85
338.36	5959.00
338.72	8931.48
339.08	7349.28
339.45	5839.64
339.81	9415.98
340.18	6768.83
340.54	10104.09
340.90	6176.67
341.27	6909.26
341.63	8145.06
341.99	5287.27
342.36	10333.47
342.72	5682.82
343.09	10155.58
343.45	6242.21
343.81	10452.83
344.18	5603.24
344.54	6808.62
344.90	7672.28
345.27	7213.53
345.63	6801.60
345.99	8786.37
346.36	7061.40
346.72	5748.36
347.08	5916.87
347.45	5458.13
347.81	9863.02
348.17	7585.68
348.54	5680.48
348.90	8980.64
349.26	9598.54
349.62	10710.29
349.99	5273.23
350.35	5266.21
350.71	7679.30
351.08	7089.48
351.44	5114.07
351.80	13469.78
352.16	11721.40
352.53	5989.43
352.89	8269.11
353.25	11059.03
353.61	6436.47
353.98	8652.96
354.34	9806.84
354.70	6326.47
355.06	5203.01
355.43	7096.50
355.79	6597.97
356.15	6684.57
356.51	5996.45
356.88	6024.54
357.24	6630.74
357.60	5387.91
357.96	5273.23
358.32	15321.15
358.69	5355.15
359.05	7866.54
359.41	7456.95
359.77	5802.19
360.13	6179.01
360.49	6092.41
360.86	8807.44
361.22	11178.40
361.58	7676.96
361.94	10778.17
362.30	5781.12
362.66	8266.77
363.03	5156.20
363.39	5305.99
363.75	6050.28
364.11	10068.98
364.47	6232.85
364.83	10541.77
365.19	7424.18
365.56	8915.10
365.92	5247.48
366.28	8617.85
366.64	9818.55
367.00	5329.40
367.36	5338.76
367.72	9797.48
368.08	9231.07
368.44	6282.00
368.80	8259.75
369.17	6537.12
369.53	6736.06
369.89	5980.07
370.25	5820.91
370.61	6134.54
370.97	10604.97
371.33	6375.62
371.69	12788.69
372.05	8379.12
372.41	5741.33
372.77	6459.88
373.13	7478.01
373.49	5081.30
373.85	7955.48
374.21	7403.11
374.57	5764.74
374.93	8533.59
375.29	9076.60
375.65	7302.47
376.01	7002.88
376.37	10298.36
376.73	8234.00
377.09	5692.18
377.45	9734.29
377.81	6841.39
378.17	5849.00
378.53	5200.67
378.89	8278.47
379.25	10827.32
379.61	14155.56
379.97	9366.82
380.33	6310.08
380.69	6040.92
381.05	5621.97
381.41	9163.20
381.77	7054.37
382.13	8615.51
382.49	14607.28
382.85	7424.18
383.21	8622.53
383.57	5219.39
383.93	10352.19
384.28	5184.29
384.64	6373.28
385.00	7520.14
385.36	7185.44
385.72	8968.93
386.08	5930.92
386.44	8575.72
386.80	8741.90
387.16	10523.05
387.52	9462.79
387.87	13579.79
388.23	7758.88
388.59	6113.48
388.95	5526.00
389.31	6604.99
389.67	6745.42
390.03	6211.78
390.38	6466.90
390.74	5156.20
391.10	9465.13
391.46	7494.40
391.82	5884.11
392.18	8243.37
392.54	5064.92
392.89	5746.02
393.25	8425.93
393.61	5621.97
393.97	5444.09
394.33	7721.43
394.68	6707.98
395.04	5493.24
395.40	7232.26
395.76	9062.55
396.12	7513.12
396.47	5696.86
396.83	7007.56
397.19	5579.84
397.55	5736.65
397.90	7213.53
398.26	7133.95
398.62	5514.30
398.98	4931.51
399.33	6684.57
399.69	23826.65
400.05	8414.23
400.41	5849.00
400.76	8659.98
401.12	10080.69
401.48	7627.81
401.84	6029.22
402.19	6361.58
402.55	7735.47
402.91	7124.59
403.26	5233.44
403.62	8414.23
403.98	6946.71
404.34	4748.95
404.69	7009.90
405.05	9032.13
405.41	13968.32
405.76	5694.52
406.12	5834.96
406.48	6717.34
406.83	6085.39
407.19	8278.47
407.55	7988.25
407.90	13970.66
408.26	8271.45
408.62	9092.98
408.97	6883.52
409.33	5320.04
409.68	5703.89
410.04	7630.15
410.40	5942.62
410.75	8063.15
411.11	5736.65
411.47	7431.20
411.82	6583.93
412.18	7199.49
412.53	6602.65
412.89	6024.54
413.25	6768.83
413.60	7159.70
413.96	5146.84
414.31	6363.92
414.67	7265.02
415.03	5338.76
415.38	5781.12
415.74	6422.43
416.09	6417.75
416.45	8456.36
416.80	5919.21
417.16	8215.28
417.51	6640.10
417.87	6478.60
418.23	7815.05
418.58	8212.94
418.94	5022.79
419.29	5975.39
419.65	7679.30
420.00	8702.11
420.36	8095.91
420.71	7990.59
421.07	5488.56
421.42	7019.27
421.78	9053.19
422.13	6520.73
422.49	5284.93
422.84	7262.68
423.20	5214.71
423.55	5497.92
423.91	5434.72
424.26	14047.90
424.61	8248.05
424.97	11096.48
425.32	6115.82
425.68	6590.95
426.03	7508.44
426.39	9926.21
426.74	9874.72
427.10	9350.44
427.45	6209.44
427.80	7595.04
428.16	6888.20
428.51	6839.05
428.87	7541.21
429.22	9252.14
429.58	10015.15
429.93	9947.28
430.28	5907.51
430.64	6118.16
430.99	5165.56
431.35	7597.38
431.70	6441.15
432.05	6700.95
432.41	8042.08
432.76	7756.54
433.11	7756.54
433.47	7604.40
433.82	10476.24
434.17	7950.80
434.53	7700.36
434.88	14047.90
435.24	7613.76
435.59	7206.51
435.94	5497.92
436.30	8234.00
436.65	6352.21
437.00	9434.70
437.35	16252.68
437.71	6565.20
438.06	6235.19
438.41	6104.12
438.77	7723.77
439.12	5221.74
439.47	4725.54
439.83	7585.68
440.18	5221.74
440.53	6523.07
440.88	12152.06
441.24	8603.81
441.59	5633.67
441.94	6399.02
442.30	8224.64
442.65	12599.10
443.00	7070.76
443.35	10382.62
443.71	6511.37
444.06	9357.46
444.41	8051.44
444.76	11269.68
445.11	6944.37
445.47	9994.09
445.82	8992.34
446.17	5806.87
446.52	10129.84
446.88	7073.10
447.23	5181.95
447.58	7911.01
447.93	5863.04
448.28	29465.00
448.63	10869.45
448.99	6913.94
449.34	8353.37
449.69	8741.90
450.04	6195.40
450.39	6087.73
450.74	7016.93
451.10	6813.30
451.45	7115.23
451.80	7634.83
452.15	9944.94
452.50	8070.17
452.85	9895.78
453.21	8882.33
453.56	7723.77
453.91	6672.87
454.26	7412.48
454.61	5657.07
454.96	8327.63
455.31	6630.74
455.66	6277.32
456.01	8084.21
456.36	6359.24
456.72	6005.81
457.07	7754.19
457.42	10284.31
457.77	9146.81
458.12	5750.70
458.47	7265.02
458.82	9570.45
459.17	6862.45
459.52	7332.90
459.87	11644.17
460.22	5647.71
460.57	7094.16
460.92	6111.14
461.27	8306.56
461.62	6539.46
461.97	5806.87
462.32	11936.73
462.67	10504.32
463.02	13516.59
463.38	13327.01
463.73	8765.31
464.08	12098.23
464.43	7492.05
464.78	5556.43
465.12	8102.93
465.47	8620.19
465.82	27901.53
466.17	6476.26
466.52	8603.81
466.87	6253.91
467.22	5954.32
467.57	5268.55
467.92	7564.61
468.27	10998.18
468.62	14850.70
468.97	6733.72
469.32	4896.40
469.67	15585.63
470.02	13846.61
470.37	6129.86
470.72	7581.00
471.07	5315.36
471.42	6572.22
471.76	6832.02
472.11	6689.25
472.46	8524.23
472.81	15040.28
473.16	6017.52
473.51	6024.54
473.86	5149.18
474.21	6548.82
474.56	6310.08
474.90	6183.70
475.25	9666.41
475.60	8905.74
475.95	6099.44
476.30	11166.70
476.65	9989.41
477.00	14750.06
477.34	11110.52
477.69	5504.94
478.04	9057.87
478.39	7229.91
478.74	5921.56
479.09	5210.03
479.43	7126.93
479.78	4961.94
480.13	12271.43
480.48	10120.48
480.83	7105.87
481.17	5423.02
481.52	7234.60
481.87	6544.14
482.22	11719.06
482.57	6607.33
482.91	9111.71
483.26	7957.82
483.61	6555.84
483.96	7517.80
484.30	65535.00
484.65	12800.39
485.00	5891.13
485.35	6696.27
485.69	5966.03
486.04	6392.00
486.39	7599.72
486.74	7679.30
487.08	5245.14
487.43	7992.93
487.78	4952.57
488.12	8238.69
488.47	6125.18
488.82	10286.65
489.17	5809.21
489.51	5291.95
489.86	7880.58
490.21	5160.88
490.55	7676.96
490.90	5378.55
491.25	6504.35
491.59	5411.32
491.94	12762.94
492.29	6321.79
492.63	6956.07
492.98	4662.35
493.33	7145.66
493.67	6223.48
494.02	5474.51
494.37	5591.54
494.71	8339.33
495.06	6134.54
495.40	10410.70
495.75	5954.32
496.10	10567.52
496.44	6801.60
496.79	8292.52
497.13	5788.14
497.48	14017.47
497.83	10031.54
498.17	8107.62
498.52	6207.10
498.86	8610.83
499.21	6752.45
499.56	5893.47
499.90	6541.80
500.25	5432.38
500.59	7012.24
500.94	7623.12
501.28	8674.03
501.63	9610.24
501.97	6349.87
502.32	5872.40
502.67	7581.00
503.01	5280.25
503.36	6183.70
503.70	6045.60
504.05	8217.62
504.39	9001.70
504.74	6457.54
505.08	10827.32
505.43	4699.80
505.77	5514.30
506.12	7452.27
506.46	6665.85
506.81	5926.24
507.15	5811.55
507.49	6359.24
507.84	5741.33
508.18	7552.91
508.53	7169.06
508.87	7063.74
509.22	6448.18
509.56	65535.00
509.91	19028.56
510.25	6984.16
510.60	4924.49
510.94	8908.08
511.28	4870.65
511.63	9460.45
511.97	7510.78
512.32	8933.82
512.66	5738.99
513.00	7066.08
513.35	9535.34
513.69	5671.12
514.04	8194.22
514.38	8578.06
514.72	7550.57
515.07	5757.72
515.41	5701.54
515.76	5909.85
516.10	6981.82
516.44	8748.92
516.79	6200.08
517.13	5399.62
517.47	9504.92
517.82	7316.51
518.16	6534.78
518.50	7248.64
518.85	7461.63
519.19	10267.93
519.53	13233.39
519.88	8830.84
520.22	6410.73
520.56	6850.75
520.91	5275.57
521.25	5490.90
521.59	6710.32
521.93	7803.35
522.28	6516.05
522.62	7686.32
522.96	9015.74
523.31	6642.44
523.65	7906.33
523.99	8461.04
524.33	11283.72
524.68	7903.99
525.02	5528.35
525.36	7915.69
525.70	5107.05
526.05	6003.47
526.39	5558.77
526.73	8383.80
527.07	7176.08
527.41	10588.58
527.76	5816.23
528.10	6431.79
528.44	7850.16
528.78	6647.12
529.12	8596.79
529.47	6621.38
529.81	8863.61
530.15	9282.56
530.49	8114.64
530.83	4959.60
531.18	5540.05
531.52	6633.08
531.86	5369.19
532.20	7091.82
532.54	9568.11
532.88	4835.55
533.22	6483.28
533.57	6080.71
533.91	9240.44
534.25	5282.59
534.59	10799.23
534.93	8393.16
535.27	5921.56
535.61	6513.71
535.95	11007.54
536.30	5411.32
536.64	6768.83
536.98	4535.96
537.32	6520.73
537.66	5032.15
538.00	8245.71
538.34	8241.03
538.68	8257.41
539.02	11440.54
539.36	6197.74
539.70	5252.16
540.04	6710.32
540.39	19924.98
540.73	5797.51
541.07	7075.44
541.41	7599.72
541.75	7737.81
542.09	9870.04
542.43	7721.43
542.77	6876.49
543.11	7555.25
543.45	6984.16
543.79	9312.99
544.13	6436.47
544.47	6590.95
544.81	5652.39
545.15	8142.72
545.49	6787.55
545.83	5518.98
546.17	6579.25
546.51	4816.82
546.85	6076.03
547.19	10806.25
547.53	5369.19
547.87	8444.65
548.21	12011.63
548.54	7089.48
548.88	5914.53
549.22	5818.57
549.56	5240.46
549.90	6050.28
550.24	6874.15
550.58	5767.08
550.92	9572.79
551.26	6282.00
551.60	10736.04
551.94	6518.39
552.28	6312.42
552.61	8135.70
552.95	6424.77
553.29	6104.12
553.63	7089.48
553.97	11157.33
554.31	9462.79
554.65	10389.64
554.99	10188.35
555.32	6218.80
555.66	7854.84
556.00	4676.39
556.34	6567.54
556.68	7187.79
557.02	9078.94
557.36	7206.51
557.69	6642.44
558.03	6155.61
558.37	12559.31
558.71	14455.15
559.05	10312.40
559.38	11435.86
559.72	5701.54
560.06	8655.30
560.40	8119.32
560.74	9745.99
561.07	8135.70
561.41	9041.49
561.75	7840.79
562.09	6176.67
562.42	9004.04
562.76	8189.53
563.10	7213.53
563.44	23971.77
563.77	7503.76
564.11	8252.73
564.45	9708.54
564.79	8126.34
565.12	7180.76
565.46	7405.46
565.80	7602.06
566.14	7562.27
566.47	9308.31
566.81	5703.89
567.15	7407.80
567.48	7847.82
567.82	8290.18
568.16	7623.12
568.49	5802.19
568.83	5455.79
569.17	6916.28
569.50	7700.36
569.84	10647.10
570.18	7864.20
570.51	11272.02
570.85	6909.26
571.19	6544.14
571.52	5769.42
571.86	7403.11
572.20	6392.00
572.53	10867.11
572.87	6003.47
573.21	5713.25
573.54	5416.00
573.88	7751.85
574.21	7358.64
574.55	6813.30
574.89	6265.61
575.22	8954.89
575.56	6087.73
575.89	6092.41
576.23	6581.59
576.57	7908.67
576.90	5813.89
577.24	7468.65
577.57	5547.07
577.91	7590.36
578.24	5261.52
578.58	6743.08
578.91	8116.98
579.25	5912.19
579.59	7063.74
579.92	6813.30
580.26	5371.53
580.59	7899.31
580.93	7602.06
581.26	6459.88
581.60	7901.65
581.93	8248.05
582.27	11150.31
582.60	5699.20
582.94	7478.01
583.27	5614.95
583.61	6635.42
583.94	7393.75
584.28	5247.48
584.61	6445.84
584.94	8313.58
585.28	8140.38
585.61	8720.84
585.95	8308.90
586.28	11407.77
586.62	13067.21
586.95	6988.84
587.29	12006.95
587.62	15494.35
587.95	5636.01
588.29	7438.22
588.62	8402.52
588.96	9432.36
589.29	6218.80
589.62	6218.80
589.96	6689.25
590.29	6249.23
590.63	5266.21
590.96	8456.36
591.29	8858.93
591.63	9455.76
591.96	5504.94
592.29	6623.72
592.63	6303.06
592.96	7641.85
593.30	11681.61
593.63	7707.38
593.96	5832.62
594.30	6312.42
594.63	7754.19
594.96	11669.91
595.30	7150.34
595.63	6396.68
595.96	5905.17
596.29	7646.53
596.63	6473.92
596.96	8674.03
597.29	8156.77
597.63	5200.67
597.96	10265.59
598.29	9544.70
598.63	9348.10
598.96	5755.38
599.29	6207.10
599.62	6052.63
599.96	6076.03
600.29	6768.83
600.62	5636.01
600.95	6303.06
601.29	6815.64
601.62	7665.25
601.95	7108.21
602.28	6101.78
602.61	19583.26
602.95	7089.48
603.28	11908.65
603.61	5966.03
603.94	9451.08
604.27	5757.72
604.61	8358.05
604.94	7866.54
605.27	7529.50
605.60	5575.16
605.93	6115.82
606.27	9100.00
606.60	5877.09
606.93	5413.66
607.26	11192.44
607.59	7033.31
607.92	10033.88
608.26	6019.86
608.59	6069.01
608.92	6558.18
609.25	5666.44
609.58	7653.55
609.91	8194.22
610.24	13671.07
610.57	7953.14
610.90	9387.89
611.24	5163.22
611.57	5329.40
611.90	8807.44
612.23	6885.86
612.56	8959.57
612.89	8379.12
613.22	8765.31
613.55	5233.44
613.88	9408.95
614.21	5760.06
614.54	7712.07
614.87	5792.83
615.20	4697.46
615.53	9884.08
615.87	6134.54
616.20	7218.21
616.53	10232.82
616.86	6923.30
617.19	8046.76
617.52	6218.80
617.85	6312.42
618.18	5774.10
618.51	6492.65
618.84	8561.68
619.17	6715.00
619.50	10750.08
619.83	10354.53
620.16	8430.61
620.49	6221.14
620.82	14026.83
621.14	10712.63
621.47	6537.12
621.80	9778.76
622.13	7438.22
622.46	14640.05
622.79	8456.36
623.12	5624.31
623.45	9188.94
623.78	8486.78
624.11	5856.02
624.44	7618.44
624.77	5626.65
625.10	6043.26
625.43	5617.29
625.75	7297.79
626.08	6005.81
626.41	5736.65
626.74	7073.10
627.07	6382.64
627.40	12147.38
627.73	6408.39
628.06	5860.70
628.38	4854.27
628.71	8833.18
629.04	9722.59
629.37	8636.58
629.70	7328.22
630.03	5790.49
630.36	9727.27
630.68	8931.48
631.01	6314.77
631.34	10775.83
631.67	6235.19
632.00	4931.51
632.32	8990.00
632.65	9937.91
632.98	7637.17
633.31	7155.02
633.64	9048.51
633.96	5853.68
634.29	10878.81
634.62	7386.73
634.95	7557.59
635.27	7541.21
635.60	8493.80
635.93	7894.63
636.26	7861.86
636.58	6396.68
636.91	6225.82
637.24	6115.82
637.57	7243.96
637.89	8093.57
638.22	6246.89
638.55	7286.09
638.87	7688.66
639.20	8585.08
639.53	8013.99
639.86	6186.04
640.18	5788.14
640.51	7613.76
640.84	7857.18
641.16	5530.69
641.49	7545.89
641.82	5671.12
642.14	5741.33
642.47	14106.41
642.80	6909.26
643.12	9401.93
643.45	6825.00
643.78	7201.83
644.10	6141.57
644.43	7047.35
644.75	10015.15
645.08	5212.37
645.41	7950.80
645.73	5652.39
646.06	14853.04
646.39	9231.07
646.71	6141.57
647.04	5914.53
647.36	4961.94
647.69	8594.45
648.01	7328.22
648.34	6054.97
648.67	9820.89
648.99	10324.10
649.32	5970.71
649.64	5444.09
649.97	4676.39
650.29	5310.68
650.62	14600.26
650.94	7424.18
651.27	11047.33
651.59	6801.60
651.92	6129.86
652.25	8037.40
652.57	5774.10
652.90	5834.96
653.22	7573.97
653.55	7676.96
653.87	4910.44
654.20	7311.83
654.52	10965.41
654.84	6874.15
655.17	8372.10
655.49	11407.77
655.82	6340.51
656.14	7651.21
656.47	8446.99
656.79	11344.58
657.12	6590.95
657.44	6457.54
657.77	8924.46
658.09	7487.37
658.41	6712.66
658.74	8362.73
659.06	5444.09
659.39	6935.01
659.71	6403.71
660.03	7197.15
660.36	6616.69
660.68	9937.91
661.01	13252.11
661.33	10572.20
661.65	6169.65
661.98	13991.72
662.30	10448.15
662.63	7194.81
662.95	6583.93
663.27	6115.82
663.60	5528.35
663.92	6775.85
664.24	6684.57
664.57	5746.02
664.89	6092.41
665.21	6230.51
665.54	9628.96
665.86	7183.10
666.18	7573.97
666.51	10443.47
666.83	6403.71
667.15	15110.50
667.47	9551.73
667.80	8404.86
668.12	6141.57
668.44	7328.22
668.77	8732.54
669.09	10132.18
669.41	8734.88
669.73	5231.10
670.06	7063.74
670.38	6778.19
670.70	5516.64
671.02	8329.97
671.35	6347.53
671.67	10569.86
671.99	6677.55
672.31	10174.31
672.63	7742.49
672.96	10904.56
673.28	6448.18
673.60	7417.16
673.92	7368.01
674.24	5956.66
674.57	6099.44
674.89	9919.19
675.21	6640.10
675.53	8994.68
675.85	9963.66
676.17	9811.53
676.50	5809.21
676.82	9776.42
677.14	7475.67
677.46	14551.11
677.78	5408.98
678.10	9427.68
678.42	7070.76
678.75	6422.43
679.07	5717.93
679.39	7035.65
679.71	6490.31
680.03	6420.09
680.35	6396.68
680.67	6544.14
680.99	5949.64
681.31	5287.27
681.63	8205.92
681.96	10174.31
682.28	6480.94
682.60	5813.89
682.92	8327.63
683.24	5139.82
683.56	8613.17
683.88	6190.72
684.20	6766.49
684.52	6333.49
684.84	6298.38
685.16	6420.09
685.48	9149.15
685.80	7747.17
686.12	8655.30
686.44	11866.52
686.76	6918.62
687.08	5338.76
687.40	5696.86
687.72	9165.54
688.04	6619.04
688.36	14583.88
688.68	11082.44
689.00	7967.18
689.32	6710.32
689.64	6410.73
689.96	6871.81
690.28	9736.63
690.60	10225.80
690.92	6033.90
691.24	8496.14
691.56	6635.42
691.88	6963.09
692.19	5750.70
692.51	9348.10
692.83	7976.55
693.15	8772.33
693.47	8187.19
693.79	7552.91
694.11	9741.31
694.43	7922.71
694.75	6874.15
695.06	7302.47
695.38	10335.81
695.70	7382.05
696.02	7323.54
696.34	6499.67
696.66	6359.24
696.98	5170.24
697.29	7522.48
697.61	11241.59
697.93	10005.79
698.25	14003.43
698.57	8067.83
698.89	5420.68
699.20	6773.51
699.52	11150.31
699.84	5050.88
700.16	6806.28
700.48	10656.46
700.79	5856.02
701.11	11925.03
701.43	9357.46
701.75	6101.78
702.07	6832.02
702.38	11880.56
702.70	6061.99
703.02	6001.13
703.34	8781.69
703.65	7475.67
703.97	6752.45
704.29	5041.51
704.61	5820.91
704.92	9228.73
705.24	6843.73
705.56	9589.17
705.87	9825.57
706.19	7236.94
706.51	6998.20
706.82	10033.88
707.14	6054.97
707.46	5214.71
707.78	5937.94
708.09	8421.25
708.41	9722.59
708.73	7620.78
709.04	10178.99
709.36	6738.40
709.68	7265.02
709.99	13046.15
710.31	10328.78
710.62	7304.81
710.94	6562.86
711.26	7964.84
711.57	6787.55
711.89	5774.10
712.21	15267.31
712.52	7187.79
712.84	10560.50
713.15	7557.59
713.47	9376.19
713.79	5617.29
714.10	6164.97
714.42	6757.13
714.73	10913.92
715.05	5504.94
715.36	5830.27
715.68	5982.41
715.99	6530.09
716.31	9661.73
716.63	8587.43
716.94	9554.07
717.26	19826.68
717.57	9362.14
717.89	11681.61
718.20	6073.69
718.52	9362.14
718.83	6932.67
719.15	15056.67
719.46	13991.72
719.78	8028.04
720.09	7000.54
720.41	6019.86
720.72	5741.33
721.04	5781.12
721.35	6965.43
721.67	6988.84
721.98	6710.32
722.29	6593.29
722.61	6211.78
722.92	5081.30
723.24	6754.79
723.55	7564.61
723.87	7782.28
724.18	8861.27
724.50	5767.08
724.81	7077.78
725.12	7286.09
725.44	8315.92
725.75	7611.42
726.07	10614.33
726.38	8423.59
726.69	6649.46
727.01	8638.92
727.32	9266.18
727.63	6642.44
727.95	10663.48
728.26	6359.24
728.58	8786.37
728.89	6544.14
729.20	7171.40
729.52	5919.21
729.83	13699.16
730.14	8552.32
730.46	7206.51
730.77	10005.79
731.08	8484.44
731.39	6920.96
731.71	7302.47
732.02	9179.58
732.33	7171.40
732.65	6761.81
732.96	10867.11
733.27	9312.99
733.59	14501.96
733.90	9692.16
734.21	5778.78
734.52	6848.41
734.84	17352.73
735.15	6607.33
735.46	6658.82
735.77	7351.62
736.09	7265.02
736.40	11201.80
736.71	8968.93
737.02	5568.13
737.33	6541.80
737.65	6729.04
737.96	7372.69
738.27	7833.77
738.58	13383.18
738.89	8851.91
739.21	6300.72
739.52	5205.35
739.83	8819.14
740.14	6239.87
740.45	7302.47
740.76	6429.45
741.08	5540.05
741.39	7028.63
741.70	6651.80
742.01	7702.70
742.32	10059.62
742.63	7803.35
742.94	5987.09
743.26	8580.40
743.57	8322.94
743.88	9282.56
744.19	8032.72
744.50	6942.03
744.81	12901.03
745.12	7089.48
745.43	7105.87
745.74	15571.58
746.05	12933.80
746.36	5343.44
746.67	12402.50
746.99	6766.49
747.30	8484.44
747.61	6445.84
747.92	7751.85
748.23	10022.17
748.54	6853.09
748.85	6883.52
749.16	7508.44
749.47	5881.77
749.78	6609.67
750.09	6396.68
750.40	8039.74
750.71	7791.64
751.02	8489.12
751.33	7187.79
751.64	8283.16
751.95	7162.04
752.26	8601.47
752.57	8884.67
752.88	7054.37
753.19	7410.14
753.50	10595.61
753.81	7068.42
754.11	7206.51
754.42	17095.27
754.73	8065.49
755.04	8028.04
755.35	7889.95
755.66	13912.14
755.97	5886.45
756.28	5907.51
756.59	8772.33
756.90	16889.31
757.21	8292.52
757.52	11356.28
757.82	8105.28
758.13	6593.29
758.44	9949.62
758.75	8739.56
759.06	6368.60
759.37	6033.90
759.68	8077.19
759.98	6459.88
760.29	8645.94
760.60	7758.88
760.91	5392.59
761.22	7110.55
761.53	7637.17
761.83	6235.19
762.14	7541.21
762.45	6569.88
762.76	5776.44
763.07	8439.97
763.37	16105.23
763.68	11332.87
763.99	12980.61
764.30	11826.73
764.60	6473.92
764.91	10361.55
765.22	7906.33
765.53	13612.56
765.84	8035.06
766.14	6984.16
766.45	5607.92
766.76	11187.76
767.06	11920.35
767.37	6855.43
767.68	7276.73
767.99	6883.52
768.29	6359.24
768.60	7323.54
768.91	10225.80
769.21	13249.77
769.52	10862.43
769.83	7426.52
770.13	7300.13
770.44	7056.72
770.75	9139.79
771.05	7286.09
771.36	8943.19
771.67	7602.06
771.97	6979.48
772.28	7084.80
772.59	7758.88
772.89	9453.42
773.20	6471.58
773.51	6384.98
773.81	11880.56
774.12	5944.96
774.42	7630.15
774.73	6143.91
775.04	6162.63
775.34	21900.39
775.65	8521.89
775.95	12575.70
776.26	8456.36
776.56	6621.38
776.87	8367.42
777.18	62349.53
777.48	12697.41
777.79	7805.69
778.09	10960.73
778.40	6937.35
778.70	6848.41
779.01	10726.68
779.31	7550.57
779.62	6796.92
779.92	9238.09
780.23	8711.47
780.53	5762.40
780.84	7208.85
781.14	6761.81
781.45	6562.86
781.75	9408.95
782.06	6356.90
782.36	8166.13
782.67	6087.73
782.97	6359.24
783.28	13577.45
783.58	6785.21
783.89	6663.51
784.19	8587.43
784.49	12875.29
784.80	7164.38
785.10	13013.38
785.41	6188.38
785.71	8774.67
786.02	8358.05
786.32	14022.15
786.62	9252.14
786.93	11695.66
787.23	6588.61
787.54	6951.39
787.84	12671.66
788.14	8882.33
788.45	5451.11
788.75	6516.05
789.05	5907.51
789.36	7171.40
789.66	13949.59
789.96	9317.67
790.27	7496.74
790.57	7337.58
790.87	6415.41
791.18	6429.45
791.48	6270.30
791.78	8472.74
792.09	8781.69
792.39	6452.86
792.69	9703.86
793.00	8439.97
793.30	9055.53
793.60	5811.55
793.90	5441.75
794.21	8383.80
794.51	17109.32
794.81	10862.43
795.11	7466.31
795.42	6420.09
795.72	11398.41
796.02	9408.95
796.32	8409.54
796.63	8641.26
796.93	10415.38
797.23	9104.68
797.53	8044.42
797.84	10525.39
798.14	6443.49
798.44	8191.88
798.74	8542.96
799.04	8114.64
799.34	5923.90
799.65	16081.82
799.95	7801.01
800.25	7190.13
800.55	6876.49
800.85	8159.11
801.15	6244.55
801.46	7304.81
801.76	17771.69
802.06	6712.66
802.36	9376.19
802.66	6719.68
802.96	9500.23
803.26	10782.85
803.56	13198.28
803.87	16585.04
804.17	7339.92
804.47	9956.64
804.77	10340.49
805.07	10710.29
805.37	9572.79
805.67	9013.40
805.97	6988.84
806.27	7452.27
806.57	6785.21
806.87	11744.81
807.17	7939.10
807.47	11463.94
807.77	11059.03
808.07	6839.05
808.37	11613.74
808.67	7885.26
808.98	15611.37
809.28	6841.39
809.58	16098.20
809.88	10523.05
810.18	14569.83
810.47	7124.59
810.77	7279.07
811.07	9380.87
811.37	8606.15
811.67	6218.80
811.97	5329.40
812.27	6160.29
812.57	5399.62
812.87	6803.94
813.17	6471.58
813.47	6406.05
813.77	6986.50
814.07	6675.21
814.37	10012.81
814.67	6401.37
814.97	7314.17
815.27	6377.96
815.56	8578.06
815.86	11084.78
816.16	8037.40
816.46	5867.72
816.76	6373.28
817.06	10576.88
817.36	12093.55
817.66	7667.60
817.95	6225.82
818.25	8355.71
818.55	10054.94
818.85	9427.68
819.15	6700.95
819.45	13217.01
819.75	7396.09
820.04	7449.93
820.34	15885.22
820.64	9764.72
820.94	12709.11
821.24	7112.89
821.53	7105.87
821.83	6689.25
822.13	5905.17
822.43	6890.54
822.72	5715.59
823.02	6504.35
823.32	6146.25
823.62	8107.62
823.91	14878.79
824.21	5818.57
824.51	8571.04
824.81	7059.06
825.10	5769.42
825.40	9149.15
825.70	7742.49
826.00	12606.13
826.29	6668.19
826.59	8259.75
826.89	7061.40
827.18	6368.60
827.48	6572.22
827.78	5984.75
828.07	7623.12
828.37	9439.38
828.67	8175.49
828.96	7772.92
829.26	6406.05
829.56	10750.08
829.85	6588.61
830.15	8358.05
830.45	5792.83
830.74	12173.13
831.04	9378.53
831.34	10270.27
831.63	13664.05
831.93	9778.76
832.22	9345.76
832.52	7550.57
832.82	5806.87
833.11	6113.48
833.41	6389.66
833.70	6696.27
834.00	10214.10
834.29	7866.54
834.59	5666.44
834.89	8566.36
835.18	7052.03
835.48	13118.70
835.77	9064.89
836.07	9177.24
836.36	9097.66
836.66	10258.57
836.95	7337.58
837.25	6523.07
837.54	7286.09
837.84	6623.72
838.13	7868.88
838.43	6478.60
838.72	13724.90
839.02	10562.84
839.31	6361.58
839.61	10635.39
839.90	5675.80
840.20	7538.87
840.49	5853.68
840.78	8374.44
841.08	9092.98
841.37	6892.88
841.67	5900.49
841.96	8858.93
842.26	8163.79
842.55	5657.07
842.84	6157.95
843.14	10071.33
843.43	5727.29
843.73	7520.14
844.02	5671.12
844.31	7152.68
844.61	6703.29
844.90	8304.22
845.20	7693.34
845.49	5331.74
845.78	6888.20
846.08	5984.75
846.37	4954.91
846.66	8477.42
846.96	9062.55
847.25	8402.52
847.54	5731.97
847.84	8952.55
848.13	7054.37
848.42	9916.85
848.72	6384.98
849.01	8933.82
849.30	6466.90
849.59	6230.51
849.89	6504.35
850.18	12271.43
850.47	6134.54
850.76	16116.93
851.06	14417.70
851.35	8458.70
851.64	9638.33
851.93	7871.22
852.23	10658.80
852.52	6869.47
852.81	6623.72
853.10	6356.90
853.40	5486.22
853.69	5472.17
853.98	7250.98
854.27	9614.92
854.56	6565.20
854.86	8709.13
855.15	7723.77
855.44	8056.12
855.73	5446.43
856.02	6438.81
856.31	9528.32
856.61	8100.59
856.90	6829.68
857.19	5813.89
857.48	5621.97
857.77	5865.38
858.06	5039.17
858.35	5593.88
858.65	11246.27
858.94	9034.47
859.23	7180.76
859.52	9210.01
859.81	11978.86
860.10	6349.87
860.39	9097.66
860.68	7651.21
860.97	6052.63
861.26	6483.28
861.55	11976.52
861.85	7559.93
862.14	9275.54
862.43	9610.24
862.72	7648.87
863.01	5652.39
863.30	6750.10
863.59	7485.03
863.88	6970.12
864.17	7164.38
864.46	6141.57
864.75	14485.58
865.04	7840.79
865.33	5954.32
865.62	10726.68
865.91	6410.73
866.20	8872.97
866.49	6815.64
866.78	6967.77
867.07	6829.68
867.36	9975.36
867.65	9755.35
867.93	8915.10
868.22	7379.71
868.51	7096.50
868.80	7653.55
869.09	6944.37
869.38	6115.82
869.67	12140.36
869.96	12140.36
870.25	12140.36
