178.76	1743.70
179.14	1743.70
179.52	1743.70
179.90	1717.95
180.28	11040.31
180.66	6162.63
181.04	8451.67
181.42	7475.67
181.80	6399.02
182.18	10993.50
182.55	5947.30
182.93	7274.38
183.31	6974.80
183.69	7831.43
184.07	8180.17
184.45	7206.51
184.83	7272.04
185.21	6569.88
185.59	6867.13
185.97	16510.14
186.35	12044.40
186.72	7148.00
187.10	7166.72
187.48	11800.98
187.86	9104.68
188.24	6679.89
188.62	6113.48
189.00	10836.68
189.38	7948.46
189.75	7456.95
190.13	7868.88
190.51	6354.55
190.89	15143.27
191.27	20903.32
191.65	6974.80
192.03	7812.71
192.40	10406.02
192.78	7625.47
193.16	8603.81
193.54	12154.40
193.92	10981.79
194.30	6796.92
194.67	9511.94
195.05	8353.37
195.43	7389.07
195.81	6967.77
196.19	10647.10
196.56	7819.73
196.94	7365.67
197.32	11770.55
197.70	6700.95
198.08	8704.45
198.45	6846.07
198.83	7438.22
199.21	6892.88
199.59	12320.58
199.97	8215.28
200.34	5937.94
200.72	6553.50
201.10	13778.73
201.48	10024.51
201.85	6342.85
202.23	7019.27
202.61	7005.22
202.99	40931.29
203.36	6806.28
203.74	9062.55
204.12	7218.21
204.49	6396.68
204.87	9036.81
205.25	7243.96
205.63	5741.33
206.00	6466.90
206.38	7885.26
206.76	9607.90
207.14	6637.76
207.51	5980.07
207.89	10963.07
208.27	6359.24
208.64	5404.30
209.02	6640.10
209.40	7012.24
209.77	5774.10
210.15	13291.90
210.53	6022.20
210.90	11082.44
211.28	6157.95
211.66	12212.92
212.03	6581.59
212.41	5919.21
212.79	7311.83
213.16	5860.70
213.54	7793.98
213.92	7903.99
214.29	5717.93
214.67	6663.51
215.05	6967.77
215.42	9348.10
215.80	6738.40
216.17	6825.00
216.55	8013.99
216.93	5802.19
217.30	9062.55
217.68	6469.24
218.05	6710.32
218.43	6466.90
218.81	6890.54
219.18	11311.81
219.56	6902.24
219.93	6670.53
220.31	6604.99
220.69	5942.62
221.06	6073.69
221.44	7557.59
221.81	6164.97
222.19	5673.46
222.56	6127.52
222.94	6778.19
223.32	7585.68
223.69	6338.17
224.07	8887.01
224.44	12442.29
224.82	7702.70
225.19	8503.17
225.57	7492.05
225.94	6733.72
226.32	7108.21
226.69	12325.26
227.07	8521.89
227.44	6654.14
227.82	7927.39
228.19	7066.08
228.57	8711.47
228.94	11681.61
229.32	9511.94
229.69	8954.89
230.07	6628.40
230.44	6202.42
230.82	10902.22
231.19	9453.42
231.57	5692.18
231.94	5802.19
232.32	9128.09
232.69	7180.76
233.07	7541.21
233.44	8259.75
233.82	6918.62
234.19	7562.27
234.57	10076.01
234.94	6464.56
235.31	6846.07
235.69	7234.60
236.06	7620.78
236.44	8732.54
236.81	5907.51
237.19	7847.82
237.56	11735.45
237.93	6509.03
238.31	7653.55
238.68	6991.18
239.06	7576.31
239.43	8926.80
239.81	8180.17
240.18	5898.15
240.55	6183.70
240.93	12706.77
241.30	7939.10
241.67	7199.49
242.05	8681.05
242.42	9895.78
242.80	5937.94
243.17	7927.39
243.54	7786.96
243.92	9125.75
244.29	7140.97
244.66	7627.81
245.04	10097.07
245.41	16093.52
245.78	5860.70
246.16	6778.19
246.53	8879.99
246.90	7115.23
247.28	12922.10
247.65	6949.05
248.02	7117.57
248.40	9942.60
248.77	7463.97
249.14	8676.37
249.52	7023.95
249.89	8554.66
250.26	6190.72
250.64	7623.12
251.01	15363.28
251.38	5699.20
251.75	7372.69
252.13	6785.21
252.50	9018.08
252.87	13334.03
253.25	6066.67
253.62	7934.42
253.99	5790.49
254.36	9228.73
254.74	6672.87
255.11	6209.44
255.48	5561.11
255.85	14207.05
256.23	5776.44
256.60	5448.77
256.97	6930.33
257.34	8226.98
257.71	7555.25
258.09	6906.92
258.46	7740.15
258.83	11405.43
259.20	9731.95
259.58	7019.27
259.95	7372.69
260.32	9254.48
260.69	5970.71
261.06	10780.51
261.44	6258.59
261.81	13008.70
262.18	7756.54
262.55	6417.75
262.92	7377.37
263.29	6595.63
263.67	5837.30
264.04	6619.04
264.41	7030.97
264.78	6686.91
265.15	10181.33
265.52	12493.78
265.90	7538.87
266.27	6457.54
266.64	5881.77
267.01	5448.77
267.38	8042.08
267.75	6097.10
268.12	5266.21
268.50	6949.05
268.87	6396.68
269.24	6218.80
269.61	7707.38
269.98	8360.39
270.35	8119.32
270.72	6200.08
271.09	7047.35
271.46	6583.93
271.83	7857.18
272.21	9355.12
272.58	6017.52
272.95	6455.20
273.32	7243.96
273.69	7140.97
274.06	5657.07
274.43	6263.27
274.80	7045.01
275.17	7826.75
275.54	17886.37
275.91	7370.35
276.28	7262.68
276.65	7564.61
277.02	11049.67
277.39	6342.85
277.76	6069.01
278.13	8482.10
278.50	8662.32
278.87	10506.66
279.24	9198.31
279.61	8315.92
279.98	9916.85
280.35	6551.16
280.72	7534.18
281.09	7148.00
281.46	7253.32
281.83	6190.72
282.20	7925.05
282.57	6623.72
282.94	8032.72
283.31	6562.86
283.68	7852.50
284.05	5528.35
284.42	5238.12
284.79	7871.22
285.16	8475.08
285.53	7227.57
285.90	7180.76
286.27	14988.79
286.64	5603.24
287.01	6359.24
287.38	8554.66
287.75	58646.80
288.12	8428.27
288.49	16449.28
288.86	6036.24
289.23	5977.73
289.59	6200.08
289.96	5923.90
290.33	6303.06
290.70	6590.95
291.07	8425.93
291.44	7861.86
291.81	6047.94
292.18	7431.20
292.55	6710.32
292.91	12669.32
293.28	8299.54
293.65	10876.47
294.02	7784.62
294.39	5617.29
294.76	7019.27
295.13	7414.82
295.50	6876.49
295.86	6988.84
296.23	6546.48
296.60	5959.00
296.97	6457.54
297.34	7073.10
297.71	9015.74
298.07	7220.55
298.44	5406.64
298.81	7873.56
299.18	7606.74
299.55	10642.42
299.91	6883.52
300.28	7466.31
300.65	5310.68
301.02	7564.61
301.39	8341.67
301.75	13568.09
302.12	8308.90
302.49	7066.08
302.86	10422.41
303.23	7225.23
303.59	5951.98
303.96	17160.81
304.33	9736.63
304.70	14953.68
305.06	6562.86
305.43	10228.14
305.80	8292.52
306.17	8807.44
306.53	6237.53
306.90	9458.10
307.27	7250.98
307.64	10635.39
308.00	6544.14
308.37	6509.03
308.74	12056.10
309.11	8987.66
309.47	6326.47
309.84	5694.52
310.21	7140.97
310.57	7475.67
310.94	6696.27
311.31	7302.47
311.67	7801.01
312.04	5626.65
312.41	9769.40
312.77	8133.36
313.14	6303.06
313.51	6897.56
313.87	6485.62
314.24	6370.94
314.61	6211.78
314.97	6513.71
315.34	7218.21
315.71	5542.39
316.07	9081.28
316.44	5771.76
316.81	8777.01
317.17	6181.35
317.54	15351.57
317.91	6513.71
318.27	5472.17
318.64	6862.45
319.00	8812.12
319.37	5528.35
319.74	9329.38
320.10	9521.30
320.47	6654.14
320.83	10698.59
321.20	6899.90
321.57	6104.12
321.93	6471.58
322.30	7391.41
322.66	6310.08
323.03	8615.51
323.40	7871.22
323.76	6485.62
324.13	6464.56
324.49	5427.70
324.86	18750.03
325.22	7499.08
325.59	6899.90
325.95	7789.30
326.32	9516.62
326.68	9104.68
327.05	6925.65
327.42	6143.91
327.78	6448.18
328.15	9596.20
328.51	6394.34
328.88	8575.72
329.24	11199.46
329.61	7279.07
329.97	8638.92
330.34	6326.47
330.70	7304.81
331.07	10693.91
331.43	8397.84
331.80	13102.32
332.16	10396.66
332.52	6153.27
332.89	8063.15
333.25	5568.13
333.62	12446.97
333.98	7045.01
334.35	6953.73
334.71	7187.79
335.08	5856.02
335.44	11903.96
335.81	12030.35
336.17	10106.43
336.53	7143.32
336.90	5893.47
337.26	8585.08
337.63	9247.46
337.99	7606.74
338.36	5970.71
338.72	8898.72
339.08	7365.67
339.45	5827.93
339.81	9488.53
340.18	6820.32
340.54	10242.18
340.90	6286.68
341.27	6984.16
341.63	8280.82
341.99	5331.74
342.36	10356.87
342.72	5860.70
343.09	10544.11
343.45	6450.52
343.81	10630.71
344.18	5507.28
344.54	7028.63
344.90	7796.32
345.27	7403.11
345.63	6998.20
345.99	8793.39
346.36	7344.60
346.72	5926.24
347.08	6038.58
347.45	5504.94
347.81	10001.11
348.17	7620.78
348.54	5708.57
348.90	8980.64
349.26	9678.12
349.62	10530.07
349.99	5488.56
350.35	5186.63
350.71	7833.77
351.08	7148.00
351.44	5205.35
351.80	13348.08
352.16	11583.31
352.53	6071.35
352.89	8276.13
353.25	11054.35
353.61	6459.88
353.98	8685.73
354.34	10186.01
354.70	6494.99
355.06	5261.52
355.43	7375.03
355.79	6899.90
356.15	6752.45
356.51	5940.28
356.88	5984.75
357.24	6614.35
357.60	5460.47
357.96	5273.23
358.32	15339.87
358.69	5423.02
359.05	8112.30
359.41	7669.94
359.77	5797.51
360.13	6164.97
360.49	5989.43
360.86	8795.73
361.22	11176.06
361.58	7524.82
361.94	11117.54
362.30	5781.12
362.66	8430.61
363.03	5238.12
363.39	5125.77
363.75	6183.70
364.11	10120.48
364.47	6356.90
364.83	10700.93
365.19	7709.72
365.56	8879.99
365.92	5301.31
366.28	8709.13
366.64	10001.11
367.00	5406.64
367.36	5472.17
367.72	9935.57
368.08	9411.29
368.44	6504.35
368.80	8262.09
369.17	6441.15
369.53	6836.70
369.89	6078.37
370.25	5898.15
370.61	6104.12
370.97	10721.99
371.33	6452.86
371.69	12968.91
372.05	8470.40
372.41	5792.83
372.77	6504.35
373.13	7487.37
373.49	5184.29
373.85	8032.72
374.21	7522.48
374.57	5781.12
374.93	8730.20
375.29	9029.79
375.65	7445.24
376.01	7063.74
376.37	10214.10
376.73	8571.04
377.09	5720.27
377.45	9827.91
377.81	6895.22
378.17	5966.03
378.53	5420.68
378.89	8559.34
379.25	10991.16
379.61	14118.11
379.97	9500.23
380.33	6466.90
380.69	6195.40
381.05	5610.26
381.41	9139.79
381.77	7166.72
382.13	8585.08
382.49	14951.34
382.85	7496.74
383.21	8830.84
383.57	5322.38
383.93	10572.20
384.28	5277.91
384.64	6492.65
385.00	7590.36
385.36	7260.34
385.72	9018.08
386.08	6001.13
386.44	8805.10
386.80	8777.01
387.16	12564.00
387.52	9523.64
387.87	13628.94
388.23	7999.95
388.59	6118.16
388.95	5624.31
389.31	6738.40
389.67	6778.19
390.03	6253.91
390.38	6487.96
390.74	5083.64
391.10	9502.58
391.46	7609.08
391.82	5942.62
392.18	8564.02
392.54	5029.81
392.89	5633.67
393.25	8313.58
393.61	5650.05
393.97	5584.52
394.33	7782.28
394.68	7119.91
395.04	5563.45
395.40	7307.15
395.76	9193.62
396.12	7496.74
396.47	5781.12
396.83	7052.03
397.19	5504.94
397.55	5867.72
397.90	7344.60
398.26	7176.08
398.62	5675.80
398.98	4992.36
399.33	6642.44
399.69	25235.66
400.05	8355.71
400.41	5914.53
400.76	8643.60
401.12	10106.43
401.48	7681.64
401.84	6085.39
402.19	6375.62
402.55	7744.83
402.91	7054.37
403.26	5228.76
403.62	8451.67
403.98	7094.16
404.34	4739.58
404.69	6974.80
405.05	9170.22
405.41	13996.40
405.76	5921.56
406.12	5877.09
406.48	6888.20
406.83	6230.51
407.19	8306.56
407.55	8018.68
407.90	14141.52
408.26	8472.74
408.62	9432.36
408.97	7108.21
409.33	5514.30
409.68	5813.89
410.04	7496.74
410.40	6015.18
410.75	8039.74
411.11	5980.07
411.47	7552.91
411.82	6600.31
412.18	7148.00
412.53	6745.42
412.89	6244.55
413.25	6768.83
413.60	7206.51
413.96	5317.70
414.31	6183.70
414.67	7323.54
415.03	5390.25
415.38	5767.08
415.74	6574.56
416.09	6534.78
416.45	8465.72
416.80	5940.28
417.16	8634.24
417.51	6757.13
417.87	6485.62
418.23	7889.95
418.58	8140.38
418.94	5057.90
419.29	6085.39
419.65	7775.26
420.00	8688.07
420.36	8191.88
420.71	8297.20
421.07	5624.31
421.42	7152.68
421.78	9167.88
422.13	6569.88
422.49	5596.22
422.84	7269.70
423.20	5156.20
423.55	5497.92
423.91	5528.35
424.26	13884.06
424.61	8393.16
424.97	11449.90
425.32	5989.43
425.68	6619.04
426.03	7599.72
426.39	10167.29
426.74	9912.17
427.10	9460.45
427.45	5984.75
427.80	7686.32
428.16	6939.69
428.51	6839.05
428.87	7625.47
429.22	9579.81
429.58	10169.63
429.93	10094.73
430.28	5968.37
430.64	6118.16
430.99	5198.33
431.35	7721.43
431.70	6509.03
432.05	6801.60
432.41	8196.56
432.76	7843.14
433.11	7850.16
433.47	7740.15
433.82	10555.82
434.17	8168.47
434.53	7962.50
434.88	13977.68
435.24	7742.49
435.59	7363.33
435.94	5612.60
436.30	8393.16
436.65	6345.19
437.00	9430.02
437.35	16219.91
437.71	6492.65
438.06	6333.49
438.41	6090.07
438.77	7941.44
439.12	5233.44
439.47	4788.74
439.83	7728.45
440.18	5195.99
440.53	6523.07
440.88	12341.64
441.24	8519.55
441.59	5664.10
441.94	6499.67
442.30	8285.50
442.65	12702.09
443.00	7019.27
443.35	10431.77
443.71	6878.83
444.06	9490.87
444.41	7995.27
444.76	11435.86
445.11	7089.48
445.47	10092.39
445.82	8945.53
446.17	5825.59
446.52	10452.83
446.88	7253.32
447.23	5198.33
447.58	7859.52
447.93	5909.85
448.28	29715.44
448.63	10808.59
448.99	6930.33
449.34	8318.26
449.69	8755.94
450.04	6387.32
450.39	6296.04
450.74	7000.54
451.10	6937.35
451.45	6920.96
451.80	7660.57
452.15	9923.87
452.50	8051.44
452.85	9968.34
453.21	8990.00
453.56	7735.47
453.91	6780.53
454.26	7552.91
454.61	5841.98
454.96	8241.03
455.31	6789.89
455.66	6354.55
456.01	8004.63
456.36	6415.41
456.72	6097.10
457.07	7740.15
457.42	10490.28
457.77	9074.26
458.12	5909.85
458.47	7300.13
458.82	9661.73
459.17	7119.91
459.52	7253.32
459.87	11873.54
460.22	5561.11
460.57	7215.87
460.92	6104.12
461.27	8182.51
461.62	6616.69
461.97	5877.09
462.32	12236.32
462.67	10796.89
463.02	13554.04
463.38	13401.91
463.73	9006.38
464.08	12407.18
464.43	7609.08
464.78	5762.40
465.12	8187.19
465.47	8615.51
465.82	28065.36
466.17	6534.78
466.52	8837.86
466.87	6399.02
467.22	6003.47
467.57	5298.97
467.92	7899.31
468.27	11105.84
468.62	15035.60
468.97	6724.36
469.32	5001.72
469.67	15751.81
470.02	14391.95
470.37	5951.98
470.72	7520.14
471.07	5418.34
471.42	6590.95
471.76	6682.23
472.11	6656.48
472.46	8461.04
472.81	15227.53
473.16	5942.62
473.51	6057.31
473.86	5296.63
474.21	6722.02
474.56	6253.91
474.90	6319.45
475.25	9804.50
475.60	8884.67
475.95	6181.35
476.30	11339.90
476.65	10183.67
477.00	15318.81
477.34	11091.80
477.69	5582.18
478.04	9350.44
478.39	7419.50
478.74	5802.19
479.09	5238.12
479.43	7309.49
479.78	5022.79
480.13	12128.66
480.48	10167.29
480.83	7316.51
481.17	5434.72
481.52	7227.57
481.87	6502.01
482.22	11995.25
482.57	6754.79
482.91	9249.80
483.26	7829.09
483.61	6600.31
483.96	7529.50
484.30	65535.00
484.65	12734.85
485.00	5951.98
485.35	6813.30
485.69	5895.81
486.04	6628.40
486.39	7721.43
486.74	7714.41
487.08	5280.25
487.43	7873.56
487.78	4964.28
488.12	8252.73
488.47	6274.98
488.82	10684.55
489.17	5975.39
489.51	5310.68
489.86	7934.42
490.21	5203.01
490.55	7749.51
490.90	5348.12
491.25	6317.11
491.59	5514.30
491.94	12812.09
492.29	6282.00
492.63	6981.82
492.98	4821.50
493.33	7318.86
493.67	6277.32
494.02	5628.99
494.37	5584.52
494.71	8344.01
495.06	6164.97
495.40	10363.89
495.75	6064.33
496.10	10345.17
496.44	6855.43
496.79	8168.47
497.13	5909.85
497.48	14356.85
497.83	10202.40
498.17	7992.93
498.52	6155.61
498.86	8699.77
499.21	6595.63
499.56	5865.38
499.90	6567.54
500.25	5181.95
500.59	6935.01
500.94	7831.43
501.28	8716.16
501.63	9614.92
501.97	6497.33
502.32	5884.11
502.67	7747.17
503.01	5334.08
503.36	6186.04
503.70	6242.21
504.05	8491.46
504.39	9212.35
504.74	6778.19
505.08	10958.39
505.43	4755.97
505.77	5530.69
506.12	7351.62
506.46	6607.33
506.81	5776.44
507.15	5853.68
507.49	6530.09
507.84	5788.14
508.18	7658.23
508.53	7304.81
508.87	7028.63
509.22	6567.54
509.56	65535.00
509.91	19255.59
510.25	7056.72
510.60	5078.96
510.94	8894.04
511.28	4915.12
511.63	9282.56
511.97	7681.64
512.32	9132.77
512.66	5895.81
513.00	7126.93
513.35	9348.10
513.69	5762.40
514.04	8514.87
514.38	8851.91
514.72	7707.38
515.07	5823.25
515.41	5738.99
515.76	5963.68
516.10	7943.78
516.44	8994.68
516.79	6111.14
517.13	5371.53
517.47	9317.67
517.82	7499.08
518.16	6693.93
518.50	7260.34
518.85	7447.58
519.19	10160.27
519.53	13516.59
519.88	8901.06
520.22	6647.12
520.56	7101.19
520.91	5348.12
521.25	5701.54
521.59	6801.60
521.93	7810.37
522.28	6595.63
522.62	7758.88
522.96	9331.72
523.31	6525.41
523.65	7936.76
523.99	8730.20
524.33	11585.65
524.68	8182.51
525.02	5474.51
525.36	7644.19
525.70	5294.29
526.05	5912.19
526.39	5633.67
526.73	8351.03
527.07	7396.09
527.41	10597.95
527.76	5879.43
528.10	6525.41
528.44	7974.21
528.78	6789.89
529.12	8578.06
529.47	6471.58
529.81	9107.02
530.15	9343.42
530.49	8273.79
530.83	5025.13
531.18	5713.25
531.52	6759.47
531.86	5399.62
532.20	7101.19
532.54	9802.16
532.88	4898.74
533.22	6597.97
533.57	7265.02
533.91	9371.50
534.25	5437.06
534.59	10848.38
534.93	8608.49
535.27	5741.33
535.61	6640.10
535.95	11117.54
536.30	8856.59
536.64	7087.14
536.98	4669.37
537.32	6654.14
537.66	5055.56
538.00	8161.45
538.34	8287.84
538.68	8266.77
539.02	11707.36
539.36	6190.72
539.70	5341.10
540.04	6743.08
540.39	19976.47
540.73	5795.17
541.07	6949.05
541.41	7573.97
541.75	7829.09
542.09	10078.35
542.43	7955.48
542.77	7084.80
543.11	7693.34
543.45	7070.76
543.79	9483.85
544.13	6310.08
544.47	6516.05
544.81	5865.38
545.15	8175.49
545.49	6958.41
545.83	5736.65
546.17	6443.49
546.51	4905.76
546.85	6134.54
547.19	11091.80
547.53	5359.83
547.87	8704.45
548.21	12056.10
548.54	7033.31
548.88	5996.45
549.22	5692.18
549.56	5191.31
549.90	6127.52
550.24	7150.34
550.58	5870.06
550.92	9799.82
551.26	6239.87
551.60	11042.65
551.94	6413.07
552.28	6438.81
552.61	8360.39
552.95	6450.52
553.29	6132.20
553.63	7295.45
553.97	11197.12
554.31	9425.34
554.65	10221.12
554.99	10558.16
555.32	6289.02
555.66	8156.77
556.00	4901.08
556.34	6768.83
556.68	7447.58
557.02	9310.65
557.36	7417.16
557.69	6979.48
558.03	6120.50
558.37	12601.44
558.71	14857.72
559.05	10576.88
559.38	11463.94
559.72	5841.98
560.06	8835.52
560.40	8493.80
560.74	9797.48
561.07	8229.32
561.41	9036.81
561.75	7934.42
562.09	6186.04
562.42	9048.51
562.76	8362.73
563.10	7356.30
563.44	24463.28
563.77	7597.38
564.11	8159.11
564.45	9841.95
564.79	8004.63
565.12	7286.09
565.46	7339.92
565.80	7770.58
566.14	7627.81
566.47	9533.00
566.81	5802.19
567.15	7492.05
567.48	8194.22
567.82	8449.33
568.16	7300.13
568.49	5902.83
568.83	5432.38
569.17	6874.15
569.50	8018.68
569.84	10902.22
570.18	7868.88
570.51	11405.43
570.85	6775.85
571.19	6689.25
571.52	5991.77
571.86	9362.14
572.20	6523.07
572.53	10799.23
572.87	6038.58
573.21	5563.45
573.54	5465.15
573.88	7648.87
574.21	7475.67
574.55	7019.27
574.89	10141.54
575.22	9128.09
575.56	6195.40
575.89	6164.97
576.23	6567.54
576.57	7852.50
576.90	6012.84
577.24	7456.95
577.57	5518.98
577.91	7503.76
578.24	5270.89
578.58	6883.52
578.91	8210.60
579.25	5959.00
579.59	7180.76
579.92	6916.28
580.26	5338.76
580.59	7908.67
580.93	7658.23
581.26	6415.41
581.60	8046.76
581.93	8475.08
582.27	11028.60
582.60	5727.29
582.94	7370.35
583.27	5547.07
583.61	6794.58
583.94	7679.30
584.28	5125.77
584.61	6499.67
584.94	8079.53
585.28	8018.68
585.61	8769.99
585.95	8449.33
586.28	11587.99
586.62	13207.64
586.95	7002.88
587.29	12156.74
587.62	15676.91
587.95	5715.59
588.29	7662.91
588.62	8362.73
588.96	9371.50
589.29	6469.24
589.62	6310.08
589.96	6581.59
590.29	6246.89
590.63	5277.91
590.96	8690.41
591.29	9139.79
591.63	9645.35
591.96	5502.60
592.29	6619.04
592.63	6171.99
592.96	7712.07
593.30	11878.22
593.63	8051.44
593.96	6031.56
594.30	6513.71
594.63	7967.18
594.96	12685.70
595.30	7131.61
595.63	6546.48
595.96	6118.16
596.29	7964.84
596.63	6438.81
596.96	8875.31
597.29	8166.13
597.63	5214.71
597.96	10200.05
598.29	9774.08
598.63	9533.00
598.96	6064.33
599.29	6101.78
599.62	6225.82
599.96	6134.54
600.29	6649.46
600.62	5837.30
600.95	6291.36
601.29	6991.18
601.62	7585.68
601.95	7145.66
602.28	6122.84
602.61	17078.89
602.95	7321.20
603.28	11943.75
603.61	6012.84
603.94	9565.77
604.27	5933.26
604.61	8414.23
604.94	8056.12
605.27	7552.91
605.60	5767.08
605.93	6179.01
606.27	9100.00
606.60	6913.94
606.93	5448.77
607.26	11138.61
607.59	7150.34
607.92	9987.07
608.26	6628.40
608.59	6129.86
608.92	6876.49
609.25	5748.36
609.58	7850.16
609.91	8456.36
610.24	13865.33
610.57	8159.11
610.90	9533.00
611.24	5191.31
611.57	5366.85
611.90	8985.32
612.23	6927.99
612.56	9046.17
612.89	8552.32
613.22	8826.16
613.55	5322.38
613.88	9453.42
614.21	5863.04
614.54	7737.81
614.87	5879.43
615.20	4854.27
615.53	10134.52
615.87	6134.54
616.20	7171.40
616.53	10366.23
616.86	6946.71
617.19	8102.93
617.52	6143.91
617.85	6509.03
618.18	5825.59
618.51	6560.52
618.84	8617.85
619.17	6860.11
619.50	10614.33
619.83	10310.06
620.16	8491.46
620.49	6277.32
620.82	14188.33
621.14	10719.65
621.47	7599.72
621.80	9748.33
622.13	7353.96
622.46	14834.32
622.79	8662.32
623.12	5673.46
623.45	9434.70
623.78	8739.56
624.11	5673.46
624.44	7740.15
624.77	6022.20
625.10	6132.20
625.43	5837.30
625.75	7515.46
626.08	6080.71
626.41	5774.10
626.74	7070.76
627.07	6483.28
627.40	12362.71
627.73	6553.50
628.06	5809.21
628.38	4758.31
628.71	8659.98
629.04	9797.48
629.37	8713.81
629.70	7564.61
630.03	5863.04
630.36	9837.27
630.68	9081.28
631.01	6352.21
631.34	11152.65
631.67	6331.15
632.00	4985.34
632.32	9074.26
632.65	10204.74
632.98	7758.88
633.31	7215.87
633.64	9305.97
633.96	5942.62
634.29	11021.58
634.62	7274.38
634.95	7798.66
635.27	7463.97
635.60	8730.20
635.93	8072.51
636.26	7988.25
636.58	6345.19
636.91	6424.77
637.24	6061.99
637.57	7342.26
637.89	8437.63
638.22	6370.94
638.55	7318.86
638.87	7808.03
639.20	8699.77
639.53	8128.68
639.86	6328.81
640.18	5804.53
640.51	7468.65
640.84	7829.09
641.16	5713.25
641.49	7637.17
641.82	5666.44
642.14	5762.40
642.47	13970.66
642.80	6953.73
643.12	9605.56
643.45	6920.96
643.78	7283.75
644.10	6097.10
644.43	7091.82
644.75	10108.77
645.08	5226.42
645.41	8315.92
645.73	5858.36
646.06	15269.66
646.39	9226.39
646.71	6317.11
647.04	6040.92
647.36	5252.16
647.69	8601.47
648.01	7274.38
648.34	6104.12
648.67	9757.69
648.99	10544.11
649.32	6071.35
649.64	5446.43
649.97	4725.54
650.29	5483.88
650.62	14448.13
650.94	7269.70
651.27	11187.76
651.59	6895.22
651.92	6258.59
652.25	8006.97
652.57	5818.57
652.90	6031.56
653.22	7592.70
653.55	7597.38
653.87	4964.28
654.20	7377.37
654.52	11082.44
654.84	6743.08
655.17	8276.13
655.49	11442.88
655.82	6579.25
656.14	7676.96
656.47	11110.52
656.79	11700.34
657.12	6560.52
657.44	6619.04
657.77	8901.06
658.09	7611.42
658.41	6885.86
658.74	8458.70
659.06	5544.73
659.39	6881.18
659.71	6321.79
660.03	7129.27
660.36	6581.59
660.68	9935.57
661.01	13586.81
661.33	10740.72
661.65	6319.45
661.98	14092.37
662.30	13399.57
662.63	7197.15
662.95	6635.42
663.27	6462.22
663.60	5736.65
663.92	6967.77
664.24	6904.58
664.57	5809.21
664.89	6171.99
665.21	6267.95
665.54	9556.41
665.86	7265.02
666.18	7480.35
666.51	10558.16
666.83	6436.47
667.15	15405.41
667.47	9729.61
667.80	8409.54
668.12	6193.06
668.44	7339.92
668.77	8922.12
669.09	10197.71
669.41	8943.19
669.73	5359.83
670.06	7337.58
670.38	6864.79
670.70	5479.19
671.02	8245.71
671.35	6286.68
671.67	10391.98
671.99	6930.33
672.31	10160.27
672.63	7761.22
672.96	11169.04
673.28	6523.07
673.60	7585.68
673.92	7309.49
674.24	6120.50
674.57	6129.86
674.89	9741.31
675.21	6761.81
675.53	9287.25
675.85	9989.41
676.17	10106.43
676.50	5898.15
676.82	10015.15
677.14	7590.36
677.46	14757.08
677.78	5369.19
678.10	9673.43
678.42	7129.27
678.75	6487.96
679.07	5811.55
679.39	7129.27
679.71	6565.20
680.03	6478.60
680.35	6457.54
680.67	6619.04
680.99	6052.63
681.31	5516.64
681.63	8283.16
681.96	10279.63
682.28	6392.00
682.60	5874.74
682.92	8592.11
683.24	5359.83
683.56	8643.60
683.88	6277.32
684.20	7030.97
684.52	6619.04
684.84	6375.62
685.16	6597.97
685.48	9198.31
685.80	7796.32
686.12	9172.56
686.44	11939.07
686.76	7030.97
687.08	5359.83
687.40	5776.44
687.72	9296.61
688.04	6186.04
688.36	14714.95
688.68	11154.99
689.00	8142.72
689.32	6719.68
689.64	6590.95
689.96	7054.37
690.28	9858.34
690.60	10368.57
690.92	6197.74
691.24	8507.85
691.56	6647.12
691.88	7000.54
692.19	5893.47
692.51	9387.89
692.83	8140.38
693.15	8952.55
693.47	8074.85
693.79	7419.50
694.11	9736.63
694.43	7882.92
694.75	6995.86
695.06	7723.77
695.38	10190.69
695.70	7281.41
696.02	7370.35
696.34	6527.75
696.66	6504.35
696.98	5214.71
697.29	7382.05
697.61	11232.23
697.93	9987.07
698.25	13804.48
698.57	7899.31
698.89	5434.72
699.20	6815.64
699.52	11023.92
699.84	5102.37
700.16	7045.01
700.48	10832.00
700.79	5834.96
701.11	11899.28
701.43	9406.61
701.75	6239.87
702.07	6808.62
702.38	11925.03
702.70	6157.95
703.02	5954.32
703.34	8786.37
703.65	7566.95
703.97	6937.35
704.29	5022.79
704.61	5891.13
704.92	9217.03
705.24	6761.81
705.56	9635.99
705.87	10026.86
706.19	7281.41
706.51	5280.25
706.82	10099.41
707.14	6064.33
707.46	5315.36
707.78	5916.87
708.09	8489.12
708.41	9891.10
708.73	7709.72
709.04	10045.58
709.36	6621.38
709.68	7059.06
709.99	13172.54
710.31	10410.70
710.62	7487.37
710.94	6752.45
711.26	8259.75
711.57	6743.08
711.89	5474.51
712.21	15452.22
712.52	7314.17
712.84	10717.31
713.15	7693.34
713.47	9231.07
713.79	5650.05
714.10	6387.32
714.42	6792.23
714.73	11033.29
715.05	5563.45
715.36	5776.44
715.68	7824.41
715.99	6698.61
716.31	9675.77
716.63	8573.38
716.94	9682.80
717.26	20287.76
717.57	9282.56
717.89	11674.59
718.20	6066.67
718.52	9678.12
718.83	7169.06
719.15	14974.75
719.46	14251.52
719.78	7885.26
720.09	6965.43
720.41	6150.93
720.72	5757.72
721.04	5849.00
721.35	6953.73
721.67	7070.76
721.98	6593.29
722.29	6644.78
722.61	6169.65
722.92	4994.70
723.24	6775.85
723.55	7623.12
723.87	7719.09
724.18	9060.21
724.50	5851.34
724.81	7105.87
725.12	7220.55
725.44	8294.86
725.75	7531.84
726.07	10848.38
726.38	8461.04
726.69	6729.04
727.01	8835.52
727.32	9202.99
727.63	6637.76
727.95	10902.22
728.26	6464.56
728.58	9109.36
728.89	6551.16
729.20	7183.10
729.52	5926.24
729.83	13841.93
730.14	8568.70
730.46	7274.38
730.77	10047.92
731.08	8709.13
731.39	6843.73
731.71	7328.22
732.02	9312.99
732.33	7183.10
732.65	6766.49
732.96	11073.07
733.27	9544.70
733.59	14651.75
733.90	9944.94
734.21	5893.47
734.52	6979.48
734.84	17170.17
735.15	6523.07
735.46	6846.07
735.77	7705.04
736.09	7288.43
736.40	11087.12
736.71	9287.25
737.02	5619.63
737.33	6733.72
737.65	6305.40
737.96	7538.87
738.27	7669.94
738.58	13497.87
738.89	8769.99
739.21	6384.98
739.52	5338.76
739.83	8868.29
740.14	6286.68
740.45	7447.58
740.76	6532.44
741.08	5760.06
741.39	7094.16
741.70	6478.60
742.01	7723.77
742.32	10153.24
742.63	7885.26
742.94	6150.93
743.26	8737.22
743.57	8400.18
743.88	9713.22
744.19	7866.54
744.50	6878.83
744.81	12950.18
745.12	7033.31
745.43	7030.97
745.74	15847.77
746.05	11712.04
746.36	5296.63
746.67	12336.96
746.99	7028.63
747.30	8627.21
747.61	6672.87
747.92	7971.86
748.23	10092.39
748.54	6998.20
748.85	6937.35
749.16	7508.44
749.47	6029.22
749.78	6630.74
750.09	6970.12
750.40	8231.66
750.71	7946.12
751.02	8503.17
751.33	7056.72
751.64	8271.45
751.95	7248.64
752.26	8730.20
752.57	8966.59
752.88	6974.80
753.19	7513.12
753.50	10647.10
753.81	7119.91
754.11	7602.06
754.42	16929.09
754.73	7480.35
755.04	8002.29
755.35	7901.65
755.66	14087.68
755.97	5994.11
756.28	5867.72
756.59	8912.76
756.90	17617.21
757.21	8397.84
757.52	11232.23
757.82	8318.26
758.13	6523.07
758.44	9914.51
758.75	8709.13
759.06	6375.62
759.37	6001.13
759.68	8285.50
759.98	6593.29
760.29	8779.35
760.60	8002.29
760.91	5530.69
761.22	7183.10
761.53	7786.96
761.83	6249.23
762.14	7602.06
762.45	6473.92
762.76	5633.67
763.07	8561.68
763.37	16341.62
763.68	11550.54
763.99	13411.27
764.30	11922.69
764.60	6572.22
764.91	10303.04
765.22	7803.35
765.53	13617.24
765.84	8093.57
766.14	7136.29
766.45	5738.99
766.76	11290.74
767.06	12297.17
767.37	7054.37
767.68	7431.20
767.99	7094.16
768.29	6509.03
768.60	7396.09
768.91	10335.81
769.21	13397.23
769.52	11272.02
769.83	7281.41
770.13	7407.80
770.44	6892.88
770.75	9205.33
771.05	7501.42
771.36	9057.87
771.67	7791.64
771.97	7042.67
772.28	7225.23
772.59	7791.64
772.89	9638.33
773.20	6466.90
773.51	6410.73
773.81	11932.05
774.12	5923.90
774.42	7335.24
774.73	6225.82
775.04	6258.59
775.34	21846.56
775.65	8608.49
775.95	12994.65
776.26	8446.99
776.56	6670.53
776.87	8585.08
777.18	65535.00
777.48	18019.78
777.79	7960.16
778.09	11117.54
778.40	6920.96
778.70	6883.52
779.01	10860.09
779.31	7744.83
779.62	6876.49
779.92	9233.41
780.23	8994.68
780.53	5703.89
780.84	7220.55
781.14	6853.09
781.45	6607.33
781.75	9745.99
782.06	6368.60
782.36	8264.43
782.67	6148.59
782.97	6314.77
783.28	13427.65
783.58	6883.52
783.89	6806.28
784.19	8753.60
784.49	13013.38
784.80	7262.68
785.10	13226.37
785.41	6031.56
785.71	8769.99
786.02	8484.44
786.32	14263.22
786.62	9334.06
786.93	12112.27
787.23	6876.49
787.54	7080.12
787.84	12868.27
788.14	8741.90
788.45	8697.43
788.75	6628.40
789.05	5919.21
789.36	7213.53
789.66	14178.97
789.96	9341.08
790.27	7627.81
790.57	8142.72
790.87	6235.19
791.18	6384.98
791.48	6193.06
791.78	8458.70
792.09	9071.92
792.39	6406.05
792.69	9659.39
793.00	8477.42
793.30	8917.44
793.60	5933.26
793.90	5497.92
794.21	8547.64
794.51	16982.93
794.81	10925.62
795.11	7639.51
795.42	6626.06
795.72	11541.18
796.02	9256.82
796.32	8592.11
796.63	8685.73
796.93	10214.10
797.23	9371.50
797.53	8056.12
797.84	10789.87
798.14	6450.52
798.44	8273.79
798.74	8905.74
799.04	8262.09
799.34	5973.05
799.65	16222.25
799.95	7934.42
800.25	7173.74
800.55	6942.03
800.85	8189.53
801.15	6483.28
801.46	7236.94
801.76	17827.86
802.06	6885.86
802.36	8477.42
802.66	6726.70
802.96	9392.57
803.26	10918.60
803.56	13401.91
803.87	16594.40
804.17	7283.75
804.47	9893.44
804.77	10731.36
805.07	10775.83
805.37	9750.67
805.67	9238.09
805.97	7148.00
806.27	7365.67
806.57	6892.88
806.87	12049.08
807.17	8229.32
807.47	11515.44
807.77	11183.08
808.07	6869.47
808.37	11784.60
808.67	7969.52
808.98	15660.52
809.28	7082.46
809.58	16023.31
809.88	10640.08
810.18	14719.63
810.47	7297.79
810.77	7321.20
811.07	9221.71
811.37	8664.66
811.67	6274.98
811.97	5598.56
812.27	6204.76
812.57	5530.69
812.87	6703.29
813.17	6363.92
813.47	6232.85
813.77	6988.84
814.07	6815.64
814.37	9940.26
814.67	6399.02
814.97	7297.79
815.27	6380.30
815.56	9064.89
815.86	11281.38
816.16	8187.19
816.46	5944.96
816.76	6548.82
817.06	10534.75
817.36	12664.64
817.66	7789.30
817.95	6200.08
818.25	8585.08
818.55	10122.82
818.85	9437.04
819.15	6935.01
819.45	13006.36
819.75	7613.76
820.04	7566.95
820.34	15997.56
820.64	10171.97
820.94	12800.39
821.24	7239.28
821.53	7693.34
821.83	6740.74
822.13	6015.18
822.43	7084.80
822.72	5713.25
823.02	6544.14
823.32	6092.41
823.62	8149.75
823.91	14946.66
824.21	5961.34
824.51	8596.79
824.81	7045.01
825.10	5785.80
825.40	9343.42
825.70	7896.97
826.00	12744.22
826.29	6722.02
826.59	8386.14
826.89	7009.90
827.18	6567.54
827.48	6565.20
827.78	6045.60
828.07	7667.60
828.37	9502.58
828.67	8477.42
828.96	7819.73
829.26	6693.93
829.56	10792.21
829.85	6574.56
830.15	8571.04
830.45	5699.20
830.74	12135.68
831.04	9516.62
831.34	10281.97
831.63	13420.63
831.93	9895.78
832.22	9439.38
832.52	7592.70
832.82	6078.37
833.11	6001.13
833.41	6307.74
833.70	6729.04
834.00	10651.78
834.29	7922.71
834.59	5717.93
834.89	8762.97
835.18	7021.61
835.48	13069.55
835.77	9158.52
836.07	9315.33
836.36	9102.34
836.66	10342.83
836.95	7407.80
837.25	6593.29
837.54	8793.39
837.84	6654.14
838.13	8028.04
838.43	6354.55
838.72	13820.86
839.02	10539.43
839.31	6300.72
839.61	10803.91
839.90	5734.31
840.20	7918.03
840.49	6015.18
840.78	8414.23
841.08	9177.24
841.37	6923.30
841.67	5991.77
841.96	8833.18
842.26	8023.36
842.55	5778.78
842.84	6216.46
843.14	10033.88
843.43	5804.53
843.73	7501.42
844.02	5792.83
844.31	7169.06
844.61	6707.98
844.90	8311.24
845.20	7758.88
845.49	5317.70
845.78	6960.75
846.08	6029.22
846.37	5055.56
846.66	8580.40
846.96	9125.75
847.25	8482.10
847.54	5792.83
847.84	9036.81
848.13	7148.00
848.42	9947.28
848.72	6335.83
849.01	8940.85
849.30	6663.51
849.59	6164.97
849.89	6403.71
850.18	12217.60
850.47	6059.65
850.76	18176.60
851.06	14881.13
851.35	8531.25
851.64	9785.78
851.93	7964.84
852.23	10991.16
852.52	6895.22
852.81	6658.82
853.10	7398.43
853.40	5603.24
853.69	5675.80
853.98	7452.27
854.27	9996.43
854.56	6663.51
854.86	8772.33
855.15	7861.86
855.44	8142.72
855.73	5533.03
856.02	6581.59
856.31	9982.38
856.61	8318.26
856.90	6801.60
857.19	5905.17
857.48	5727.29
857.77	5994.11
858.06	4975.98
858.35	5720.27
858.65	11281.38
858.94	9310.65
859.23	7262.68
859.52	9156.18
859.81	12051.42
860.10	6509.03
860.39	9137.45
860.68	7714.41
860.97	6083.05
861.26	6256.25
861.55	12182.49
861.85	7482.69
862.14	9448.74
862.43	9563.43
862.72	7871.22
863.01	5755.38
863.30	6766.49
863.59	7384.39
863.88	7068.42
864.17	7372.69
864.46	6197.74
864.75	14422.38
865.04	7836.11
865.33	5806.87
865.62	10883.49
865.91	6527.75
866.20	8777.01
866.49	6691.59
866.78	7042.67
867.07	6590.95
867.36	10080.69
867.65	11459.26
867.93	8987.66
868.22	7459.29
868.51	6986.50
868.80	7606.74
869.09	7075.44
869.38	6317.11
869.67	12601.44
869.96	12601.44
870.25	12601.44
