178.76	1743.70
179.14	1743.70
179.52	1743.70
179.90	1724.97
180.28	1867.75
180.66	1827.96
181.04	1870.09
181.42	1827.96
181.80	1776.47
182.18	1895.83
182.55	1790.51
182.93	1844.34
183.31	1963.71
183.69	1928.60
184.07	1905.20
184.45	1851.36
184.83	1968.39
185.21	1895.83
185.59	1968.39
185.97	2092.44
186.35	2069.03
186.72	2057.33
187.10	2026.90
187.48	2183.72
187.86	2101.80
188.24	2080.74
188.62	2101.80
189.00	2162.66
189.38	2150.95
189.75	2111.16
190.13	2076.06
190.51	2087.76
190.89	2221.17
191.27	2345.22
191.65	2106.48
192.03	2162.66
192.40	2225.85
192.78	2108.82
193.16	2106.48
193.54	2183.72
193.92	2235.21
194.30	2167.34
194.67	2197.76
195.05	2216.49
195.43	2090.10
195.81	2115.84
196.19	2237.55
196.56	2195.42
196.94	2139.25
197.32	2216.49
197.70	2160.31
198.08	2183.72
198.45	2167.34
198.83	2176.70
199.21	2204.78
199.59	2246.91
199.97	2221.17
200.34	2087.76
200.72	2050.31
201.10	2200.10
201.48	2118.18
201.85	2113.50
202.23	2104.14
202.61	2132.23
202.99	2328.83
203.36	2221.17
203.74	2214.15
204.12	2167.34
204.49	2083.08
204.87	2186.06
205.25	2094.78
205.63	2167.34
206.00	2078.40
206.38	2195.42
206.76	2153.29
207.14	2172.02
207.51	2111.16
207.89	2207.13
208.27	2176.70
208.64	2085.42
209.02	2127.55
209.40	2097.12
209.77	2134.57
210.15	2232.87
210.53	2167.34
210.90	2207.13
211.28	2052.65
211.66	2197.76
212.03	2209.47
212.41	2097.12
212.79	2204.78
213.16	2090.10
213.54	2172.02
213.92	2136.91
214.29	2113.50
214.67	2125.21
215.05	2085.42
215.42	2183.72
215.80	2202.44
216.17	2148.61
216.55	2179.04
216.93	2172.02
217.30	2207.13
217.68	2113.50
218.05	2101.80
218.43	2167.34
218.81	2141.59
219.18	2223.51
219.56	2111.16
219.93	2115.84
220.31	2139.25
220.69	2218.83
221.06	2087.76
221.44	2181.38
221.81	2174.36
222.19	2101.80
222.56	2141.59
222.94	2146.27
223.32	2038.61
223.69	2113.50
224.07	2153.29
224.44	2190.74
224.82	2150.95
225.19	2200.10
225.57	2228.19
225.94	2165.00
226.32	2104.14
226.69	2284.36
227.07	2202.44
227.44	2155.63
227.82	2230.53
228.19	2139.25
228.57	2211.81
228.94	2272.66
229.32	2202.44
229.69	2207.13
230.07	2218.83
230.44	2122.87
230.82	2307.77
231.19	2202.44
231.57	2134.57
231.94	2193.08
232.32	2284.36
232.69	2148.61
233.07	2165.00
233.44	2165.00
233.82	2108.82
234.19	2225.85
234.57	2223.51
234.94	2118.18
235.31	2155.63
235.69	2207.13
236.06	2143.93
236.44	2176.70
236.81	2118.18
237.19	2150.95
237.56	2204.78
237.93	2104.14
238.31	2176.70
238.68	2197.76
239.06	2172.02
239.43	2209.47
239.81	2195.42
240.18	2167.34
240.55	2153.29
240.93	2225.85
241.30	2230.53
241.67	2134.57
242.05	2139.25
242.42	2113.50
242.80	2129.89
243.17	2211.81
243.54	2169.68
243.92	2228.19
244.29	2162.66
244.66	2186.06
245.04	2169.68
245.41	2279.68
245.78	2155.63
246.16	2122.87
246.53	2190.74
246.90	2181.38
247.28	2270.32
247.65	2150.95
248.02	2190.74
248.40	2160.31
248.77	2174.36
249.14	2237.55
249.52	2195.42
249.89	2193.08
250.26	2153.29
250.64	2207.13
251.01	2347.56
251.38	2223.51
251.75	2211.81
252.13	2207.13
252.50	2228.19
252.87	2265.64
253.25	2148.61
253.62	2188.40
253.99	2083.08
254.36	2221.17
254.74	2141.59
255.11	2143.93
255.48	2106.48
255.85	2289.04
256.23	2174.36
256.60	2143.93
256.97	2150.95
257.34	2165.00
257.71	2125.21
258.09	2118.18
258.46	2258.62
258.83	2246.91
259.20	2216.49
259.58	2169.68
259.95	2235.21
260.32	2267.98
260.69	2141.59
261.06	2237.55
261.44	2134.57
261.81	2345.22
262.18	2150.95
262.55	2157.97
262.92	2155.63
263.29	2225.85
263.67	2218.83
264.04	2143.93
264.41	2190.74
264.78	2146.27
265.15	2237.55
265.52	2305.43
265.90	2249.25
266.27	2104.14
266.64	2165.00
267.01	2155.63
267.38	2113.50
267.75	2141.59
268.12	2120.53
268.50	2150.95
268.87	2108.82
269.24	2083.08
269.61	2134.57
269.98	2209.47
270.35	2157.97
270.72	2122.87
271.09	2167.34
271.46	2193.08
271.83	2113.50
272.21	2172.02
272.58	2111.16
272.95	2237.55
273.32	2221.17
273.69	2246.91
274.06	2165.00
274.43	2176.70
274.80	2221.17
275.17	2193.08
275.54	2296.07
275.91	2169.68
276.28	2186.06
276.65	2202.44
277.02	2244.57
277.39	2165.00
277.76	2186.06
278.13	2181.38
278.50	2286.70
278.87	2251.60
279.24	2216.49
279.61	2120.53
279.98	2267.98
280.35	2141.59
280.72	2186.06
281.09	2176.70
281.46	2190.74
281.83	2150.95
282.20	2228.19
282.57	2195.42
282.94	2200.10
283.31	2202.44
283.68	2204.78
284.05	2207.13
284.42	2157.97
284.79	2221.17
285.16	2221.17
285.53	2223.51
285.90	2186.06
286.27	2148.61
286.64	2043.29
287.01	2118.18
287.38	2270.32
287.75	3075.46
288.12	2242.23
288.49	2370.96
288.86	2165.00
289.23	2148.61
289.59	2148.61
289.96	2162.66
290.33	2188.40
290.70	2188.40
291.07	2223.51
291.44	2237.55
291.81	2183.72
292.18	2214.15
292.55	2167.34
292.91	2251.60
293.28	2179.04
293.65	2258.62
294.02	2204.78
294.39	2120.53
294.76	2270.32
295.13	2148.61
295.50	2239.89
295.86	2195.42
296.23	2232.87
296.60	2186.06
296.97	2176.70
297.34	2193.08
297.71	2260.96
298.07	2209.47
298.44	2181.38
298.81	2246.91
299.18	2272.66
299.55	2232.87
299.91	2188.40
300.28	2155.63
300.65	2188.40
301.02	2223.51
301.39	2209.47
301.75	2232.87
302.12	2249.25
302.49	2172.02
302.86	2242.23
303.23	2221.17
303.59	2186.06
303.96	2333.51
304.33	2211.81
304.70	2495.01
305.06	2193.08
305.43	2195.42
305.80	2221.17
306.17	2207.13
306.53	2218.83
306.90	2235.21
307.27	2167.34
307.64	2272.66
308.00	2232.87
308.37	2179.04
308.74	2293.72
309.11	2190.74
309.47	2181.38
309.84	2134.57
310.21	2167.34
310.57	2211.81
310.94	2221.17
311.31	2230.53
311.67	2197.76
312.04	2120.53
312.41	2249.25
312.77	2155.63
313.14	2202.44
313.51	2204.78
313.87	2157.97
314.24	2160.31
314.61	2169.68
314.97	2188.40
315.34	2256.28
315.71	2148.61
316.07	2218.83
316.44	2172.02
316.81	2186.06
317.17	2113.50
317.54	2307.77
317.91	2118.18
318.27	2150.95
318.64	2097.12
319.00	2228.19
319.37	2092.44
319.74	2253.94
320.10	2232.87
320.47	2267.98
320.83	2319.47
321.20	2129.89
321.57	2120.53
321.93	2148.61
322.30	2207.13
322.66	2162.66
323.03	2265.64
323.40	2270.32
323.76	2228.19
324.13	2186.06
324.49	2118.18
324.86	2399.05
325.22	2176.70
325.59	2197.76
325.95	2157.97
326.32	2249.25
326.68	2244.57
327.05	2162.66
327.42	2172.02
327.78	2148.61
328.15	2169.68
328.51	2186.06
328.88	2174.36
329.24	2258.62
329.61	2214.15
329.97	2143.93
330.34	2172.02
330.70	2235.21
331.07	2282.02
331.43	2256.28
331.80	2314.79
332.16	2272.66
332.52	2186.06
332.89	2125.21
333.25	2174.36
333.62	2244.57
333.98	2251.60
334.35	2167.34
334.71	2211.81
335.08	2141.59
335.44	2312.45
335.81	2275.00
336.17	2232.87
336.53	2225.85
336.90	2214.15
337.26	2272.66
337.63	2305.43
337.99	2237.55
338.36	2153.29
338.72	2190.74
339.08	2148.61
339.45	2146.27
339.81	2160.31
340.18	2193.08
340.54	2179.04
340.90	2303.09
341.27	2160.31
341.63	2181.38
341.99	2150.95
342.36	2260.96
342.72	2207.13
343.09	2284.36
343.45	2197.76
343.81	2275.00
344.18	2162.66
344.54	2195.42
344.90	2188.40
345.27	2256.28
345.63	2188.40
345.99	2169.68
346.36	2223.51
346.72	2181.38
347.08	2188.40
347.45	2134.57
347.81	2204.78
348.17	2204.78
348.54	2169.68
348.90	2251.60
349.26	2244.57
349.62	2139.25
349.99	2167.34
350.35	2097.12
350.71	2232.87
351.08	2223.51
351.44	2115.84
351.80	2270.32
352.16	2239.89
352.53	2153.29
352.89	2214.15
353.25	2221.17
353.61	2228.19
353.98	2230.53
354.34	2291.38
354.70	2186.06
355.06	2165.00
355.43	2150.95
355.79	2150.95
356.15	2125.21
356.51	2204.78
356.88	2239.89
357.24	2172.02
357.60	2162.66
357.96	2136.91
358.32	2317.13
358.69	2099.46
359.05	2155.63
359.41	2221.17
359.77	2108.82
360.13	2120.53
360.49	2155.63
360.86	2202.44
361.22	2305.43
361.58	2230.53
361.94	2270.32
362.30	2160.31
362.66	2282.02
363.03	2165.00
363.39	2127.55
363.75	2172.02
364.11	2256.28
364.47	2172.02
364.83	2216.49
365.19	2174.36
365.56	2253.94
365.92	2136.91
366.28	2207.13
366.64	2265.64
367.00	2146.27
367.36	2195.42
367.72	2221.17
368.08	2232.87
368.44	2127.55
368.80	2267.98
369.17	2176.70
369.53	2155.63
369.89	2186.06
370.25	2169.68
370.61	2160.31
370.97	2317.13
371.33	2235.21
371.69	2279.68
372.05	2115.84
372.41	2209.47
372.77	2129.89
373.13	2228.19
373.49	2195.42
373.85	2272.66
374.21	2216.49
374.57	2242.23
374.93	2221.17
375.29	2237.55
375.65	2256.28
376.01	2111.16
376.37	2260.96
376.73	2183.72
377.09	2183.72
377.45	2193.08
377.81	2242.23
378.17	2190.74
378.53	2150.95
378.89	2183.72
379.25	2211.81
379.61	2284.36
379.97	2197.76
380.33	2186.06
380.69	2127.55
381.05	2221.17
381.41	2253.94
381.77	2200.10
382.13	2204.78
382.49	2333.51
382.85	2253.94
383.21	2232.87
383.57	2197.76
383.93	2289.04
384.28	2104.14
384.64	2228.19
385.00	2204.78
385.36	2214.15
385.72	2204.78
386.08	2218.83
386.44	2225.85
386.80	2232.87
387.16	2331.17
387.52	2223.51
387.87	2328.83
388.23	2232.87
388.59	2181.38
388.95	2179.04
389.31	2200.10
389.67	2228.19
390.03	2195.42
390.38	2225.85
390.74	2167.34
391.10	2165.00
391.46	2150.95
391.82	2134.57
392.18	2209.47
392.54	2157.97
392.89	2165.00
393.25	2246.91
393.61	2188.40
393.97	2291.38
394.33	2200.10
394.68	2174.36
395.04	2230.53
395.40	2284.36
395.76	2256.28
396.12	2235.21
396.47	2141.59
396.83	2211.81
397.19	2188.40
397.55	2202.44
397.90	2181.38
398.26	2186.06
398.62	2141.59
398.98	2111.16
399.33	2118.18
399.69	2469.27
400.05	2200.10
400.41	2115.84
400.76	2265.64
401.12	2230.53
401.48	2246.91
401.84	2169.68
402.19	2174.36
402.55	2197.76
402.91	2225.85
403.26	2136.91
403.62	2143.93
403.98	2169.68
404.34	2157.97
404.69	2256.28
405.05	2165.00
405.41	2291.38
405.76	2228.19
406.12	2228.19
406.48	2207.13
406.83	2188.40
407.19	2232.87
407.55	2174.36
407.90	2356.92
408.26	2218.83
408.62	2270.32
408.97	2246.91
409.33	2136.91
409.68	2176.70
410.04	2165.00
410.40	2120.53
410.75	2239.89
411.11	2165.00
411.47	2176.70
411.82	2211.81
412.18	2148.61
412.53	2174.36
412.89	2253.94
413.25	2162.66
413.60	2202.44
413.96	2200.10
414.31	2183.72
414.67	2176.70
415.03	2141.59
415.38	2132.23
415.74	2193.08
416.09	2141.59
416.45	2167.34
416.80	2139.25
417.16	2246.91
417.51	2183.72
417.87	2172.02
418.23	2223.51
418.58	2167.34
418.94	2118.18
419.29	2174.36
419.65	2155.63
420.00	2223.51
420.36	2204.78
420.71	2160.31
421.07	2179.04
421.42	2193.08
421.78	2279.68
422.13	2237.55
422.49	2204.78
422.84	2139.25
423.20	2179.04
423.55	2195.42
423.91	2183.72
424.26	2284.36
424.61	2204.78
424.97	2326.49
425.32	2223.51
425.68	2150.95
426.03	2179.04
426.39	2260.96
426.74	2246.91
427.10	2204.78
427.45	2214.15
427.80	2232.87
428.16	2148.61
428.51	2216.49
428.87	2181.38
429.22	2242.23
429.58	2190.74
429.93	2298.41
430.28	2204.78
430.64	2230.53
430.99	2054.99
431.35	2211.81
431.70	2242.23
432.05	2195.42
432.41	2230.53
432.76	2214.15
433.11	2319.47
433.47	2237.55
433.82	2293.72
434.17	2202.44
434.53	2204.78
434.88	2256.28
435.24	2174.36
435.59	2169.68
435.94	2174.36
436.30	2228.19
436.65	2122.87
437.00	2267.98
437.35	2363.94
437.71	2141.59
438.06	2211.81
438.41	2162.66
438.77	2193.08
439.12	2214.15
439.47	2120.53
439.83	2146.27
440.18	2155.63
440.53	2146.27
440.88	2209.47
441.24	2200.10
441.59	2216.49
441.94	2160.31
442.30	2197.76
442.65	2305.43
443.00	2211.81
443.35	2228.19
443.71	2143.93
444.06	2237.55
444.41	2211.81
444.76	2277.34
445.11	2188.40
445.47	2286.70
445.82	2286.70
446.17	2197.76
446.52	2235.21
446.88	2214.15
447.23	2160.31
447.58	2202.44
447.93	2214.15
448.28	2476.29
448.63	2284.36
448.99	2246.91
449.34	2225.85
449.69	2232.87
450.04	2223.51
450.39	2150.95
450.74	2207.13
451.10	2167.34
451.45	2162.66
451.80	2246.91
452.15	2265.64
452.50	2200.10
452.85	2223.51
453.21	2174.36
453.56	2118.18
453.91	2230.53
454.26	2216.49
454.61	2186.06
454.96	2183.72
455.31	2179.04
455.66	2174.36
456.01	2256.28
456.36	2134.57
456.72	2188.40
457.07	2172.02
457.42	2282.02
457.77	2207.13
458.12	2165.00
458.47	2228.19
458.82	2286.70
459.17	2186.06
459.52	2214.15
459.87	2581.61
460.22	2277.34
460.57	2197.76
460.92	2143.93
461.27	2200.10
461.62	2186.06
461.97	2122.87
462.32	2186.06
462.67	2333.51
463.02	2277.34
463.38	2260.96
463.73	2228.19
464.08	2298.41
464.43	2197.76
464.78	2127.55
465.12	2251.60
465.47	2183.72
465.82	2443.52
466.17	2186.06
466.52	2216.49
466.87	2148.61
467.22	2160.31
467.57	2179.04
467.92	2214.15
468.27	2209.47
468.62	2279.68
468.97	2246.91
469.32	2190.74
469.67	2307.77
470.02	2300.75
470.37	2139.25
470.72	2282.02
471.07	2230.53
471.42	2162.66
471.76	2157.97
472.11	2162.66
472.46	2200.10
472.81	2286.70
473.16	2216.49
473.51	2153.29
473.86	2052.65
474.21	2179.04
474.56	2207.13
474.90	2218.83
475.25	2239.89
475.60	2211.81
475.95	2204.78
476.30	2246.91
476.65	2207.13
477.00	2370.96
477.34	2333.51
477.69	2186.06
478.04	2263.30
478.39	2284.36
478.74	2188.40
479.09	2216.49
479.43	2368.62
479.78	2218.83
480.13	2277.34
480.48	2270.32
480.83	2214.15
481.17	2202.44
481.52	2324.15
481.87	2146.27
482.22	2270.32
482.57	2172.02
482.91	2141.59
483.26	2263.30
483.61	2179.04
483.96	2181.38
484.30	4182.54
484.65	2251.60
485.00	2115.84
485.35	2209.47
485.69	2216.49
486.04	2134.57
486.39	2284.36
486.74	2183.72
487.08	2211.81
487.43	2232.87
487.78	2188.40
488.12	2244.57
488.47	2216.49
488.82	2249.25
489.17	2223.51
489.51	2157.97
489.86	2139.25
490.21	2190.74
490.55	2122.87
490.90	2209.47
491.25	2167.34
491.59	2129.89
491.94	2314.79
492.29	2162.66
492.63	2136.91
492.98	2195.42
493.33	2228.19
493.67	2155.63
494.02	2211.81
494.37	2197.76
494.71	2246.91
495.06	2188.40
495.40	2366.28
495.75	2188.40
496.10	2275.00
496.44	2207.13
496.79	2200.10
497.13	2209.47
497.48	2335.85
497.83	2244.57
498.17	2265.64
498.52	2207.13
498.86	2188.40
499.21	2218.83
499.56	2134.57
499.90	2150.95
500.25	2157.97
500.59	2157.97
500.94	2165.00
501.28	2249.25
501.63	2289.04
501.97	2223.51
502.32	2143.93
502.67	2216.49
503.01	2136.91
503.36	2176.70
503.70	2139.25
504.05	2258.62
504.39	2242.23
504.74	2146.27
505.08	2228.19
505.43	2129.89
505.77	2174.36
506.12	2200.10
506.46	2127.55
506.81	2136.91
507.15	2176.70
507.49	2221.17
507.84	2188.40
508.18	2132.23
508.53	2225.85
508.87	2223.51
509.22	2230.53
509.56	13102.32
509.91	2696.30
510.25	2237.55
510.60	2157.97
510.94	2235.21
511.28	2153.29
511.63	2230.53
511.97	2193.08
512.32	2251.60
512.66	2143.93
513.00	2193.08
513.35	2249.25
513.69	2183.72
514.04	2270.32
514.38	2239.89
514.72	2188.40
515.07	2202.44
515.41	2207.13
515.76	2125.21
516.10	2272.66
516.44	2237.55
516.79	2197.76
517.13	2134.57
517.47	2188.40
517.82	2200.10
518.16	2202.44
518.50	2232.87
518.85	2249.25
519.19	2214.15
519.53	2263.30
519.88	2160.31
520.22	2218.83
520.56	2165.00
520.91	2129.89
521.25	2181.38
521.59	2186.06
521.93	2239.89
522.28	2169.68
522.62	2157.97
522.96	2216.49
523.31	2223.51
523.65	2169.68
523.99	2195.42
524.33	2242.23
524.68	2251.60
525.02	2242.23
525.36	2242.23
525.70	2134.57
526.05	2162.66
526.39	2115.84
526.73	2232.87
527.07	2265.64
527.41	2263.30
527.76	2216.49
528.10	2207.13
528.44	2246.91
528.78	2202.44
529.12	2298.41
529.47	2148.61
529.81	2232.87
530.15	2230.53
530.49	2188.40
530.83	2134.57
531.18	2125.21
531.52	2153.29
531.86	2183.72
532.20	2218.83
532.54	2249.25
532.88	2136.91
533.22	2216.49
533.57	2113.50
533.91	2272.66
534.25	2179.04
534.59	2258.62
534.93	2298.41
535.27	2200.10
535.61	2176.70
535.95	2289.04
536.30	2235.21
536.64	2162.66
536.98	2160.31
537.32	2204.78
537.66	2176.70
538.00	2265.64
538.34	2216.49
538.68	2218.83
539.02	2232.87
539.36	2200.10
539.70	2136.91
540.04	2153.29
540.39	2380.32
540.73	2223.51
541.07	2113.50
541.41	2197.76
541.75	2230.53
542.09	2207.13
542.43	2181.38
542.77	2195.42
543.11	2298.41
543.45	2155.63
543.79	2176.70
544.13	2235.21
544.47	2209.47
544.81	2143.93
545.15	2235.21
545.49	2232.87
545.83	2190.74
546.17	2169.68
546.51	2141.59
546.85	2232.87
547.19	2228.19
547.53	2169.68
547.87	2209.47
548.21	2307.77
548.54	2214.15
548.88	2113.50
549.22	2186.06
549.56	2193.08
549.90	2204.78
550.24	2176.70
550.58	2237.55
550.92	2181.38
551.26	2127.55
551.60	2387.35
551.94	2181.38
552.28	2197.76
552.61	2174.36
552.95	2216.49
553.29	2165.00
553.63	2239.89
553.97	2228.19
554.31	2216.49
554.65	2289.04
554.99	2267.98
555.32	2253.94
555.66	2197.76
556.00	2237.55
556.34	2195.42
556.68	2155.63
557.02	2223.51
557.36	2181.38
557.69	2155.63
558.03	2153.29
558.37	2319.47
558.71	2317.13
559.05	2267.98
559.38	2183.72
559.72	2188.40
560.06	2265.64
560.40	2242.23
560.74	2244.57
561.07	2230.53
561.41	2307.77
561.75	2207.13
562.09	2195.42
562.42	2275.00
562.76	2286.70
563.10	2237.55
563.44	2434.16
563.77	2246.91
564.11	2160.31
564.45	2188.40
564.79	2160.31
565.12	2127.55
565.46	2207.13
565.80	2298.41
566.14	2260.96
566.47	2246.91
566.81	2122.87
567.15	2172.02
567.48	2200.10
567.82	2204.78
568.16	2127.55
568.49	2153.29
568.83	2174.36
569.17	2146.27
569.50	2157.97
569.84	2235.21
570.18	2207.13
570.51	2235.21
570.85	2165.00
571.19	2181.38
571.52	2148.61
571.86	2195.42
572.20	2176.70
572.53	2216.49
572.87	2174.36
573.21	2190.74
573.54	2232.87
573.88	2232.87
574.21	2218.83
574.55	2235.21
574.89	2155.63
575.22	2237.55
575.56	2153.29
575.89	2165.00
576.23	2111.16
576.57	2174.36
576.90	2169.68
577.24	2207.13
577.57	2179.04
577.91	2228.19
578.24	2150.95
578.58	2186.06
578.91	2200.10
579.25	2167.34
579.59	2216.49
579.92	2265.64
580.26	2195.42
580.59	2207.13
580.93	2228.19
581.26	2167.34
581.60	2174.36
581.93	2143.93
582.27	2260.96
582.60	2221.17
582.94	2167.34
583.27	2146.27
583.61	2141.59
583.94	2162.66
584.28	2122.87
584.61	2218.83
584.94	2197.76
585.28	2148.61
585.61	2174.36
585.95	2284.36
586.28	2286.70
586.62	2340.54
586.95	2237.55
587.29	2258.62
587.62	2202.44
587.95	2193.08
588.29	2165.00
588.62	2258.62
588.96	2207.13
589.29	2202.44
589.62	2193.08
589.96	2183.72
590.29	2160.31
590.63	2186.06
590.96	2244.57
591.29	2216.49
591.63	2197.76
591.96	2129.89
592.29	2204.78
592.63	2143.93
592.96	2209.47
593.30	2251.60
593.63	2223.51
593.96	2172.02
594.30	2165.00
594.63	2165.00
594.96	2340.54
595.30	2162.66
595.63	2193.08
595.96	2183.72
596.29	2225.85
596.63	2183.72
596.96	2267.98
597.29	2235.21
597.63	2235.21
597.96	2260.96
598.29	2253.94
598.63	2193.08
598.96	2190.74
599.29	2181.38
599.62	2172.02
599.96	2186.06
600.29	2085.42
600.62	2136.91
600.95	2197.76
601.29	2165.00
601.62	2204.78
601.95	2120.53
602.28	2174.36
602.61	2818.00
602.95	2211.81
603.28	2284.36
603.61	2129.89
603.94	2211.81
604.27	2136.91
604.61	2221.17
604.94	2179.04
605.27	2232.87
605.60	2221.17
605.93	2132.23
606.27	2216.49
606.60	2129.89
606.93	2218.83
607.26	2272.66
607.59	2176.70
607.92	2172.02
608.26	2172.02
608.59	2150.95
608.92	2167.34
609.25	2097.12
609.58	2202.44
609.91	2263.30
610.24	2260.96
610.57	2162.66
610.90	2310.11
611.24	2193.08
611.57	2153.29
611.90	2242.23
612.23	2225.85
612.56	2232.87
612.89	2286.70
613.22	2155.63
613.55	2115.84
613.88	2204.78
614.21	2186.06
614.54	2165.00
614.87	2108.82
615.20	2183.72
615.53	2204.78
615.87	2190.74
616.20	2207.13
616.53	2193.08
616.86	2122.87
617.19	2209.47
617.52	2253.94
617.85	2181.38
618.18	2193.08
618.51	1998.82
618.84	2249.25
619.17	2172.02
619.50	2225.85
619.83	2300.75
620.16	2195.42
620.49	2207.13
620.82	2244.57
621.14	2214.15
621.47	2111.16
621.80	2162.66
622.13	2129.89
622.46	2354.58
622.79	2279.68
623.12	2190.74
623.45	2207.13
623.78	2214.15
624.11	2232.87
624.44	2242.23
624.77	2216.49
625.10	2167.34
625.43	2181.38
625.75	2237.55
626.08	2143.93
626.41	2228.19
626.74	2228.19
627.07	2141.59
627.40	2291.38
627.73	2183.72
628.06	2183.72
628.38	2211.81
628.71	2218.83
629.04	2317.13
629.37	2267.98
629.70	2249.25
630.03	2253.94
630.36	2282.02
630.68	2256.28
631.01	2202.44
631.34	2225.85
631.67	2190.74
632.00	2172.02
632.32	2211.81
632.65	2235.21
632.98	2186.06
633.31	2104.14
633.64	2286.70
633.96	2136.91
634.29	2167.34
634.62	2223.51
634.95	2293.72
635.27	2150.95
635.60	2244.57
635.93	2143.93
636.26	2157.97
636.58	2183.72
636.91	2172.02
637.24	2162.66
637.57	2150.95
637.89	2181.38
638.22	2244.57
638.55	2258.62
638.87	2230.53
639.20	2134.57
639.53	2216.49
639.86	2129.89
640.18	2122.87
640.51	2150.95
640.84	2197.76
641.16	2111.16
641.49	2209.47
641.82	2129.89
642.14	2172.02
642.47	2349.90
642.80	2228.19
643.12	2258.62
643.45	2190.74
643.78	2188.40
644.10	2193.08
644.43	2235.21
644.75	2216.49
645.08	2221.17
645.41	2195.42
645.73	2169.68
646.06	2377.98
646.39	2289.04
646.71	2188.40
647.04	2148.61
647.36	2148.61
647.69	2258.62
648.01	2172.02
648.34	2143.93
648.67	2232.87
648.99	2246.91
649.32	2169.68
649.64	2118.18
649.97	2150.95
650.29	2134.57
650.62	2333.51
650.94	2176.70
651.27	2127.55
651.59	2232.87
651.92	2174.36
652.25	2249.25
652.57	2190.74
652.90	2165.00
653.22	2284.36
653.55	2146.27
653.87	2174.36
654.20	2235.21
654.52	2286.70
654.84	2188.40
655.17	2188.40
655.49	2282.02
655.82	2195.42
656.14	2174.36
656.47	2214.15
656.79	2307.77
657.12	2148.61
657.44	2214.15
657.77	2258.62
658.09	2181.38
658.41	2181.38
658.74	2176.70
659.06	2176.70
659.39	2183.72
659.71	2188.40
660.03	2249.25
660.36	2181.38
660.68	2246.91
661.01	2277.34
661.33	2223.51
661.65	2146.27
661.98	2366.28
662.30	2286.70
662.63	2169.68
662.95	2143.93
663.27	2179.04
663.60	2172.02
663.92	2239.89
664.24	2176.70
664.57	2183.72
664.89	2232.87
665.21	2235.21
665.54	2244.57
665.86	2270.32
666.18	2169.68
666.51	2228.19
666.83	2162.66
667.15	2298.41
667.47	2228.19
667.80	2279.68
668.12	2136.91
668.44	2207.13
668.77	2237.55
669.09	2216.49
669.41	2204.78
669.73	2113.50
670.06	2167.34
670.38	2179.04
670.70	2186.06
671.02	2237.55
671.35	2181.38
671.67	2284.36
671.99	2129.89
672.31	2284.36
672.63	2160.31
672.96	2239.89
673.28	2165.00
673.60	2157.97
673.92	2141.59
674.24	2153.29
674.57	2155.63
674.89	2291.38
675.21	2214.15
675.53	2270.32
675.85	2197.76
676.17	2263.30
676.50	2143.93
676.82	2251.60
677.14	2181.38
677.46	2331.17
677.78	2200.10
678.10	2207.13
678.42	2232.87
678.75	2207.13
679.07	2179.04
679.39	2193.08
679.71	2157.97
680.03	2186.06
680.35	2143.93
680.67	2200.10
680.99	2169.68
681.31	2228.19
681.63	2214.15
681.96	2230.53
682.28	2188.40
682.60	2223.51
682.92	2230.53
683.24	2181.38
683.56	2338.20
683.88	2181.38
684.20	2148.61
684.52	2155.63
684.84	2150.95
685.16	2157.97
685.48	2272.66
685.80	2195.42
686.12	2183.72
686.44	2232.87
686.76	2172.02
687.08	2200.10
687.40	2190.74
687.72	2216.49
688.04	2125.21
688.36	2286.70
688.68	2169.68
689.00	2235.21
689.32	2176.70
689.64	2202.44
689.96	2202.44
690.28	2195.42
690.60	2246.91
690.92	2209.47
691.24	2207.13
691.56	2235.21
691.88	2111.16
692.19	2183.72
692.51	2225.85
692.83	2256.28
693.15	2186.06
693.47	2228.19
693.79	2113.50
694.11	2181.38
694.43	2169.68
694.75	2167.34
695.06	2221.17
695.38	2275.00
695.70	2193.08
696.02	2204.78
696.34	2195.42
696.66	2188.40
696.98	2179.04
697.29	2155.63
697.61	2284.36
697.93	2237.55
698.25	2743.11
698.57	2186.06
698.89	2179.04
699.20	2207.13
699.52	2249.25
699.84	2141.59
700.16	2148.61
700.48	2214.15
700.79	2148.61
701.11	2300.75
701.43	2242.23
701.75	2162.66
702.07	2190.74
702.38	2251.60
702.70	2204.78
703.02	2139.25
703.34	2216.49
703.65	2104.14
703.97	2181.38
704.29	2111.16
704.61	2157.97
704.92	2176.70
705.24	2134.57
705.56	2253.94
705.87	2232.87
706.19	2157.97
706.51	2251.60
706.82	2230.53
707.14	2162.66
707.46	2148.61
707.78	2172.02
708.09	2153.29
708.41	2239.89
708.73	2179.04
709.04	2195.42
709.36	2183.72
709.68	2160.31
709.99	2319.47
710.31	2265.64
710.62	2228.19
710.94	2225.85
711.26	2209.47
711.57	2143.93
711.89	2197.76
712.21	2300.75
712.52	2172.02
712.84	2277.34
713.15	2235.21
713.47	2218.83
713.79	2214.15
714.10	2179.04
714.42	2174.36
714.73	2237.55
715.05	2193.08
715.36	2092.44
715.68	2176.70
715.99	2197.76
716.31	2267.98
716.63	2183.72
716.94	2209.47
717.26	2331.17
717.57	2167.34
717.89	2239.89
718.20	2146.27
718.52	2193.08
718.83	2221.17
719.15	2298.41
719.46	2296.07
719.78	2207.13
720.09	2155.63
720.41	2136.91
720.72	2167.34
721.04	2221.17
721.35	2237.55
721.67	2179.04
721.98	2132.23
722.29	2157.97
722.61	2169.68
722.92	2122.87
723.24	2204.78
723.55	2223.51
723.87	2232.87
724.18	2200.10
724.50	2232.87
724.81	2153.29
725.12	2162.66
725.44	2204.78
725.75	2202.44
726.07	2232.87
726.38	2211.81
726.69	2225.85
727.01	2214.15
727.32	2230.53
727.63	2181.38
727.95	2202.44
728.26	2172.02
728.58	2172.02
728.89	2141.59
729.20	2225.85
729.52	2155.63
729.83	2305.43
730.14	2193.08
730.46	2115.84
730.77	2275.00
731.08	2179.04
731.39	2183.72
731.71	2160.31
732.02	2230.53
732.33	2239.89
732.65	2172.02
732.96	2244.57
733.27	2157.97
733.59	2319.47
733.90	2286.70
734.21	2193.08
734.52	2139.25
734.84	2335.85
735.15	2200.10
735.46	2211.81
735.77	2225.85
736.09	2101.80
736.40	2265.64
736.71	2282.02
737.02	2150.95
737.33	2153.29
737.65	2172.02
737.96	2207.13
738.27	2293.72
738.58	2307.77
738.89	2235.21
739.21	2146.27
739.52	2139.25
739.83	2132.23
740.14	2232.87
740.45	2223.51
740.76	2197.76
741.08	2139.25
741.39	2181.38
741.70	2176.70
742.01	2209.47
742.32	2223.51
742.63	2209.47
742.94	2169.68
743.26	2181.38
743.57	2193.08
743.88	2237.55
744.19	2183.72
744.50	2186.06
744.81	2267.98
745.12	2183.72
745.43	2179.04
745.74	2324.15
746.05	2275.00
746.36	2136.91
746.67	2296.07
746.99	2270.32
747.30	2258.62
747.61	2174.36
747.92	2183.72
748.23	2197.76
748.54	2218.83
748.85	2179.04
749.16	2197.76
749.47	2141.59
749.78	2176.70
750.09	2197.76
750.40	2200.10
750.71	2157.97
751.02	2209.47
751.33	2214.15
751.64	2228.19
751.95	2202.44
752.26	2275.00
752.57	2155.63
752.88	2209.47
753.19	2253.94
753.50	2239.89
753.81	2094.78
754.11	2183.72
754.42	2352.24
754.73	2186.06
755.04	2179.04
755.35	2181.38
755.66	2272.66
755.97	2146.27
756.28	2120.53
756.59	2237.55
756.90	2324.15
757.21	2204.78
757.52	2267.98
757.82	2204.78
758.13	2188.40
758.44	2216.49
758.75	2181.38
759.06	2160.31
759.37	2125.21
759.68	2200.10
759.98	2157.97
760.29	2146.27
760.60	2204.78
760.91	2207.13
761.22	2174.36
761.53	2172.02
761.83	2141.59
762.14	2284.36
762.45	2237.55
762.76	2122.87
763.07	2225.85
763.37	2335.85
763.68	2249.25
763.99	2258.62
764.30	2312.45
764.60	2129.89
764.91	2275.00
765.22	2216.49
765.53	2282.02
765.84	2202.44
766.14	2195.42
766.45	2165.00
766.76	2237.55
767.06	2153.29
767.37	2179.04
767.68	2237.55
767.99	2249.25
768.29	2169.68
768.60	2155.63
768.91	2256.28
769.21	2193.08
769.52	2277.34
769.83	2167.34
770.13	2179.04
770.44	2141.59
770.75	2207.13
771.05	2207.13
771.36	2251.60
771.67	2209.47
771.97	2204.78
772.28	2218.83
772.59	2190.74
772.89	2246.91
773.20	2113.50
773.51	2209.47
773.81	2244.57
774.12	2188.40
774.42	2118.18
774.73	2246.91
775.04	2118.18
775.34	2368.62
775.65	2256.28
775.95	2356.92
776.26	2277.34
776.56	2188.40
776.87	2188.40
777.18	5025.13
777.48	2368.62
777.79	2165.00
778.09	2172.02
778.40	2223.51
778.70	2190.74
779.01	2141.59
779.31	2230.53
779.62	2207.13
779.92	2223.51
780.23	2183.72
780.53	2111.16
780.84	2136.91
781.14	2200.10
781.45	2186.06
781.75	2179.04
782.06	2153.29
782.36	2146.27
782.67	2160.31
782.97	2209.47
783.28	2223.51
783.58	2165.00
783.89	2216.49
784.19	2214.15
784.49	2291.38
784.80	2186.06
785.10	2310.11
785.41	2190.74
785.71	2214.15
786.02	2242.23
786.32	2317.13
786.62	2218.83
786.93	2221.17
787.23	2143.93
787.54	2214.15
787.84	2265.64
788.14	2249.25
788.45	2235.21
788.75	2174.36
789.05	2195.42
789.36	2146.27
789.66	2277.34
789.96	2260.96
790.27	2113.50
790.57	2204.78
790.87	2202.44
791.18	2216.49
791.48	2115.84
791.78	2190.74
792.09	2186.06
792.39	2146.27
792.69	2069.03
793.00	2150.95
793.30	2197.76
793.60	2157.97
793.90	2094.78
794.21	2150.95
794.51	2331.17
794.81	2209.47
795.11	2181.38
795.42	2153.29
795.72	2195.42
796.02	2253.94
796.32	2221.17
796.63	2183.72
796.93	2216.49
797.23	2204.78
797.53	2167.34
797.84	2127.55
798.14	2160.31
798.44	2115.84
798.74	2228.19
799.04	2181.38
799.34	2118.18
799.65	2368.62
799.95	2169.68
800.25	2188.40
800.55	2136.91
800.85	2202.44
801.15	2216.49
801.46	2176.70
801.76	2373.30
802.06	2193.08
802.36	2169.68
802.66	2176.70
802.96	2228.19
803.26	2195.42
803.56	2324.15
803.87	2279.68
804.17	2242.23
804.47	2282.02
804.77	2265.64
805.07	2282.02
805.37	2209.47
805.67	2289.04
805.97	2181.38
806.27	2239.89
806.57	2186.06
806.87	2207.13
807.17	2181.38
807.47	2272.66
807.77	2380.32
808.07	2204.78
808.37	2223.51
808.67	2197.76
808.98	2275.00
809.28	2165.00
809.58	2312.45
809.88	2237.55
810.18	2326.49
810.47	2197.76
810.77	2165.00
811.07	2244.57
811.37	2244.57
811.67	2181.38
811.97	2111.16
812.27	2197.76
812.57	2129.89
812.87	2172.02
813.17	2146.27
813.47	2232.87
813.77	2181.38
814.07	2172.02
814.37	2216.49
814.67	2169.68
814.97	2209.47
815.27	2216.49
815.56	2169.68
815.86	2251.60
816.16	2176.70
816.46	2118.18
816.76	2167.34
817.06	2195.42
817.36	2265.64
817.66	2200.10
817.95	2165.00
818.25	2162.66
818.55	2237.55
818.85	2267.98
819.15	2207.13
819.45	2263.30
819.75	2169.68
820.04	2211.81
820.34	2286.70
820.64	2190.74
820.94	2237.55
821.24	2167.34
821.53	2174.36
821.83	2193.08
822.13	2211.81
822.43	2169.68
822.72	2097.12
823.02	2225.85
823.32	2174.36
823.62	2211.81
823.91	2321.81
824.21	2132.23
824.51	2195.42
824.81	2174.36
825.10	2146.27
825.40	2249.25
825.70	2148.61
826.00	2242.23
826.29	2150.95
826.59	2141.59
826.89	2207.13
827.18	2214.15
827.48	2190.74
827.78	2139.25
828.07	2228.19
828.37	2172.02
828.67	2251.60
828.96	2197.76
829.26	2246.91
829.56	2225.85
829.85	2188.40
830.15	2200.10
830.45	2195.42
830.74	2310.11
831.04	2214.15
831.34	2228.19
831.63	2253.94
831.93	2186.06
832.22	2232.87
832.52	2120.53
832.82	2253.94
833.11	2200.10
833.41	2246.91
833.70	2209.47
834.00	2232.87
834.29	2181.38
834.59	2141.59
834.89	2230.53
835.18	2193.08
835.48	2223.51
835.77	2267.98
836.07	2246.91
836.36	2314.79
836.66	2230.53
836.95	2256.28
837.25	2258.62
837.54	2169.68
837.84	2160.31
838.13	2230.53
838.43	2174.36
838.72	2272.66
839.02	2237.55
839.31	2209.47
839.61	2207.13
839.90	2216.49
840.20	2092.44
840.49	2150.95
840.78	2183.72
841.08	2176.70
841.37	2148.61
841.67	2172.02
841.96	2256.28
842.26	2221.17
842.55	2106.48
842.84	2214.15
843.14	2249.25
843.43	2127.55
843.73	2211.81
844.02	2188.40
844.31	2195.42
844.61	2174.36
844.90	2225.85
845.20	2165.00
845.49	2190.74
845.78	2209.47
846.08	2165.00
846.37	2195.42
846.66	2235.21
846.96	2230.53
847.25	2235.21
847.54	2165.00
847.84	2209.47
848.13	2218.83
848.42	2235.21
848.72	2139.25
849.01	2221.17
849.30	2169.68
849.59	2211.81
849.89	2143.93
850.18	2289.04
850.47	2188.40
850.76	2354.58
851.06	2296.07
851.35	2305.43
851.64	2232.87
851.93	2153.29
852.23	2298.41
852.52	2183.72
852.81	2207.13
853.10	2214.15
853.40	2183.72
853.69	2228.19
853.98	2169.68
854.27	2256.28
854.56	2204.78
854.86	2141.59
855.15	2207.13
855.44	2246.91
855.73	2202.44
856.02	2129.89
856.31	2265.64
856.61	2181.38
856.90	2253.94
857.19	2188.40
857.48	2167.34
857.77	2160.31
858.06	2118.18
858.35	2153.29
858.65	2204.78
858.94	2251.60
859.23	2232.87
859.52	2296.07
859.81	2239.89
860.10	2176.70
860.39	2228.19
860.68	2200.10
860.97	2066.69
861.26	2193.08
861.55	2223.51
861.85	2160.31
862.14	2235.21
862.43	2200.10
862.72	2267.98
863.01	2228.19
863.30	2143.93
863.59	2204.78
863.88	2197.76
864.17	2211.81
864.46	2141.59
864.75	2282.02
865.04	2190.74
865.33	2120.53
865.62	2244.57
865.91	2120.53
866.20	2186.06
866.49	2155.63
866.78	2162.66
867.07	2228.19
867.36	2181.38
867.65	2181.38
867.93	2235.21
868.22	2211.81
868.51	2235.21
868.80	2188.40
869.09	2169.68
869.38	2176.70
869.67	2249.25
869.96	2249.25
870.25	2249.25
