178.76	1703.91
179.14	1703.91
179.52	1703.91
179.90	1736.68
180.28	1802.21
180.66	1842.00
181.04	1860.73
181.42	1823.28
181.80	1797.53
182.18	1872.43
182.55	1853.70
182.93	1825.62
183.31	1806.89
183.69	1879.45
184.07	1935.62
184.45	1935.62
184.83	1935.62
185.21	1944.99
185.59	1923.92
185.97	2120.53
186.35	2059.67
186.72	2040.95
187.10	2045.63
187.48	2139.25
187.86	2111.16
188.24	2085.42
188.62	2085.42
189.00	2120.53
189.38	2115.84
189.75	2125.21
190.13	2092.44
190.51	2101.80
190.89	2214.15
191.27	2361.60
191.65	2174.36
192.03	2195.42
192.40	2186.06
192.78	2232.87
193.16	2193.08
193.54	2211.81
193.92	2246.91
194.30	2162.66
194.67	2223.51
195.05	2244.57
195.43	2239.89
195.81	2207.13
196.19	2141.59
196.56	2125.21
196.94	2172.02
197.32	2267.98
197.70	2176.70
198.08	2167.34
198.45	2099.46
198.83	2150.95
199.21	2132.23
199.59	2242.23
199.97	2176.70
200.34	2099.46
200.72	2176.70
201.10	2232.87
201.48	2195.42
201.85	2101.80
202.23	2122.87
202.61	2134.57
202.99	2298.41
203.36	2157.97
203.74	2172.02
204.12	2125.21
204.49	2183.72
204.87	2181.38
205.25	2186.06
205.63	2122.87
206.00	2150.95
206.38	2104.14
206.76	2165.00
207.14	2106.48
207.51	2069.03
207.89	2139.25
208.27	2153.29
208.64	2122.87
209.02	2146.27
209.40	2090.10
209.77	2073.71
210.15	2202.44
210.53	2069.03
210.90	2160.31
211.28	2146.27
211.66	2162.66
212.03	2146.27
212.41	2085.42
212.79	2148.61
213.16	2108.82
213.54	2076.06
213.92	2141.59
214.29	2167.34
214.67	2134.57
215.05	2150.95
215.42	2195.42
215.80	2157.97
216.17	2139.25
216.55	2202.44
216.93	2129.89
217.30	2214.15
217.68	2125.21
218.05	2153.29
218.43	2080.74
218.81	2190.74
219.18	2162.66
219.56	2108.82
219.93	2146.27
220.31	2132.23
220.69	2179.04
221.06	2085.42
221.44	2221.17
221.81	2155.63
222.19	2134.57
222.56	2148.61
222.94	2204.78
223.32	2174.36
223.69	2127.55
224.07	2244.57
224.44	2237.55
224.82	2186.06
225.19	2136.91
225.57	2211.81
225.94	2181.38
226.32	2160.31
226.69	2232.87
227.07	2239.89
227.44	2174.36
227.82	2155.63
228.19	2200.10
228.57	2223.51
228.94	2244.57
229.32	2207.13
229.69	2188.40
230.07	2169.68
230.44	2111.16
230.82	2167.34
231.19	2176.70
231.57	2097.12
231.94	2157.97
232.32	2284.36
232.69	2134.57
233.07	2148.61
233.44	2132.23
233.82	2087.76
234.19	2132.23
234.57	2141.59
234.94	2148.61
235.31	2097.12
235.69	2179.04
236.06	2157.97
236.44	2237.55
236.81	2139.25
237.19	2104.14
237.56	2260.96
237.93	2181.38
238.31	2155.63
238.68	2143.93
239.06	2190.74
239.43	2181.38
239.81	2132.23
240.18	2165.00
240.55	2122.87
240.93	2249.25
241.30	2165.00
241.67	2148.61
242.05	2258.62
242.42	2190.74
242.80	2118.18
243.17	2122.87
243.54	2186.06
243.92	2183.72
244.29	2193.08
244.66	2146.27
245.04	2209.47
245.41	2303.09
245.78	2169.68
246.16	2150.95
246.53	2169.68
246.90	2150.95
247.28	2258.62
247.65	2209.47
248.02	2167.34
248.40	2200.10
248.77	2111.16
249.14	2169.68
249.52	2127.55
249.89	2181.38
250.26	2193.08
250.64	2181.38
251.01	2373.30
251.38	2094.78
251.75	2179.04
252.13	2183.72
252.50	2300.75
252.87	2298.41
253.25	2115.84
253.62	2172.02
253.99	2132.23
254.36	2242.23
254.74	2157.97
255.11	2136.91
255.48	2160.31
255.85	2298.41
256.23	2134.57
256.60	2078.40
256.97	2132.23
257.34	2218.83
257.71	2181.38
258.09	2141.59
258.46	2216.49
258.83	2209.47
259.20	2216.49
259.58	2216.49
259.95	2195.42
260.32	2195.42
260.69	2052.65
261.06	2237.55
261.44	2153.29
261.81	2270.32
262.18	2153.29
262.55	2160.31
262.92	2160.31
263.29	2188.40
263.67	2143.93
264.04	2183.72
264.41	2181.38
264.78	2129.89
265.15	2256.28
265.52	2314.79
265.90	2202.44
266.27	2193.08
266.64	2120.53
267.01	2174.36
267.38	2193.08
267.75	2155.63
268.12	2150.95
268.50	2190.74
268.87	2122.87
269.24	2132.23
269.61	2169.68
269.98	2176.70
270.35	2230.53
270.72	2148.61
271.09	2115.84
271.46	2157.97
271.83	2204.78
272.21	2263.30
272.58	2148.61
272.95	2188.40
273.32	2162.66
273.69	2181.38
274.06	2120.53
274.43	2162.66
274.80	2157.97
275.17	2230.53
275.54	2230.53
275.91	2186.06
276.28	2188.40
276.65	2237.55
277.02	2310.11
277.39	2202.44
277.76	2111.16
278.13	2172.02
278.50	2188.40
278.87	2209.47
279.24	2235.21
279.61	2195.42
279.98	2296.07
280.35	2251.60
280.72	2193.08
281.09	2162.66
281.46	2176.70
281.83	2132.23
282.20	2143.93
282.57	2202.44
282.94	2188.40
283.31	2204.78
283.68	2209.47
284.05	2202.44
284.42	2150.95
284.79	2153.29
285.16	2237.55
285.53	2179.04
285.90	2160.31
286.27	2307.77
286.64	2179.04
287.01	2207.13
287.38	2232.87
287.75	3108.23
288.12	2228.19
288.49	2331.17
288.86	2176.70
289.23	2181.38
289.59	2221.17
289.96	2216.49
290.33	2193.08
290.70	2223.51
291.07	2174.36
291.44	2263.30
291.81	2162.66
292.18	2160.31
292.55	2256.28
292.91	2286.70
293.28	2181.38
293.65	2258.62
294.02	2139.25
294.39	2160.31
294.76	2258.62
295.13	2146.27
295.50	2183.72
295.86	2176.70
296.23	2148.61
296.60	2113.50
296.97	2197.76
297.34	2024.56
297.71	2237.55
298.07	2190.74
298.44	2209.47
298.81	2186.06
299.18	2179.04
299.55	2235.21
299.91	2179.04
300.28	2225.85
300.65	2214.15
301.02	2181.38
301.39	2223.51
301.75	2359.26
302.12	2195.42
302.49	2167.34
302.86	2193.08
303.23	2167.34
303.59	2113.50
303.96	2242.23
304.33	2214.15
304.70	2300.75
305.06	2134.57
305.43	2223.51
305.80	2242.23
306.17	2223.51
306.53	2181.38
306.90	2272.66
307.27	2176.70
307.64	2242.23
308.00	2181.38
308.37	2221.17
308.74	2284.36
309.11	2242.23
309.47	2237.55
309.84	2197.76
310.21	2207.13
310.57	2193.08
310.94	2190.74
311.31	2249.25
311.67	2172.02
312.04	2139.25
312.41	2249.25
312.77	2202.44
313.14	2179.04
313.51	2165.00
313.87	2246.91
314.24	2141.59
314.61	2150.95
314.97	2228.19
315.34	2193.08
315.71	2263.30
316.07	2223.51
316.44	2176.70
316.81	2225.85
317.17	2169.68
317.54	2331.17
317.91	2157.97
318.27	2190.74
318.64	2200.10
319.00	2186.06
319.37	2160.31
319.74	2218.83
320.10	2225.85
320.47	2183.72
320.83	2190.74
321.20	2162.66
321.57	2155.63
321.93	2200.10
322.30	2239.89
322.66	2160.31
323.03	2286.70
323.40	2253.94
323.76	2174.36
324.13	2122.87
324.49	2129.89
324.86	2342.88
325.22	2181.38
325.59	2150.95
325.95	2237.55
326.32	2260.96
326.68	2221.17
327.05	2211.81
327.42	2139.25
327.78	2183.72
328.15	2172.02
328.51	2207.13
328.88	2193.08
329.24	2232.87
329.61	2305.43
329.97	2146.27
330.34	2228.19
330.70	2197.76
331.07	2275.00
331.43	2225.85
331.80	2291.38
332.16	2253.94
332.52	2143.93
332.89	2118.18
333.25	2167.34
333.62	2284.36
333.98	2106.48
334.35	2150.95
334.71	2197.76
335.08	2200.10
335.44	2258.62
335.81	2267.98
336.17	2218.83
336.53	2106.48
336.90	2165.00
337.26	2160.31
337.63	2328.83
337.99	2202.44
338.36	2207.13
338.72	2235.21
339.08	2246.91
339.45	2129.89
339.81	2230.53
340.18	2186.06
340.54	2260.96
340.90	2188.40
341.27	2209.47
341.63	2183.72
341.99	2162.66
342.36	2218.83
342.72	2186.06
343.09	2239.89
343.45	2132.23
343.81	2179.04
344.18	2155.63
344.54	2143.93
344.90	2277.34
345.27	2120.53
345.63	2148.61
345.99	2165.00
346.36	2183.72
346.72	2155.63
347.08	2162.66
347.45	2097.12
347.81	2244.57
348.17	2197.76
348.54	2155.63
348.90	2235.21
349.26	2225.85
349.62	2242.23
349.99	2204.78
350.35	2108.82
350.71	2148.61
351.08	2162.66
351.44	2148.61
351.80	2256.28
352.16	2202.44
352.53	2176.70
352.89	2225.85
353.25	2279.68
353.61	2197.76
353.98	2202.44
354.34	2251.60
354.70	2120.53
355.06	2153.29
355.43	2209.47
355.79	2207.13
356.15	2176.70
356.51	2115.84
356.88	2146.27
357.24	2155.63
357.60	2139.25
357.96	2162.66
358.32	2394.37
358.69	2202.44
359.05	2207.13
359.41	2223.51
359.77	2179.04
360.13	2143.93
360.49	2127.55
360.86	2223.51
361.22	2270.32
361.58	2209.47
361.94	2272.66
362.30	2174.36
362.66	2218.83
363.03	2106.48
363.39	2085.42
363.75	2181.38
364.11	2253.94
364.47	2127.55
364.83	2253.94
365.19	2204.78
365.56	2207.13
365.92	2162.66
366.28	2253.94
366.64	2279.68
367.00	2120.53
367.36	2190.74
367.72	2216.49
368.08	2167.34
368.44	2223.51
368.80	2209.47
369.17	2169.68
369.53	2200.10
369.89	2190.74
370.25	2289.04
370.61	2174.36
370.97	2307.77
371.33	2150.95
371.69	2258.62
372.05	2204.78
372.41	2160.31
372.77	2242.23
373.13	2181.38
373.49	2179.04
373.85	2232.87
374.21	2181.38
374.57	2181.38
374.93	2216.49
375.29	2242.23
375.65	2209.47
376.01	2174.36
376.37	2300.75
376.73	2232.87
377.09	2181.38
377.45	2235.21
377.81	2183.72
378.17	2153.29
378.53	2181.38
378.89	2291.38
379.25	2209.47
379.61	2342.88
379.97	2202.44
380.33	2165.00
380.69	2176.70
381.05	2113.50
381.41	2249.25
381.77	2155.63
382.13	2239.89
382.49	2251.60
382.85	2200.10
383.21	2188.40
383.57	2183.72
383.93	2244.57
384.28	2209.47
384.64	2216.49
385.00	2246.91
385.36	2183.72
385.72	2157.97
386.08	2193.08
386.44	2167.34
386.80	2179.04
387.16	2267.98
387.52	2256.28
387.87	2253.94
388.23	2125.21
388.59	2242.23
388.95	2197.76
389.31	2193.08
389.67	2204.78
390.03	2272.66
390.38	2139.25
390.74	2134.57
391.10	2263.30
391.46	2260.96
391.82	2139.25
392.18	2223.51
392.54	2216.49
392.89	2148.61
393.25	2143.93
393.61	2153.29
393.97	2190.74
394.33	2214.15
394.68	2190.74
395.04	2193.08
395.40	2188.40
395.76	2211.81
396.12	2172.02
396.47	2179.04
396.83	2183.72
397.19	2218.83
397.55	2174.36
397.90	2239.89
398.26	2186.06
398.62	2160.31
398.98	2108.82
399.33	2249.25
399.69	2422.45
400.05	2256.28
400.41	2172.02
400.76	2165.00
401.12	2282.02
401.48	2120.53
401.84	2113.50
402.19	2169.68
402.55	2202.44
402.91	2181.38
403.26	2115.84
403.62	2209.47
403.98	2200.10
404.34	2146.27
404.69	2146.27
405.05	2249.25
405.41	2300.75
405.76	2211.81
406.12	2160.31
406.48	2141.59
406.83	2165.00
407.19	2129.89
407.55	2146.27
407.90	2293.72
408.26	2265.64
408.62	2207.13
408.97	2176.70
409.33	2141.59
409.68	2169.68
410.04	2249.25
410.40	2232.87
410.75	2232.87
411.11	2195.42
411.47	2190.74
411.82	2193.08
412.18	2209.47
412.53	2265.64
412.89	2143.93
413.25	2207.13
413.60	2146.27
413.96	2160.31
414.31	2155.63
414.67	2239.89
415.03	2162.66
415.38	2188.40
415.74	2200.10
416.09	2179.04
416.45	2207.13
416.80	2169.68
417.16	2195.42
417.51	2202.44
417.87	2167.34
418.23	2200.10
418.58	2218.83
418.94	2139.25
419.29	2188.40
419.65	2195.42
420.00	2216.49
420.36	2258.62
420.71	2228.19
421.07	2186.06
421.42	2218.83
421.78	2186.06
422.13	2141.59
422.49	2165.00
422.84	2157.97
423.20	2179.04
423.55	2125.21
423.91	2167.34
424.26	2333.51
424.61	2214.15
424.97	2303.09
425.32	2113.50
425.68	2181.38
426.03	2244.57
426.39	2218.83
426.74	2193.08
427.10	2270.32
427.45	2179.04
427.80	2106.48
428.16	2160.31
428.51	2113.50
428.87	2181.38
429.22	2172.02
429.58	2216.49
429.93	2228.19
430.28	2200.10
430.64	2155.63
430.99	2193.08
431.35	2181.38
431.70	2277.34
432.05	2141.59
432.41	2244.57
432.76	2150.95
433.11	2225.85
433.47	2197.76
433.82	2223.51
434.17	2195.42
434.53	2181.38
434.88	2265.64
435.24	2139.25
435.59	2200.10
435.94	2181.38
436.30	2239.89
436.65	2249.25
437.00	2307.77
437.35	2314.79
437.71	2211.81
438.06	2183.72
438.41	2225.85
438.77	2246.91
439.12	2155.63
439.47	2174.36
439.83	2207.13
440.18	2139.25
440.53	2188.40
440.88	2324.15
441.24	2267.98
441.59	2143.93
441.94	2237.55
442.30	2214.15
442.65	2310.11
443.00	2258.62
443.35	2286.70
443.71	2211.81
444.06	2204.78
444.41	2190.74
444.76	2253.94
445.11	2202.44
445.47	2221.17
445.82	2167.34
446.17	2150.95
446.52	2256.28
446.88	2165.00
447.23	2141.59
447.58	2139.25
447.93	2176.70
448.28	2487.99
448.63	2319.47
448.99	2186.06
449.34	2232.87
449.69	2200.10
450.04	2195.42
450.39	2195.42
450.74	2209.47
451.10	2176.70
451.45	2197.76
451.80	2129.89
452.15	2275.00
452.50	2160.31
452.85	2223.51
453.21	2162.66
453.56	2181.38
453.91	2150.95
454.26	2218.83
454.61	2148.61
454.96	2230.53
455.31	2216.49
455.66	2251.60
456.01	2165.00
456.36	2106.48
456.72	2183.72
457.07	2190.74
457.42	2214.15
457.77	2211.81
458.12	2136.91
458.47	2193.08
458.82	2193.08
459.17	2303.09
459.52	2272.66
459.87	2637.78
460.22	2221.17
460.57	2127.55
460.92	2249.25
461.27	2204.78
461.62	2172.02
461.97	2146.27
462.32	2244.57
462.67	2253.94
463.02	2326.49
463.38	2314.79
463.73	2230.53
464.08	2298.41
464.43	2204.78
464.78	2237.55
465.12	2291.38
465.47	2183.72
465.82	2583.95
466.17	2214.15
466.52	2211.81
466.87	2181.38
467.22	2104.14
467.57	2179.04
467.92	2246.91
468.27	2272.66
468.62	2282.02
468.97	2232.87
469.32	2115.84
469.67	2296.07
470.02	2312.45
470.37	2214.15
470.72	2232.87
471.07	2132.23
471.42	2207.13
471.76	2136.91
472.11	2157.97
472.46	2256.28
472.81	2303.09
473.16	2195.42
473.51	2165.00
473.86	2172.02
474.21	2174.36
474.56	2155.63
474.90	2200.10
475.25	2244.57
475.60	2230.53
475.95	2202.44
476.30	2267.98
476.65	2179.04
477.00	2298.41
477.34	2282.02
477.69	2160.31
478.04	2169.68
478.39	2214.15
478.74	2204.78
479.09	2200.10
479.43	2401.39
479.78	2172.02
480.13	2289.04
480.48	2265.64
480.83	2230.53
481.17	2153.29
481.52	2211.81
481.87	2186.06
482.22	2249.25
482.57	2174.36
482.91	2263.30
483.26	2174.36
483.61	2237.55
483.96	2197.76
484.30	3967.21
484.65	2279.68
485.00	2150.95
485.35	2136.91
485.69	2143.93
486.04	2181.38
486.39	2237.55
486.74	2111.16
487.08	2202.44
487.43	2225.85
487.78	2235.21
488.12	2225.85
488.47	2200.10
488.82	2188.40
489.17	2218.83
489.51	2139.25
489.86	2190.74
490.21	2183.72
490.55	2190.74
490.90	2174.36
491.25	2200.10
491.59	2183.72
491.94	2282.02
492.29	2207.13
492.63	2183.72
492.98	2160.31
493.33	2225.85
493.67	2195.42
494.02	2069.03
494.37	2150.95
494.71	2200.10
495.06	2129.89
495.40	2228.19
495.75	2216.49
496.10	2251.60
496.44	2174.36
496.79	2223.51
497.13	2169.68
497.48	2307.77
497.83	2293.72
498.17	2216.49
498.52	2237.55
498.86	2190.74
499.21	2218.83
499.56	2188.40
499.90	2214.15
500.25	2118.18
500.59	2202.44
500.94	2183.72
501.28	2148.61
501.63	2223.51
501.97	2193.08
502.32	2132.23
502.67	2253.94
503.01	2101.80
503.36	2195.42
503.70	2183.72
504.05	2275.00
504.39	2237.55
504.74	2228.19
505.08	2214.15
505.43	2141.59
505.77	2202.44
506.12	2160.31
506.46	2211.81
506.81	2129.89
507.15	2139.25
507.49	2179.04
507.84	2181.38
508.18	2207.13
508.53	2232.87
508.87	2186.06
509.22	2148.61
509.56	13305.95
509.91	2733.75
510.25	2181.38
510.60	2176.70
510.94	2209.47
511.28	2282.02
511.63	2235.21
511.97	2216.49
512.32	2228.19
512.66	2122.87
513.00	2223.51
513.35	2209.47
513.69	2181.38
514.04	2244.57
514.38	2270.32
514.72	2209.47
515.07	2207.13
515.41	2094.78
515.76	2143.93
516.10	2190.74
516.44	2253.94
516.79	2190.74
517.13	2120.53
517.47	2253.94
517.82	2188.40
518.16	2260.96
518.50	2202.44
518.85	2195.42
519.19	2256.28
519.53	2307.77
519.88	2242.23
520.22	2202.44
520.56	2134.57
520.91	2193.08
521.25	2139.25
521.59	2134.57
521.93	2272.66
522.28	2239.89
522.62	2249.25
522.96	2200.10
523.31	2155.63
523.65	2232.87
523.99	2221.17
524.33	2221.17
524.68	2225.85
525.02	2108.82
525.36	2204.78
525.70	2174.36
526.05	2160.31
526.39	2143.93
526.73	2197.76
527.07	2204.78
527.41	2230.53
527.76	2143.93
528.10	2150.95
528.44	2232.87
528.78	2270.32
529.12	2277.34
529.47	2188.40
529.81	2186.06
530.15	2209.47
530.49	2204.78
530.83	2165.00
531.18	2129.89
531.52	2228.19
531.86	2211.81
532.20	2209.47
532.54	2249.25
532.88	2148.61
533.22	2188.40
533.57	2197.76
533.91	2253.94
534.25	2076.06
534.59	2228.19
534.93	2275.00
535.27	2176.70
535.61	2209.47
535.95	2289.04
536.30	2225.85
536.64	2216.49
536.98	2181.38
537.32	2202.44
537.66	2097.12
538.00	2172.02
538.34	2242.23
538.68	2235.21
539.02	2253.94
539.36	2165.00
539.70	2169.68
540.04	2218.83
540.39	2401.39
540.73	2157.97
541.07	2216.49
541.41	2209.47
541.75	2239.89
542.09	2232.87
542.43	2204.78
542.77	2209.47
543.11	2136.91
543.45	2169.68
543.79	2265.64
544.13	2223.51
544.47	2150.95
544.81	2225.85
545.15	2270.32
545.49	2183.72
545.83	2092.44
546.17	2204.78
546.51	2111.16
546.85	2167.34
547.19	2286.70
547.53	2167.34
547.87	2242.23
548.21	2293.72
548.54	2186.06
548.88	2179.04
549.22	2129.89
549.56	2172.02
549.90	2132.23
550.24	2218.83
550.58	2176.70
550.92	2237.55
551.26	2118.18
551.60	2232.87
551.94	2193.08
552.28	2204.78
552.61	2136.91
552.95	2197.76
553.29	2190.74
553.63	2193.08
553.97	2270.32
554.31	2277.34
554.65	2298.41
554.99	2211.81
555.32	2146.27
555.66	2256.28
556.00	2118.18
556.34	2228.19
556.68	2188.40
557.02	2253.94
557.36	2127.55
557.69	2216.49
558.03	2160.31
558.37	2279.68
558.71	2312.45
559.05	2165.00
559.38	2228.19
559.72	2157.97
560.06	2251.60
560.40	2225.85
560.74	2235.21
561.07	2146.27
561.41	2237.55
561.75	2181.38
562.09	2204.78
562.42	2195.42
562.76	2193.08
563.10	2160.31
563.44	2436.50
563.77	2200.10
564.11	2204.78
564.45	2207.13
564.79	2218.83
565.12	2202.44
565.46	2183.72
565.80	2195.42
566.14	2242.23
566.47	2216.49
566.81	2113.50
567.15	2216.49
567.48	2279.68
567.82	2232.87
568.16	2218.83
568.49	2195.42
568.83	2120.53
569.17	2092.44
569.50	2223.51
569.84	2235.21
570.18	2218.83
570.51	2228.19
570.85	2195.42
571.19	2209.47
571.52	2200.10
571.86	2216.49
572.20	2146.27
572.53	2251.60
572.87	2188.40
573.21	2169.68
573.54	2186.06
573.88	2188.40
574.21	2200.10
574.55	2172.02
574.89	2115.84
575.22	2172.02
575.56	2242.23
575.89	2155.63
576.23	2174.36
576.57	2244.57
576.90	2146.27
577.24	2218.83
577.57	2179.04
577.91	2263.30
578.24	2125.21
578.58	2221.17
578.91	2183.72
579.25	2087.76
579.59	2237.55
579.92	2160.31
580.26	2165.00
580.59	2310.11
580.93	2258.62
581.26	2230.53
581.60	2195.42
581.93	2253.94
582.27	2251.60
582.60	2193.08
582.94	2197.76
583.27	2162.66
583.61	2218.83
583.94	2209.47
584.28	2146.27
584.61	2172.02
584.94	2230.53
585.28	2207.13
585.61	2249.25
585.95	2188.40
586.28	2225.85
586.62	2277.34
586.95	2237.55
587.29	2207.13
587.62	2265.64
587.95	2204.78
588.29	2197.76
588.62	2183.72
588.96	2246.91
589.29	2197.76
589.62	2176.70
589.96	2176.70
590.29	2211.81
590.63	2160.31
590.96	2153.29
591.29	2204.78
591.63	2153.29
591.96	2202.44
592.29	2125.21
592.63	2272.66
592.96	2172.02
593.30	2338.20
593.63	2221.17
593.96	2136.91
594.30	2167.34
594.63	2211.81
594.96	2246.91
595.30	2188.40
595.63	2155.63
595.96	2331.17
596.29	2216.49
596.63	2267.98
596.96	2298.41
597.29	2188.40
597.63	2207.13
597.96	2218.83
598.29	2197.76
598.63	2223.51
598.96	2148.61
599.29	2228.19
599.62	2216.49
599.96	2186.06
600.29	2209.47
600.62	2176.70
600.95	2150.95
601.29	2200.10
601.62	2209.47
601.95	2155.63
602.28	2162.66
602.61	2771.19
602.95	2174.36
603.28	2239.89
603.61	2099.46
603.94	2221.17
604.27	2160.31
604.61	2183.72
604.94	2179.04
605.27	2197.76
605.60	2183.72
605.93	2172.02
606.27	2291.38
606.60	2176.70
606.93	2162.66
607.26	2249.25
607.59	2211.81
607.92	2134.57
608.26	2181.38
608.59	2174.36
608.92	2150.95
609.25	2113.50
609.58	2127.55
609.91	2249.25
610.24	2230.53
610.57	2190.74
610.90	2218.83
611.24	2146.27
611.57	2169.68
611.90	2183.72
612.23	2291.38
612.56	2155.63
612.89	2258.62
613.22	2251.60
613.55	2146.27
613.88	2223.51
614.21	2211.81
614.54	2188.40
614.87	2195.42
615.20	2165.00
615.53	2256.28
615.87	2146.27
616.20	2167.34
616.53	2260.96
616.86	2146.27
617.19	2291.38
617.52	2179.04
617.85	2228.19
618.18	2143.93
618.51	2202.44
618.84	2214.15
619.17	2162.66
619.50	2253.94
619.83	2216.49
620.16	2249.25
620.49	2209.47
620.82	2249.25
621.14	2307.77
621.47	2195.42
621.80	2197.76
622.13	2211.81
622.46	2324.15
622.79	2148.61
623.12	2167.34
623.45	2242.23
623.78	2188.40
624.11	2155.63
624.44	2162.66
624.77	2218.83
625.10	2228.19
625.43	2186.06
625.75	2188.40
626.08	2132.23
626.41	2174.36
626.74	2179.04
627.07	2162.66
627.40	2303.09
627.73	2251.60
628.06	2066.69
628.38	2176.70
628.71	2263.30
629.04	2197.76
629.37	2214.15
629.70	2176.70
630.03	2218.83
630.36	2242.23
630.68	2204.78
631.01	2153.29
631.34	2260.96
631.67	2188.40
632.00	2148.61
632.32	2284.36
632.65	2253.94
632.98	2204.78
633.31	2242.23
633.64	2270.32
633.96	2136.91
634.29	2242.23
634.62	2181.38
634.95	2246.91
635.27	2223.51
635.60	2207.13
635.93	2162.66
636.26	2221.17
636.58	2258.62
636.91	2218.83
637.24	2195.42
637.57	2183.72
637.89	2174.36
638.22	2155.63
638.55	2221.17
638.87	2172.02
639.20	2150.95
639.53	2197.76
639.86	2202.44
640.18	2165.00
640.51	2188.40
640.84	2190.74
641.16	2186.06
641.49	2155.63
641.82	2104.14
642.14	2153.29
642.47	2277.34
642.80	2167.34
643.12	2239.89
643.45	2195.42
643.78	2235.21
644.10	2193.08
644.43	2223.51
644.75	2165.00
645.08	2012.86
645.41	2251.60
645.73	2230.53
646.06	2237.55
646.39	2160.31
646.71	2104.14
647.04	2190.74
647.36	2150.95
647.69	2136.91
648.01	2209.47
648.34	2176.70
648.67	2235.21
648.99	2279.68
649.32	2197.76
649.64	2099.46
649.97	2125.21
650.29	2134.57
650.62	2289.04
650.94	2200.10
651.27	2239.89
651.59	2211.81
651.92	2132.23
652.25	2228.19
652.57	2090.10
652.90	2155.63
653.22	2202.44
653.55	2153.29
653.87	2085.42
654.20	2146.27
654.52	2296.07
654.84	2188.40
655.17	2267.98
655.49	2200.10
655.82	2113.50
656.14	2188.40
656.47	2228.19
656.79	2207.13
657.12	2207.13
657.44	2242.23
657.77	2270.32
658.09	2165.00
658.41	2209.47
658.74	2129.89
659.06	2157.97
659.39	2190.74
659.71	2211.81
660.03	2188.40
660.36	2190.74
660.68	2246.91
661.01	2366.28
661.33	2155.63
661.65	2162.66
661.98	2286.70
662.30	2305.43
662.63	2190.74
662.95	2183.72
663.27	2188.40
663.60	2183.72
663.92	2146.27
664.24	2202.44
664.57	2225.85
664.89	2218.83
665.21	2169.68
665.54	2225.85
665.86	2202.44
666.18	2251.60
666.51	2211.81
666.83	2157.97
667.15	2209.47
667.47	2258.62
667.80	2162.66
668.12	2193.08
668.44	2200.10
668.77	2230.53
669.09	2263.30
669.41	2146.27
669.73	2136.91
670.06	2202.44
670.38	2225.85
670.70	2125.21
671.02	2230.53
671.35	2113.50
671.67	2244.57
671.99	2153.29
672.31	2197.76
672.63	2202.44
672.96	2218.83
673.28	2134.57
673.60	2150.95
673.92	2232.87
674.24	2179.04
674.57	2174.36
674.89	2207.13
675.21	2162.66
675.53	2209.47
675.85	2209.47
676.17	2216.49
676.50	2190.74
676.82	2249.25
677.14	2207.13
677.46	2385.01
677.78	2106.48
678.10	2155.63
678.42	2155.63
678.75	2195.42
679.07	2162.66
679.39	2202.44
679.71	2160.31
680.03	2239.89
680.35	2148.61
680.67	2169.68
680.99	2179.04
681.31	2232.87
681.63	2207.13
681.96	2275.00
682.28	2157.97
682.60	2200.10
682.92	2204.78
683.24	2176.70
683.56	2108.82
683.88	2134.57
684.20	2146.27
684.52	2092.44
684.84	2153.29
685.16	2160.31
685.48	2207.13
685.80	2179.04
686.12	2256.28
686.44	2239.89
686.76	2190.74
687.08	2190.74
687.40	2045.63
687.72	2193.08
688.04	2188.40
688.36	2352.24
688.68	2249.25
689.00	2195.42
689.32	2127.55
689.64	2157.97
689.96	2141.59
690.28	2286.70
690.60	2200.10
690.92	2225.85
691.24	2176.70
691.56	2232.87
691.88	2202.44
692.19	2225.85
692.51	2237.55
692.83	2204.78
693.15	2260.96
693.47	2197.76
693.79	2214.15
694.11	2193.08
694.43	2270.32
694.75	2209.47
695.06	2251.60
695.38	2242.23
695.70	2165.00
696.02	2172.02
696.34	2183.72
696.66	2148.61
696.98	2143.93
697.29	2193.08
697.61	2310.11
697.93	2249.25
698.25	2635.44
698.57	2216.49
698.89	2160.31
699.20	2246.91
699.52	2328.83
699.84	2157.97
700.16	2134.57
700.48	2186.06
700.79	2136.91
701.11	2270.32
701.43	2246.91
701.75	2104.14
702.07	2120.53
702.38	2324.15
702.70	2106.48
703.02	2253.94
703.34	2242.23
703.65	2120.53
703.97	2221.17
704.29	2118.18
704.61	2181.38
704.92	2237.55
705.24	2148.61
705.56	2230.53
705.87	2188.40
706.19	2169.68
706.51	2155.63
706.82	2218.83
707.14	2193.08
707.46	2153.29
707.78	2120.53
708.09	2225.85
708.41	2216.49
708.73	2272.66
709.04	2239.89
709.36	2172.02
709.68	2195.42
709.99	2284.36
710.31	2270.32
710.62	2197.76
710.94	2197.76
711.26	2167.34
711.57	2225.85
711.89	2125.21
712.21	2317.13
712.52	2200.10
712.84	2232.87
713.15	2228.19
713.47	2165.00
713.79	2157.97
714.10	2160.31
714.42	2115.84
714.73	2207.13
715.05	2188.40
715.36	2195.42
715.68	2209.47
715.99	2179.04
716.31	2214.15
716.63	2218.83
716.94	2275.00
717.26	2441.18
717.57	2237.55
717.89	2251.60
718.20	2183.72
718.52	2230.53
718.83	2214.15
719.15	2286.70
719.46	2373.30
719.78	2197.76
720.09	2216.49
720.41	2125.21
720.72	2136.91
721.04	2176.70
721.35	2181.38
721.67	2228.19
721.98	2202.44
722.29	2197.76
722.61	2120.53
722.92	2155.63
723.24	2202.44
723.55	2249.25
723.87	2270.32
724.18	2209.47
724.50	2155.63
724.81	2207.13
725.12	2216.49
725.44	2209.47
725.75	2211.81
726.07	2249.25
726.38	2204.78
726.69	2200.10
727.01	2225.85
727.32	2169.68
727.63	2141.59
727.95	2246.91
728.26	2193.08
728.58	2172.02
728.89	2223.51
729.20	2195.42
729.52	2141.59
729.83	2296.07
730.14	2207.13
730.46	2176.70
730.77	2176.70
731.08	2153.29
731.39	2155.63
731.71	2181.38
732.02	2251.60
732.33	2181.38
732.65	2179.04
732.96	2197.76
733.27	2253.94
733.59	2284.36
733.90	2235.21
734.21	2162.66
734.52	2139.25
734.84	2373.30
735.15	2179.04
735.46	2157.97
735.77	2150.95
736.09	2148.61
736.40	2223.51
736.71	2223.51
737.02	2115.84
737.33	2115.84
737.65	2167.34
737.96	2186.06
738.27	2232.87
738.58	2244.57
738.89	2169.68
739.21	2162.66
739.52	2129.89
739.83	2246.91
740.14	2223.51
740.45	2335.85
740.76	2221.17
741.08	2120.53
741.39	2225.85
741.70	2209.47
742.01	2176.70
742.32	2202.44
742.63	2181.38
742.94	2162.66
743.26	2211.81
743.57	2209.47
743.88	2179.04
744.19	2160.31
744.50	2146.27
744.81	2253.94
745.12	2197.76
745.43	2181.38
745.74	2321.81
746.05	2207.13
746.36	2162.66
746.67	2251.60
746.99	2197.76
747.30	2211.81
747.61	2143.93
747.92	2230.53
748.23	2218.83
748.54	2190.74
748.85	2165.00
749.16	2225.85
749.47	2174.36
749.78	2104.14
750.09	2127.55
750.40	2183.72
750.71	2186.06
751.02	2169.68
751.33	2134.57
751.64	2165.00
751.95	2183.72
752.26	2162.66
752.57	2232.87
752.88	2183.72
753.19	2174.36
753.50	2328.83
753.81	2183.72
754.11	2181.38
754.42	2385.01
754.73	2216.49
755.04	2181.38
755.35	2155.63
755.66	2267.98
755.97	2167.34
756.28	2172.02
756.59	2169.68
756.90	2347.56
757.21	2221.17
757.52	2237.55
757.82	2225.85
758.13	2162.66
758.44	2195.42
758.75	2160.31
759.06	2183.72
759.37	2120.53
759.68	2183.72
759.98	2143.93
760.29	2153.29
760.60	2136.91
760.91	2125.21
761.22	2193.08
761.53	2160.31
761.83	2090.10
762.14	2169.68
762.45	2169.68
762.76	2207.13
763.07	2190.74
763.37	2347.56
763.68	2312.45
763.99	2303.09
764.30	2289.04
764.60	2193.08
764.91	2312.45
765.22	2207.13
765.53	2249.25
765.84	2200.10
766.14	2230.53
766.45	2132.23
766.76	2218.83
767.06	2197.76
767.37	2155.63
767.68	2136.91
767.99	2143.93
768.29	2188.40
768.60	2218.83
768.91	2282.02
769.21	2211.81
769.52	2263.30
769.83	2195.42
770.13	2090.10
770.44	2167.34
770.75	2183.72
771.05	2190.74
771.36	2143.93
771.67	2193.08
771.97	2143.93
772.28	2211.81
772.59	2249.25
772.89	2188.40
773.20	2132.23
773.51	2136.91
773.81	2338.20
774.12	2207.13
774.42	2162.66
774.73	2157.97
775.04	2179.04
775.34	2321.81
775.65	2195.42
775.95	2235.21
776.26	2223.51
776.56	2181.38
776.87	2193.08
777.18	5074.28
777.48	2448.20
777.79	2153.29
778.09	2235.21
778.40	2183.72
778.70	2230.53
779.01	2181.38
779.31	2221.17
779.62	2186.06
779.92	2225.85
780.23	2277.34
780.53	2202.44
780.84	2193.08
781.14	2153.29
781.45	2181.38
781.75	2324.15
782.06	2211.81
782.36	2239.89
782.67	2183.72
782.97	2207.13
783.28	2291.38
783.58	2160.31
783.89	2179.04
784.19	2188.40
784.49	2218.83
784.80	2148.61
785.10	2242.23
785.41	2190.74
785.71	2176.70
786.02	2211.81
786.32	2326.49
786.62	2195.42
786.93	2314.79
787.23	2223.51
787.54	2169.68
787.84	2284.36
788.14	2218.83
788.45	2230.53
788.75	2190.74
789.05	2246.91
789.36	2221.17
789.66	2216.49
789.96	2160.31
790.27	2207.13
790.57	2155.63
790.87	2155.63
791.18	2176.70
791.48	2162.66
791.78	2228.19
792.09	2277.34
792.39	2155.63
792.69	2214.15
793.00	2207.13
793.30	2174.36
793.60	2202.44
793.90	2193.08
794.21	2162.66
794.51	2321.81
794.81	2319.47
795.11	2197.76
795.42	2174.36
795.72	2202.44
796.02	2193.08
796.32	2186.06
796.63	2223.51
796.93	2216.49
797.23	2179.04
797.53	2235.21
797.84	2115.84
798.14	2153.29
798.44	2172.02
798.74	2195.42
799.04	2162.66
799.34	2207.13
799.65	2328.83
799.95	2211.81
800.25	2251.60
800.55	2132.23
800.85	2246.91
801.15	2181.38
801.46	2169.68
801.76	2242.23
802.06	2246.91
802.36	2150.95
802.66	2207.13
802.96	2260.96
803.26	2251.60
803.56	2291.38
803.87	2321.81
804.17	2265.64
804.47	2279.68
804.77	2214.15
805.07	2242.23
805.37	2188.40
805.67	2202.44
805.97	2176.70
806.27	2190.74
806.57	2162.66
806.87	2228.19
807.17	2193.08
807.47	2246.91
807.77	2235.21
808.07	2193.08
808.37	2263.30
808.67	2193.08
808.98	2286.70
809.28	2209.47
809.58	2319.47
809.88	2218.83
810.18	2258.62
810.47	2141.59
810.77	2122.87
811.07	2209.47
811.37	2150.95
811.67	2141.59
811.97	2200.10
812.27	2148.61
812.57	2146.27
812.87	2186.06
813.17	2181.38
813.47	2188.40
813.77	2172.02
814.07	2267.98
814.37	2279.68
814.67	2136.91
814.97	2195.42
815.27	2132.23
815.56	2183.72
815.86	2317.13
816.16	2169.68
816.46	2162.66
816.76	2303.09
817.06	2146.27
817.36	2270.32
817.66	2162.66
817.95	2202.44
818.25	2202.44
818.55	2221.17
818.85	2246.91
819.15	2150.95
819.45	2300.75
819.75	2169.68
820.04	2225.85
820.34	2375.64
820.64	2181.38
820.94	2237.55
821.24	2125.21
821.53	2176.70
821.83	2115.84
822.13	2136.91
822.43	2146.27
822.72	2183.72
823.02	2209.47
823.32	2188.40
823.62	2179.04
823.91	2263.30
824.21	2146.27
824.51	2118.18
824.81	2186.06
825.10	2143.93
825.40	2200.10
825.70	2169.68
826.00	2319.47
826.29	2167.34
826.59	2165.00
826.89	2146.27
827.18	2214.15
827.48	2204.78
827.78	2139.25
828.07	2150.95
828.37	2202.44
828.67	2181.38
828.96	2167.34
829.26	2143.93
829.56	2218.83
829.85	2122.87
830.15	2141.59
830.45	2120.53
830.74	2310.11
831.04	2282.02
831.34	2246.91
831.63	2228.19
831.93	2190.74
832.22	2237.55
832.52	2186.06
832.82	2188.40
833.11	2207.13
833.41	2141.59
833.70	2221.17
834.00	2289.04
834.29	2157.97
834.59	2162.66
834.89	2176.70
835.18	2179.04
835.48	2265.64
835.77	2228.19
836.07	2258.62
836.36	2200.10
836.66	2260.96
836.95	2225.85
837.25	2193.08
837.54	2211.81
837.84	2188.40
838.13	2195.42
838.43	2186.06
838.72	2286.70
839.02	2225.85
839.31	2101.80
839.61	2289.04
839.90	2153.29
840.20	2179.04
840.49	2209.47
840.78	2181.38
841.08	2125.21
841.37	2202.44
841.67	2153.29
841.96	2286.70
842.26	2207.13
842.55	2179.04
842.84	2211.81
843.14	2188.40
843.43	2122.87
843.73	2162.66
844.02	2204.78
844.31	2183.72
844.61	2186.06
844.90	2204.78
845.20	2197.76
845.49	2153.29
845.78	2239.89
846.08	2232.87
846.37	2148.61
846.66	2265.64
846.96	2282.02
847.25	2202.44
847.54	2204.78
847.84	2200.10
848.13	2239.89
848.42	2218.83
848.72	2169.68
849.01	2214.15
849.30	2174.36
849.59	2183.72
849.89	2239.89
850.18	2237.55
850.47	2162.66
850.76	2291.38
851.06	2403.73
851.35	2211.81
851.64	2225.85
851.93	2122.87
852.23	2307.77
852.52	2162.66
852.81	2150.95
853.10	2162.66
853.40	2228.19
853.69	2176.70
853.98	2225.85
854.27	2298.41
854.56	2239.89
854.86	2216.49
855.15	2157.97
855.44	2204.78
855.73	2153.29
856.02	2160.31
856.31	2223.51
856.61	2218.83
856.90	2228.19
857.19	2216.49
857.48	2157.97
857.77	2143.93
858.06	2090.10
858.35	2136.91
858.65	2279.68
858.94	2260.96
859.23	2211.81
859.52	2235.21
859.81	2296.07
860.10	2190.74
860.39	2204.78
860.68	2253.94
860.97	2326.49
861.26	2202.44
861.55	2258.62
861.85	2232.87
862.14	2204.78
862.43	2218.83
862.72	2193.08
863.01	2155.63
863.30	2186.06
863.59	2162.66
863.88	2160.31
864.17	2202.44
864.46	2132.23
864.75	2270.32
865.04	2179.04
865.33	2195.42
865.62	2277.34
865.91	2237.55
866.20	2167.34
866.49	2162.66
866.78	2143.93
867.07	2122.87
867.36	2235.21
867.65	2232.87
867.93	2197.76
868.22	2183.72
868.51	2232.87
868.80	2200.10
869.09	2167.34
869.38	2148.61
869.67	2300.75
869.96	2300.75
870.25	2300.75
