178.76	1774.13
179.14	1774.13
179.52	1774.13
179.90	1710.93
180.28	1858.39
180.66	1825.62
181.04	1872.43
181.42	1802.21
181.80	1792.85
182.18	1886.47
182.55	1804.55
182.93	1888.81
183.31	1881.79
183.69	1900.52
184.07	1914.56
184.45	1909.88
184.83	1923.92
185.21	1996.48
185.59	1968.39
185.97	2139.25
186.35	2047.97
186.72	2008.18
187.10	2047.97
187.48	2132.23
187.86	2087.76
188.24	2003.50
188.62	2031.58
189.00	2129.89
189.38	2129.89
189.75	2165.00
190.13	2150.95
190.51	2150.95
190.89	2256.28
191.27	2321.81
191.65	2132.23
192.03	2148.61
192.40	2218.83
192.78	2108.82
193.16	2179.04
193.54	2214.15
193.92	2134.57
194.30	2183.72
194.67	2141.59
195.05	2214.15
195.43	2153.29
195.81	2165.00
196.19	2160.31
196.56	2148.61
196.94	2120.53
197.32	2207.13
197.70	2160.31
198.08	2134.57
198.45	2153.29
198.83	2172.02
199.21	2143.93
199.59	2223.51
199.97	2024.56
200.34	2132.23
200.72	2155.63
201.10	2216.49
201.48	2209.47
201.85	2113.50
202.23	2200.10
202.61	2122.87
202.99	2275.00
203.36	2076.06
203.74	2143.93
204.12	2150.95
204.49	2097.12
204.87	2188.40
205.25	2195.42
205.63	2174.36
206.00	2087.76
206.38	2160.31
206.76	2129.89
207.14	2101.80
207.51	2099.46
207.89	2235.21
208.27	2115.84
208.64	2101.80
209.02	2120.53
209.40	2150.95
209.77	2036.27
210.15	2263.30
210.53	2064.35
210.90	2148.61
211.28	2195.42
211.66	2223.51
212.03	2139.25
212.41	2101.80
212.79	2139.25
213.16	2101.80
213.54	2125.21
213.92	2125.21
214.29	2139.25
214.67	2209.47
215.05	2083.08
215.42	2253.94
215.80	2197.76
216.17	2040.95
216.55	2150.95
216.93	2083.08
217.30	2115.84
217.68	2111.16
218.05	2136.91
218.43	2143.93
218.81	2106.48
219.18	2174.36
219.56	2106.48
219.93	2155.63
220.31	2183.72
220.69	2062.01
221.06	2146.27
221.44	2127.55
221.81	2076.06
222.19	2141.59
222.56	2062.01
222.94	2174.36
223.32	2150.95
223.69	2143.93
224.07	2129.89
224.44	2150.95
224.82	2099.46
225.19	2228.19
225.57	2230.53
225.94	2190.74
226.32	2186.06
226.69	2277.34
227.07	2207.13
227.44	2165.00
227.82	2080.74
228.19	2134.57
228.57	2127.55
228.94	2256.28
229.32	2202.44
229.69	2136.91
230.07	2094.78
230.44	2160.31
230.82	2211.81
231.19	2197.76
231.57	2127.55
231.94	2115.84
232.32	2270.32
232.69	2249.25
233.07	2162.66
233.44	2160.31
233.82	2179.04
234.19	2218.83
234.57	2197.76
234.94	2108.82
235.31	2176.70
235.69	2167.34
236.06	2202.44
236.44	2204.78
236.81	2136.91
237.19	2190.74
237.56	2256.28
237.93	2099.46
238.31	2214.15
238.68	2141.59
239.06	2174.36
239.43	2165.00
239.81	2225.85
240.18	2115.84
240.55	2115.84
240.93	2267.98
241.30	2221.17
241.67	2172.02
242.05	2160.31
242.42	2230.53
242.80	2136.91
243.17	2169.68
243.54	2150.95
243.92	2162.66
244.29	2183.72
244.66	2174.36
245.04	2242.23
245.41	2293.72
245.78	2132.23
246.16	2221.17
246.53	2244.57
246.90	2167.34
247.28	2352.24
247.65	2232.87
248.02	2202.44
248.40	2218.83
248.77	2181.38
249.14	2179.04
249.52	2153.29
249.89	2202.44
250.26	2197.76
250.64	2174.36
251.01	2368.62
251.38	2118.18
251.75	2235.21
252.13	2209.47
252.50	2216.49
252.87	2244.57
253.25	2141.59
253.62	2125.21
253.99	2132.23
254.36	2195.42
254.74	2157.97
255.11	2143.93
255.48	2211.81
255.85	2246.91
256.23	2101.80
256.60	2143.93
256.97	2169.68
257.34	2094.78
257.71	2202.44
258.09	2143.93
258.46	2136.91
258.83	2228.19
259.20	2228.19
259.58	2225.85
259.95	2197.76
260.32	2202.44
260.69	2197.76
261.06	2211.81
261.44	2129.89
261.81	2345.22
262.18	2146.27
262.55	2181.38
262.92	2188.40
263.29	2129.89
263.67	2129.89
264.04	2179.04
264.41	2197.76
264.78	2153.29
265.15	2232.87
265.52	2275.00
265.90	2106.48
266.27	2167.34
266.64	2179.04
267.01	2106.48
267.38	2202.44
267.75	2160.31
268.12	2139.25
268.50	2190.74
268.87	2099.46
269.24	2197.76
269.61	2092.44
269.98	2237.55
270.35	2155.63
270.72	2141.59
271.09	2246.91
271.46	2139.25
271.83	2179.04
272.21	2211.81
272.58	2134.57
272.95	2141.59
273.32	2190.74
273.69	2176.70
274.06	2136.91
274.43	2099.46
274.80	2148.61
275.17	2136.91
275.54	2335.85
275.91	2258.62
276.28	2141.59
276.65	2218.83
277.02	2253.94
277.39	2209.47
277.76	2169.68
278.13	2284.36
278.50	2216.49
278.87	2218.83
279.24	2239.89
279.61	2223.51
279.98	2296.07
280.35	2162.66
280.72	2094.78
281.09	2099.46
281.46	2228.19
281.83	2197.76
282.20	2169.68
282.57	2181.38
282.94	2230.53
283.31	2221.17
283.68	2223.51
284.05	2148.61
284.42	2179.04
284.79	2104.14
285.16	2150.95
285.53	2232.87
285.90	2186.06
286.27	2270.32
286.64	2176.70
287.01	2176.70
287.38	2237.55
287.75	3042.70
288.12	2256.28
288.49	2275.00
288.86	2190.74
289.23	2202.44
289.59	2183.72
289.96	2211.81
290.33	2132.23
290.70	2193.08
291.07	2235.21
291.44	2132.23
291.81	2188.40
292.18	2176.70
292.55	2179.04
292.91	2312.45
293.28	2256.28
293.65	2275.00
294.02	2172.02
294.39	2228.19
294.76	2183.72
295.13	2165.00
295.50	2188.40
295.86	2179.04
296.23	2235.21
296.60	2155.63
296.97	2193.08
297.34	2134.57
297.71	2218.83
298.07	2143.93
298.44	2188.40
298.81	2193.08
299.18	2169.68
299.55	2277.34
299.91	2132.23
300.28	2200.10
300.65	2165.00
301.02	2186.06
301.39	2150.95
301.75	2326.49
302.12	2202.44
302.49	2211.81
302.86	2321.81
303.23	2256.28
303.59	2204.78
303.96	2338.20
304.33	2282.02
304.70	2310.11
305.06	2188.40
305.43	2251.60
305.80	2200.10
306.17	2275.00
306.53	2157.97
306.90	2237.55
307.27	2204.78
307.64	2207.13
308.00	2150.95
308.37	2186.06
308.74	2258.62
309.11	2228.19
309.47	2186.06
309.84	2167.34
310.21	2167.34
310.57	2160.31
310.94	2122.87
311.31	2172.02
311.67	2195.42
312.04	2176.70
312.41	2204.78
312.77	2181.38
313.14	2136.91
313.51	2162.66
313.87	2157.97
314.24	2167.34
314.61	2174.36
314.97	2211.81
315.34	2160.31
315.71	2162.66
316.07	2195.42
316.44	2211.81
316.81	2225.85
317.17	2139.25
317.54	2314.79
317.91	2214.15
318.27	2216.49
318.64	2181.38
319.00	2200.10
319.37	2188.40
319.74	2172.02
320.10	2246.91
320.47	2207.13
320.83	2272.66
321.20	2064.35
321.57	2207.13
321.93	2169.68
322.30	2223.51
322.66	2209.47
323.03	2176.70
323.40	2190.74
323.76	2162.66
324.13	2176.70
324.49	2169.68
324.86	2401.39
325.22	2183.72
325.59	2183.72
325.95	2190.74
326.32	2284.36
326.68	2237.55
327.05	2113.50
327.42	2146.27
327.78	2174.36
328.15	2249.25
328.51	2211.81
328.88	2176.70
329.24	2235.21
329.61	2193.08
329.97	2202.44
330.34	2165.00
330.70	2186.06
331.07	2265.64
331.43	2225.85
331.80	2239.89
332.16	2267.98
332.52	2176.70
332.89	2263.30
333.25	2232.87
333.62	2253.94
333.98	2207.13
334.35	2181.38
334.71	2209.47
335.08	2148.61
335.44	2284.36
335.81	2265.64
336.17	2244.57
336.53	2146.27
336.90	2186.06
337.26	2141.59
337.63	2361.60
337.99	2186.06
338.36	2244.57
338.72	2167.34
339.08	2143.93
339.45	2244.57
339.81	2111.16
340.18	2153.29
340.54	2265.64
340.90	2179.04
341.27	2214.15
341.63	2218.83
341.99	2071.37
342.36	2282.02
342.72	2129.89
343.09	2190.74
343.45	2193.08
343.81	2183.72
344.18	2134.57
344.54	2181.38
344.90	2188.40
345.27	2211.81
345.63	2202.44
345.99	2211.81
346.36	2211.81
346.72	2232.87
347.08	2150.95
347.45	2165.00
347.81	2249.25
348.17	2174.36
348.54	2111.16
348.90	2228.19
349.26	2235.21
349.62	2211.81
349.99	2160.31
350.35	2134.57
350.71	2197.76
351.08	2190.74
351.44	2160.31
351.80	2317.13
352.16	2277.34
352.53	2228.19
352.89	2235.21
353.25	2228.19
353.61	2162.66
353.98	2197.76
354.34	2239.89
354.70	2195.42
355.06	2160.31
355.43	2165.00
355.79	2195.42
356.15	2263.30
356.51	2176.70
356.88	2190.74
357.24	2150.95
357.60	2120.53
357.96	2214.15
358.32	2345.22
358.69	2169.68
359.05	2186.06
359.41	2195.42
359.77	2153.29
360.13	2190.74
360.49	2120.53
360.86	2256.28
361.22	2228.19
361.58	2155.63
361.94	2230.53
362.30	2153.29
362.66	2179.04
363.03	2146.27
363.39	2211.81
363.75	2239.89
364.11	2211.81
364.47	2223.51
364.83	2207.13
365.19	2127.55
365.56	2211.81
365.92	2150.95
366.28	2237.55
366.64	2284.36
367.00	2174.36
367.36	2155.63
367.72	2242.23
368.08	2244.57
368.44	2183.72
368.80	2193.08
369.17	2183.72
369.53	2139.25
369.89	2181.38
370.25	2193.08
370.61	2188.40
370.97	2286.70
371.33	2218.83
371.69	2328.83
372.05	2230.53
372.41	2223.51
372.77	2216.49
373.13	2193.08
373.49	2167.34
373.85	2118.18
374.21	2181.38
374.57	2190.74
374.93	2207.13
375.29	2228.19
375.65	2169.68
376.01	2253.94
376.37	2277.34
376.73	2129.89
377.09	2150.95
377.45	2214.15
377.81	2209.47
378.17	2165.00
378.53	2162.66
378.89	2190.74
379.25	2265.64
379.61	2258.62
379.97	2193.08
380.33	2141.59
380.69	2193.08
381.05	2183.72
381.41	2221.17
381.77	2225.85
382.13	2200.10
382.49	2356.92
382.85	2188.40
383.21	2239.89
383.57	2195.42
383.93	2193.08
384.28	2172.02
384.64	2209.47
385.00	2183.72
385.36	2195.42
385.72	2235.21
386.08	2225.85
386.44	2291.38
386.80	2267.98
387.16	2284.36
387.52	2181.38
387.87	2293.72
388.23	2232.87
388.59	2127.55
388.95	2118.18
389.31	2244.57
389.67	2179.04
390.03	2228.19
390.38	2225.85
390.74	2146.27
391.10	2228.19
391.46	2218.83
391.82	2169.68
392.18	2181.38
392.54	2113.50
392.89	2165.00
393.25	2235.21
393.61	2363.94
393.97	2160.31
394.33	2181.38
394.68	2244.57
395.04	2176.70
395.40	2232.87
395.76	2209.47
396.12	2188.40
396.47	2134.57
396.83	2190.74
397.19	2069.03
397.55	2169.68
397.90	2153.29
398.26	2221.17
398.62	2160.31
398.98	2174.36
399.33	2214.15
399.69	2487.99
400.05	2183.72
400.41	2092.44
400.76	2197.76
401.12	2223.51
401.48	2181.38
401.84	2132.23
402.19	2157.97
402.55	2153.29
402.91	2200.10
403.26	2225.85
403.62	2223.51
403.98	2143.93
404.34	2141.59
404.69	2146.27
405.05	2214.15
405.41	2242.23
405.76	2165.00
406.12	2200.10
406.48	2230.53
406.83	2190.74
407.19	2214.15
407.55	2146.27
407.90	2333.51
408.26	2174.36
408.62	2230.53
408.97	2195.42
409.33	2150.95
409.68	2183.72
410.04	2211.81
410.40	2211.81
410.75	2186.06
411.11	2153.29
411.47	2132.23
411.82	2202.44
412.18	2221.17
412.53	2176.70
412.89	2225.85
413.25	2237.55
413.60	2211.81
413.96	2113.50
414.31	2214.15
414.67	2125.21
415.03	2113.50
415.38	2155.63
415.74	2162.66
416.09	2223.51
416.45	2230.53
416.80	2195.42
417.16	2188.40
417.51	2183.72
417.87	2204.78
418.23	2216.49
418.58	2204.78
418.94	2228.19
419.29	2197.76
419.65	2186.06
420.00	2190.74
420.36	2265.64
420.71	2188.40
421.07	2181.38
421.42	2195.42
421.78	2286.70
422.13	2150.95
422.49	2134.57
422.84	2239.89
423.20	2129.89
423.55	2202.44
423.91	2181.38
424.26	2249.25
424.61	2188.40
424.97	2228.19
425.32	2174.36
425.68	2202.44
426.03	2174.36
426.39	2260.96
426.74	2291.38
427.10	2202.44
427.45	2146.27
427.80	2267.98
428.16	2167.34
428.51	2143.93
428.87	2249.25
429.22	2132.23
429.58	2169.68
429.93	2232.87
430.28	2197.76
430.64	2165.00
430.99	2153.29
431.35	2200.10
431.70	2162.66
432.05	2195.42
432.41	2253.94
432.76	2230.53
433.11	2230.53
433.47	2263.30
433.82	2265.64
434.17	2176.70
434.53	2207.13
434.88	2352.24
435.24	2101.80
435.59	2188.40
435.94	2167.34
436.30	2162.66
436.65	2193.08
437.00	2172.02
437.35	2279.68
437.71	2129.89
438.06	2155.63
438.41	2197.76
438.77	2244.57
439.12	2167.34
439.47	2115.84
439.83	2207.13
440.18	2214.15
440.53	2218.83
440.88	2298.41
441.24	2174.36
441.59	2181.38
441.94	2167.34
442.30	2146.27
442.65	2256.28
443.00	2174.36
443.35	2258.62
443.71	2204.78
444.06	2263.30
444.41	2207.13
444.76	2253.94
445.11	2216.49
445.47	2270.32
445.82	2246.91
446.17	2172.02
446.52	2237.55
446.88	2214.15
447.23	2214.15
447.58	2230.53
447.93	2202.44
448.28	2520.76
448.63	2312.45
448.99	2242.23
449.34	2183.72
449.69	2258.62
450.04	2202.44
450.39	2202.44
450.74	2186.06
451.10	2165.00
451.45	2197.76
451.80	2160.31
452.15	2263.30
452.50	2218.83
452.85	2230.53
453.21	2162.66
453.56	2167.34
453.91	2176.70
454.26	2263.30
454.61	2188.40
454.96	2169.68
455.31	2125.21
455.66	2139.25
456.01	2157.97
456.36	2181.38
456.72	2148.61
457.07	2183.72
457.42	2265.64
457.77	2260.96
458.12	2071.37
458.47	2186.06
458.82	2193.08
459.17	2197.76
459.52	2293.72
459.87	2544.16
460.22	2242.23
460.57	2169.68
460.92	2120.53
461.27	2188.40
461.62	2157.97
461.97	2148.61
462.32	2284.36
462.67	2256.28
463.02	2289.04
463.38	2256.28
463.73	2218.83
464.08	2277.34
464.43	2249.25
464.78	2139.25
465.12	2230.53
465.47	2183.72
465.82	2605.02
466.17	2207.13
466.52	2242.23
466.87	2160.31
467.22	2122.87
467.57	2179.04
467.92	2200.10
468.27	2251.60
468.62	2284.36
468.97	2143.93
469.32	2125.21
469.67	2258.62
470.02	2223.51
470.37	2132.23
470.72	2211.81
471.07	2174.36
471.42	2174.36
471.76	2195.42
472.11	2153.29
472.46	2272.66
472.81	2389.69
473.16	2174.36
473.51	2214.15
473.86	2160.31
474.21	2195.42
474.56	2188.40
474.90	2202.44
475.25	2256.28
475.60	2186.06
475.95	2115.84
476.30	2204.78
476.65	2239.89
477.00	2310.11
477.34	2190.74
477.69	2179.04
478.04	2260.96
478.39	2267.98
478.74	2129.89
479.09	2169.68
479.43	2345.22
479.78	2237.55
480.13	2207.13
480.48	2223.51
480.83	2200.10
481.17	2134.57
481.52	2244.57
481.87	2120.53
482.22	2115.84
482.57	2141.59
482.91	2263.30
483.26	2218.83
483.61	2200.10
483.96	2197.76
484.30	4189.56
484.65	2326.49
485.00	2141.59
485.35	2150.95
485.69	2190.74
486.04	2228.19
486.39	2162.66
486.74	2162.66
487.08	2176.70
487.43	2160.31
487.78	2174.36
488.12	2249.25
488.47	2174.36
488.82	2186.06
489.17	2218.83
489.51	2160.31
489.86	2183.72
490.21	2183.72
490.55	2162.66
490.90	2174.36
491.25	2223.51
491.59	2136.91
491.94	2347.56
492.29	2216.49
492.63	2230.53
492.98	2172.02
493.33	2263.30
493.67	2223.51
494.02	2139.25
494.37	2202.44
494.71	2207.13
495.06	2167.34
495.40	2293.72
495.75	2129.89
496.10	2235.21
496.44	2223.51
496.79	2209.47
497.13	2150.95
497.48	2317.13
497.83	2284.36
498.17	2298.41
498.52	2211.81
498.86	2148.61
499.21	2172.02
499.56	2188.40
499.90	2228.19
500.25	2183.72
500.59	2139.25
500.94	2174.36
501.28	2270.32
501.63	2272.66
501.97	2141.59
502.32	2172.02
502.67	2193.08
503.01	2153.29
503.36	2200.10
503.70	2181.38
504.05	2207.13
504.39	2169.68
504.74	2146.27
505.08	2239.89
505.43	2183.72
505.77	2181.38
506.12	2176.70
506.46	2253.94
506.81	2160.31
507.15	2141.59
507.49	2160.31
507.84	2172.02
508.18	2209.47
508.53	2228.19
508.87	2214.15
509.22	2218.83
509.56	13085.94
509.91	2675.23
510.25	2197.76
510.60	2083.08
510.94	2277.34
511.28	2200.10
511.63	2195.42
511.97	2214.15
512.32	2190.74
512.66	2160.31
513.00	2216.49
513.35	2209.47
513.69	2223.51
514.04	2207.13
514.38	2195.42
514.72	2143.93
515.07	2174.36
515.41	2148.61
515.76	2195.42
516.10	2242.23
516.44	2207.13
516.79	2174.36
517.13	2120.53
517.47	2265.64
517.82	2176.70
518.16	2218.83
518.50	2207.13
518.85	2223.51
519.19	2286.70
519.53	2223.51
519.88	2258.62
520.22	2181.38
520.56	2246.91
520.91	2165.00
521.25	2162.66
521.59	2155.63
521.93	2207.13
522.28	2179.04
522.62	2225.85
522.96	2249.25
523.31	2085.42
523.65	2232.87
523.99	2190.74
524.33	2251.60
524.68	2267.98
525.02	2120.53
525.36	2251.60
525.70	2197.76
526.05	2214.15
526.39	2239.89
526.73	2237.55
527.07	2190.74
527.41	2279.68
527.76	2172.02
528.10	2160.31
528.44	2211.81
528.78	2221.17
529.12	2153.29
529.47	2160.31
529.81	2176.70
530.15	2253.94
530.49	2225.85
530.83	2118.18
531.18	2209.47
531.52	2218.83
531.86	2181.38
532.20	2214.15
532.54	2225.85
532.88	2165.00
533.22	2282.02
533.57	2277.34
533.91	2270.32
534.25	2195.42
534.59	2225.85
534.93	2232.87
535.27	2230.53
535.61	2204.78
535.95	2242.23
536.30	2143.93
536.64	2157.97
536.98	2150.95
537.32	2186.06
537.66	2232.87
538.00	2202.44
538.34	2251.60
538.68	2251.60
539.02	2251.60
539.36	2181.38
539.70	2150.95
540.04	2195.42
540.39	2293.72
540.73	2190.74
541.07	2122.87
541.41	2157.97
541.75	2172.02
542.09	2225.85
542.43	2193.08
542.77	2167.34
543.11	2190.74
543.45	2239.89
543.79	2218.83
544.13	2211.81
544.47	2181.38
544.81	2207.13
545.15	2174.36
545.49	2225.85
545.83	2155.63
546.17	2136.91
546.51	2092.44
546.85	2150.95
547.19	2228.19
547.53	2118.18
547.87	2174.36
548.21	2270.32
548.54	2237.55
548.88	2122.87
549.22	2127.55
549.56	2146.27
549.90	2157.97
550.24	2328.83
550.58	2157.97
550.92	2249.25
551.26	2150.95
551.60	2209.47
551.94	2162.66
552.28	2176.70
552.61	2127.55
552.95	2223.51
553.29	2132.23
553.63	2174.36
553.97	2172.02
554.31	2235.21
554.65	2218.83
554.99	2289.04
555.32	2225.85
555.66	2216.49
556.00	2134.57
556.34	2235.21
556.68	2214.15
557.02	2265.64
557.36	2190.74
557.69	2244.57
558.03	2129.89
558.37	2251.60
558.71	2277.34
559.05	2225.85
559.38	2284.36
559.72	2181.38
560.06	2209.47
560.40	2188.40
560.74	2284.36
561.07	2193.08
561.41	2263.30
561.75	2165.00
562.09	2200.10
562.42	2244.57
562.76	2258.62
563.10	2139.25
563.44	2441.18
563.77	2249.25
564.11	2228.19
564.45	2239.89
564.79	2242.23
565.12	2246.91
565.46	2150.95
565.80	2188.40
566.14	2244.57
566.47	2275.00
566.81	2216.49
567.15	2228.19
567.48	2148.61
567.82	2195.42
568.16	2211.81
568.49	2162.66
568.83	2146.27
569.17	2134.57
569.50	2228.19
569.84	2258.62
570.18	2239.89
570.51	2310.11
570.85	2230.53
571.19	2239.89
571.52	2160.31
571.86	2179.04
572.20	2195.42
572.53	2286.70
572.87	2253.94
573.21	2153.29
573.54	2148.61
573.88	2242.23
574.21	2183.72
574.55	2139.25
574.89	2169.68
575.22	2237.55
575.56	2172.02
575.89	2169.68
576.23	2251.60
576.57	2172.02
576.90	2165.00
577.24	2249.25
577.57	2218.83
577.91	2195.42
578.24	2118.18
578.58	2136.91
578.91	2155.63
579.25	2179.04
579.59	2167.34
579.92	2169.68
580.26	2155.63
580.59	2244.57
580.93	2148.61
581.26	2134.57
581.60	2256.28
581.93	2230.53
582.27	2312.45
582.60	2181.38
582.94	2169.68
583.27	2211.81
583.61	2197.76
583.94	2099.46
584.28	2179.04
584.61	2167.34
584.94	2230.53
585.28	2232.87
585.61	2221.17
585.95	2228.19
586.28	2326.49
586.62	2263.30
586.95	2139.25
587.29	2300.75
587.62	2216.49
587.95	2143.93
588.29	2228.19
588.62	2275.00
588.96	2279.68
589.29	2195.42
589.62	2221.17
589.96	2211.81
590.29	2169.68
590.63	2200.10
590.96	2167.34
591.29	2179.04
591.63	2235.21
591.96	2115.84
592.29	2155.63
592.63	2115.84
592.96	2186.06
593.30	2246.91
593.63	2221.17
593.96	2122.87
594.30	2179.04
594.63	2209.47
594.96	2258.62
595.30	2122.87
595.63	2223.51
595.96	2223.51
596.29	2207.13
596.63	2122.87
596.96	2237.55
597.29	2232.87
597.63	2162.66
597.96	2190.74
598.29	2223.51
598.63	2183.72
598.96	2176.70
599.29	2160.31
599.62	2160.31
599.96	2167.34
600.29	2188.40
600.62	2012.86
600.95	2181.38
601.29	2153.29
601.62	2157.97
601.95	2200.10
602.28	2179.04
602.61	2895.24
602.95	2207.13
603.28	2260.96
603.61	2193.08
603.94	2209.47
604.27	2216.49
604.61	2228.19
604.94	2223.51
605.27	2193.08
605.60	2193.08
605.93	2190.74
606.27	2207.13
606.60	2162.66
606.93	2216.49
607.26	2230.53
607.59	2239.89
607.92	2157.97
608.26	2179.04
608.59	2186.06
608.92	2160.31
609.25	2165.00
609.58	2204.78
609.91	2167.34
610.24	2270.32
610.57	2256.28
610.90	2211.81
611.24	2167.34
611.57	2256.28
611.90	2228.19
612.23	2104.14
612.56	2160.31
612.89	2275.00
613.22	2188.40
613.55	2179.04
613.88	2265.64
614.21	2223.51
614.54	2160.31
614.87	2172.02
615.20	2134.57
615.53	2244.57
615.87	2176.70
616.20	2190.74
616.53	2263.30
616.86	2165.00
617.19	2312.45
617.52	2101.80
617.85	2188.40
618.18	2129.89
618.51	2193.08
618.84	2202.44
619.17	2125.21
619.50	2246.91
619.83	2242.23
620.16	2221.17
620.49	2239.89
620.82	2342.88
621.14	2193.08
621.47	2265.64
621.80	2258.62
622.13	2183.72
622.46	2319.47
622.79	2286.70
623.12	2197.76
623.45	2239.89
623.78	2221.17
624.11	2148.61
624.44	2221.17
624.77	2181.38
625.10	2113.50
625.43	2169.68
625.75	2176.70
626.08	2197.76
626.41	2169.68
626.74	2265.64
627.07	2195.42
627.40	2256.28
627.73	2087.76
628.06	2120.53
628.38	2146.27
628.71	2246.91
629.04	2211.81
629.37	2258.62
629.70	2167.34
630.03	2202.44
630.36	2207.13
630.68	2216.49
631.01	2202.44
631.34	2228.19
631.67	2183.72
632.00	2209.47
632.32	2162.66
632.65	2282.02
632.98	2141.59
633.31	2146.27
633.64	2136.91
633.96	2169.68
634.29	2275.00
634.62	2186.06
634.95	2239.89
635.27	2174.36
635.60	2256.28
635.93	2193.08
636.26	2232.87
636.58	2136.91
636.91	2104.14
637.24	2174.36
637.57	2076.06
637.89	2218.83
638.22	2165.00
638.55	2186.06
638.87	2216.49
639.20	2200.10
639.53	2296.07
639.86	2160.31
640.18	2148.61
640.51	2162.66
640.84	2132.23
641.16	2127.55
641.49	2181.38
641.82	2157.97
642.14	2141.59
642.47	2377.98
642.80	2225.85
643.12	2258.62
643.45	2176.70
643.78	2172.02
644.10	2197.76
644.43	2289.04
644.75	2244.57
645.08	2176.70
645.41	2183.72
645.73	2143.93
646.06	2298.41
646.39	2284.36
646.71	2195.42
647.04	2127.55
647.36	2132.23
647.69	2209.47
648.01	2183.72
648.34	2270.32
648.67	2211.81
648.99	2209.47
649.32	2188.40
649.64	2118.18
649.97	2153.29
650.29	2188.40
650.62	2310.11
650.94	2186.06
651.27	2188.40
651.59	2174.36
651.92	2092.44
652.25	2172.02
652.57	2129.89
652.90	2204.78
653.22	2221.17
653.55	2162.66
653.87	2169.68
654.20	2195.42
654.52	2270.32
654.84	2141.59
655.17	2211.81
655.49	2275.00
655.82	2228.19
656.14	2209.47
656.47	2237.55
656.79	2277.34
657.12	2267.98
657.44	2221.17
657.77	2244.57
658.09	2253.94
658.41	2146.27
658.74	2188.40
659.06	2127.55
659.39	2195.42
659.71	2195.42
660.03	2193.08
660.36	2181.38
660.68	2188.40
661.01	2303.09
661.33	2223.51
661.65	2216.49
661.98	2267.98
662.30	2298.41
662.63	2160.31
662.95	2242.23
663.27	2087.76
663.60	2165.00
663.92	2228.19
664.24	2190.74
664.57	2143.93
664.89	2225.85
665.21	2141.59
665.54	2230.53
665.86	2221.17
666.18	2319.47
666.51	2242.23
666.83	2143.93
667.15	2267.98
667.47	2207.13
667.80	2172.02
668.12	2237.55
668.44	2272.66
668.77	2239.89
669.09	2265.64
669.41	2249.25
669.73	2127.55
670.06	2204.78
670.38	2197.76
670.70	2150.95
671.02	2197.76
671.35	2211.81
671.67	2256.28
671.99	2214.15
672.31	2298.41
672.63	2190.74
672.96	2244.57
673.28	2165.00
673.60	2139.25
673.92	2162.66
674.24	2150.95
674.57	2172.02
674.89	2193.08
675.21	2200.10
675.53	2230.53
675.85	2200.10
676.17	2211.81
676.50	2216.49
676.82	2230.53
677.14	2225.85
677.46	2216.49
677.78	2141.59
678.10	2181.38
678.42	2150.95
678.75	2186.06
679.07	2106.48
679.39	2176.70
679.71	2174.36
680.03	2172.02
680.35	2186.06
680.67	2188.40
680.99	2204.78
681.31	2188.40
681.63	2216.49
681.96	2312.45
682.28	2167.34
682.60	2134.57
682.92	2162.66
683.24	2181.38
683.56	2244.57
683.88	2153.29
684.20	2225.85
684.52	2174.36
684.84	2150.95
685.16	2157.97
685.48	2174.36
685.80	2162.66
686.12	2193.08
686.44	2275.00
686.76	2167.34
687.08	2221.17
687.40	2239.89
687.72	2235.21
688.04	2150.95
688.36	2340.54
688.68	2136.91
689.00	2216.49
689.32	2172.02
689.64	2148.61
689.96	2136.91
690.28	2235.21
690.60	2260.96
690.92	2211.81
691.24	2186.06
691.56	2122.87
691.88	2242.23
692.19	2143.93
692.51	2202.44
692.83	2148.61
693.15	2223.51
693.47	2209.47
693.79	2160.31
694.11	2221.17
694.43	2190.74
694.75	2256.28
695.06	2216.49
695.38	2246.91
695.70	2160.31
696.02	2202.44
696.34	2155.63
696.66	2195.42
696.98	2207.13
697.29	2242.23
697.61	2230.53
697.93	2249.25
698.25	2640.12
698.57	2162.66
698.89	2148.61
699.20	2141.59
699.52	2235.21
699.84	2230.53
700.16	2169.68
700.48	2237.55
700.79	2190.74
701.11	2298.41
701.43	2193.08
701.75	2167.34
702.07	2160.31
702.38	2258.62
702.70	2157.97
703.02	2197.76
703.34	2181.38
703.65	2190.74
703.97	2179.04
704.29	2129.89
704.61	2186.06
704.92	2225.85
705.24	2150.95
705.56	2256.28
705.87	2317.13
706.19	2232.87
706.51	2223.51
706.82	2204.78
707.14	2202.44
707.46	2129.89
707.78	2181.38
708.09	2237.55
708.41	2246.91
708.73	2188.40
709.04	2228.19
709.36	2202.44
709.68	2230.53
709.99	2342.88
710.31	2284.36
710.62	2216.49
710.94	2146.27
711.26	2179.04
711.57	2197.76
711.89	2183.72
712.21	2293.72
712.52	2169.68
712.84	2200.10
713.15	2181.38
713.47	2216.49
713.79	2108.82
714.10	2167.34
714.42	2174.36
714.73	2272.66
715.05	2172.02
715.36	2207.13
715.68	2176.70
715.99	2174.36
716.31	2143.93
716.63	2207.13
716.94	2246.91
717.26	2368.62
717.57	2282.02
717.89	2286.70
718.20	2232.87
718.52	2239.89
718.83	2202.44
719.15	2335.85
719.46	2286.70
719.78	2228.19
720.09	2221.17
720.41	2193.08
720.72	2143.93
721.04	2179.04
721.35	2179.04
721.67	2160.31
721.98	2188.40
722.29	2197.76
722.61	2153.29
722.92	2190.74
723.24	2139.25
723.55	2153.29
723.87	2237.55
724.18	2267.98
724.50	2202.44
724.81	2209.47
725.12	2132.23
725.44	2169.68
725.75	2239.89
726.07	2193.08
726.38	2221.17
726.69	2134.57
727.01	2242.23
727.32	2230.53
727.63	2183.72
727.95	2225.85
728.26	2179.04
728.58	2186.06
728.89	2211.81
729.20	2230.53
729.52	2186.06
729.83	2289.04
730.14	2265.64
730.46	2211.81
730.77	2221.17
731.08	2223.51
731.39	2134.57
731.71	2165.00
732.02	2282.02
732.33	2169.68
732.65	2153.29
732.96	2272.66
733.27	2141.59
733.59	2312.45
733.90	2270.32
734.21	2118.18
734.52	2181.38
734.84	2377.98
735.15	2216.49
735.46	2176.70
735.77	2235.21
736.09	2225.85
736.40	2221.17
736.71	2260.96
737.02	2246.91
737.33	2120.53
737.65	2214.15
737.96	2207.13
738.27	2162.66
738.58	2277.34
738.89	2246.91
739.21	2157.97
739.52	2106.48
739.83	2193.08
740.14	2118.18
740.45	2193.08
740.76	2237.55
741.08	2150.95
741.39	2183.72
741.70	2160.31
742.01	2207.13
742.32	2216.49
742.63	2176.70
742.94	2230.53
743.26	2223.51
743.57	2162.66
743.88	2195.42
744.19	2260.96
744.50	2193.08
744.81	2260.96
745.12	2113.50
745.43	2148.61
745.74	2242.23
746.05	2225.85
746.36	2181.38
746.67	2321.81
746.99	2232.87
747.30	2237.55
747.61	2172.02
747.92	2272.66
748.23	2239.89
748.54	2214.15
748.85	2202.44
749.16	2197.76
749.47	2190.74
749.78	2188.40
750.09	2153.29
750.40	2188.40
750.71	2251.60
751.02	2127.55
751.33	2200.10
751.64	2183.72
751.95	2209.47
752.26	2167.34
752.57	2146.27
752.88	2155.63
753.19	2057.33
753.50	2328.83
753.81	2218.83
754.11	2174.36
754.42	2305.43
754.73	2153.29
755.04	2209.47
755.35	2197.76
755.66	2282.02
755.97	2207.13
756.28	2169.68
756.59	2244.57
756.90	2354.58
757.21	2223.51
757.52	2181.38
757.82	2143.93
758.13	2120.53
758.44	2251.60
758.75	2181.38
759.06	2216.49
759.37	2146.27
759.68	2181.38
759.98	2153.29
760.29	2160.31
760.60	2218.83
760.91	2066.69
761.22	2207.13
761.53	2071.37
761.83	2125.21
762.14	2207.13
762.45	2186.06
762.76	2214.15
763.07	2221.17
763.37	2361.60
763.68	2228.19
763.99	2284.36
764.30	2260.96
764.60	2160.31
764.91	2193.08
765.22	2179.04
765.53	2314.79
765.84	2181.38
766.14	2195.42
766.45	2202.44
766.76	2214.15
767.06	2235.21
767.37	2211.81
767.68	2148.61
767.99	2239.89
768.29	2190.74
768.60	2223.51
768.91	2267.98
769.21	2317.13
769.52	2235.21
769.83	2188.40
770.13	2214.15
770.44	2104.14
770.75	2190.74
771.05	2214.15
771.36	2232.87
771.67	2200.10
771.97	2143.93
772.28	2207.13
772.59	2237.55
772.89	2228.19
773.20	2193.08
773.51	2197.76
773.81	2312.45
774.12	2165.00
774.42	2146.27
774.73	2113.50
775.04	2143.93
775.34	2436.50
775.65	2221.17
775.95	2263.30
776.26	2246.91
776.56	2225.85
776.87	2239.89
777.18	3297.81
777.48	2401.39
777.79	2211.81
778.09	2256.28
778.40	2211.81
778.70	2225.85
779.01	2228.19
779.31	2221.17
779.62	2146.27
779.92	2160.31
780.23	2223.51
780.53	2165.00
780.84	2221.17
781.14	2150.95
781.45	2120.53
781.75	2162.66
782.06	2221.17
782.36	2235.21
782.67	2195.42
782.97	2153.29
783.28	2225.85
783.58	2216.49
783.89	2228.19
784.19	2200.10
784.49	2230.53
784.80	2153.29
785.10	2251.60
785.41	2188.40
785.71	2296.07
786.02	2249.25
786.32	2253.94
786.62	2148.61
786.93	2279.68
787.23	2202.44
787.54	2207.13
787.84	2237.55
788.14	2242.23
788.45	2228.19
788.75	2113.50
789.05	2162.66
789.36	2141.59
789.66	2246.91
789.96	2183.72
790.27	2209.47
790.57	2174.36
790.87	2157.97
791.18	2179.04
791.48	2277.34
791.78	2225.85
792.09	2207.13
792.39	2153.29
792.69	2204.78
793.00	2221.17
793.30	2214.15
793.60	2214.15
793.90	2132.23
794.21	2265.64
794.51	2403.73
794.81	2242.23
795.11	2186.06
795.42	2157.97
795.72	2244.57
796.02	2223.51
796.32	2186.06
796.63	2218.83
796.93	2242.23
797.23	2190.74
797.53	2214.15
797.84	2223.51
798.14	2099.46
798.44	2143.93
798.74	2239.89
799.04	2162.66
799.34	2162.66
799.65	2310.11
799.95	2179.04
800.25	2230.53
800.55	2253.94
800.85	2207.13
801.15	2097.12
801.46	2134.57
801.76	2356.92
802.06	2209.47
802.36	2209.47
802.66	2202.44
802.96	2267.98
803.26	2232.87
803.56	2277.34
803.87	2347.56
804.17	2179.04
804.47	2249.25
804.77	2181.38
805.07	2263.30
805.37	2260.96
805.67	2115.84
805.97	2221.17
806.27	2356.92
806.57	2214.15
806.87	2275.00
807.17	2146.27
807.47	2211.81
807.77	2228.19
808.07	2120.53
808.37	2221.17
808.67	2305.43
808.98	2352.24
809.28	2150.95
809.58	2237.55
809.88	2188.40
810.18	2314.79
810.47	2263.30
810.77	2143.93
811.07	2202.44
811.37	2223.51
811.67	2146.27
811.97	2148.61
812.27	2155.63
812.57	2207.13
812.87	2218.83
813.17	2207.13
813.47	2134.57
813.77	2225.85
814.07	2176.70
814.37	2183.72
814.67	2214.15
814.97	2174.36
815.27	2106.48
815.56	2232.87
815.86	2197.76
816.16	2190.74
816.46	2132.23
816.76	2216.49
817.06	2270.32
817.36	2289.04
817.66	2258.62
817.95	2190.74
818.25	2172.02
818.55	2279.68
818.85	2251.60
819.15	2150.95
819.45	2207.13
819.75	2216.49
820.04	2111.16
820.34	2279.68
820.64	2237.55
820.94	2284.36
821.24	2265.64
821.53	2195.42
821.83	2153.29
822.13	2165.00
822.43	2122.87
822.72	2146.27
823.02	2143.93
823.32	2202.44
823.62	2197.76
823.91	2218.83
824.21	2122.87
824.51	2104.14
824.81	2150.95
825.10	2139.25
825.40	2282.02
825.70	2167.34
826.00	2284.36
826.29	2162.66
826.59	2200.10
826.89	2172.02
827.18	2232.87
827.48	2188.40
827.78	2132.23
828.07	2179.04
828.37	2202.44
828.67	2190.74
828.96	2218.83
829.26	2172.02
829.56	2181.38
829.85	2253.94
830.15	2188.40
830.45	2155.63
830.74	2244.57
831.04	2221.17
831.34	2195.42
831.63	2237.55
831.93	2267.98
832.22	2190.74
832.52	2197.76
832.82	2223.51
833.11	2216.49
833.41	2183.72
833.70	2141.59
834.00	2223.51
834.29	2176.70
834.59	2162.66
834.89	2263.30
835.18	2167.34
835.48	2270.32
835.77	2200.10
836.07	2033.93
836.36	2195.42
836.66	2232.87
836.95	2190.74
837.25	2183.72
837.54	2207.13
837.84	2167.34
838.13	2204.78
838.43	2174.36
838.72	2272.66
839.02	2232.87
839.31	2139.25
839.61	2289.04
839.90	2141.59
840.20	2284.36
840.49	2125.21
840.78	2167.34
841.08	2251.60
841.37	2162.66
841.67	2193.08
841.96	2197.76
842.26	2232.87
842.55	2186.06
842.84	2155.63
843.14	2207.13
843.43	2143.93
843.73	2214.15
844.02	2200.10
844.31	2225.85
844.61	2214.15
844.90	2188.40
845.20	2162.66
845.49	2099.46
845.78	2157.97
846.08	2162.66
846.37	2153.29
846.66	2207.13
846.96	2160.31
847.25	2200.10
847.54	2104.14
847.84	2174.36
848.13	2214.15
848.42	2265.64
848.72	2179.04
849.01	2195.42
849.30	2132.23
849.59	2172.02
849.89	2113.50
850.18	2214.15
850.47	2195.42
850.76	2289.04
851.06	2267.98
851.35	2242.23
851.64	2223.51
851.93	2279.68
852.23	2340.54
852.52	2211.81
852.81	2143.93
853.10	2200.10
853.40	2204.78
853.69	2221.17
853.98	2183.72
854.27	2197.76
854.56	2169.68
854.86	2270.32
855.15	2197.76
855.44	2267.98
855.73	2148.61
856.02	2232.87
856.31	2256.28
856.61	2181.38
856.90	2179.04
857.19	2218.83
857.48	2148.61
857.77	2099.46
858.06	2146.27
858.35	2176.70
858.65	2235.21
858.94	2176.70
859.23	2132.23
859.52	2211.81
859.81	2270.32
860.10	2153.29
860.39	2237.55
860.68	2181.38
860.97	2150.95
861.26	2186.06
861.55	2249.25
861.85	2179.04
862.14	2211.81
862.43	2218.83
862.72	2275.00
863.01	2179.04
863.30	2181.38
863.59	2193.08
863.88	2160.31
864.17	2150.95
864.46	2172.02
864.75	2352.24
865.04	2141.59
865.33	2186.06
865.62	2209.47
865.91	2216.49
866.20	2211.81
866.49	2176.70
866.78	2237.55
867.07	2188.40
867.36	2195.42
867.65	2253.94
867.93	2125.21
868.22	2183.72
868.51	2214.15
868.80	2181.38
869.09	2176.70
869.38	2169.68
869.67	2202.44
869.96	2202.44
870.25	2202.44
