178.76	1696.89
179.14	1696.89
179.52	1696.89
179.90	1703.91
180.28	1806.89
180.66	1837.32
181.04	1827.96
181.42	1767.10
181.80	1790.51
182.18	1846.68
182.55	1846.68
182.93	1842.00
183.31	1830.30
183.69	1912.22
184.07	1930.94
184.45	1973.07
184.83	1961.37
185.21	1970.73
185.59	1935.62
185.97	2122.87
186.35	2092.44
186.72	2054.99
187.10	2031.58
187.48	2036.27
187.86	2148.61
188.24	2040.95
188.62	1994.14
189.00	2146.27
189.38	2125.21
189.75	2111.16
190.13	2127.55
190.51	2099.46
190.89	2300.75
191.27	2338.20
191.65	2148.61
192.03	2118.18
192.40	2169.68
192.78	2200.10
193.16	2195.42
193.54	2307.77
193.92	2286.70
194.30	2134.57
194.67	2127.55
195.05	2181.38
195.43	2186.06
195.81	2155.63
196.19	2211.81
196.56	2277.34
196.94	2076.06
197.32	2223.51
197.70	2146.27
198.08	2150.95
198.45	2146.27
198.83	2134.57
199.21	2162.66
199.59	2244.57
199.97	2176.70
200.34	2141.59
200.72	2174.36
201.10	2216.49
201.48	2214.15
201.85	2143.93
202.23	2172.02
202.61	2122.87
202.99	2289.04
203.36	2115.84
203.74	2197.76
204.12	2127.55
204.49	2134.57
204.87	2186.06
205.25	2122.87
205.63	2176.70
206.00	2174.36
206.38	2165.00
206.76	2120.53
207.14	2078.40
207.51	2148.61
207.89	2197.76
208.27	2150.95
208.64	2129.89
209.02	2132.23
209.40	2097.12
209.77	2097.12
210.15	2237.55
210.53	2054.99
210.90	2246.91
211.28	2085.42
211.66	2165.00
212.03	2127.55
212.41	2148.61
212.79	2136.91
213.16	2106.48
213.54	2150.95
213.92	2150.95
214.29	2120.53
214.67	2122.87
215.05	2155.63
215.42	2115.84
215.80	2139.25
216.17	2134.57
216.55	2157.97
216.93	2099.46
217.30	2211.81
217.68	2073.71
218.05	2113.50
218.43	2101.80
218.81	2160.31
219.18	2221.17
219.56	2148.61
219.93	2139.25
220.31	2162.66
220.69	2181.38
221.06	2108.82
221.44	2125.21
221.81	2162.66
222.19	2113.50
222.56	2104.14
222.94	2174.36
223.32	2122.87
223.69	2132.23
224.07	2162.66
224.44	2143.93
224.82	2179.04
225.19	2157.97
225.57	2097.12
225.94	2099.46
226.32	2113.50
226.69	2289.04
227.07	2246.91
227.44	2150.95
227.82	2193.08
228.19	2153.29
228.57	2218.83
228.94	2291.38
229.32	2167.34
229.69	2155.63
230.07	2174.36
230.44	2179.04
230.82	2186.06
231.19	2162.66
231.57	2127.55
231.94	2174.36
232.32	2275.00
232.69	2204.78
233.07	2155.63
233.44	2169.68
233.82	2239.89
234.19	2141.59
234.57	2209.47
234.94	2160.31
235.31	2153.29
235.69	2183.72
236.06	2204.78
236.44	2155.63
236.81	2148.61
237.19	2160.31
237.56	2225.85
237.93	2162.66
238.31	2150.95
238.68	2228.19
239.06	2092.44
239.43	2134.57
239.81	2197.76
240.18	2167.34
240.55	2193.08
240.93	2289.04
241.30	2146.27
241.67	2157.97
242.05	2101.80
242.42	2216.49
242.80	2186.06
243.17	2179.04
243.54	2242.23
243.92	2209.47
244.29	2069.03
244.66	2209.47
245.04	2167.34
245.41	2340.54
245.78	2169.68
246.16	2179.04
246.53	2165.00
246.90	2148.61
247.28	2272.66
247.65	2195.42
248.02	2157.97
248.40	2174.36
248.77	2153.29
249.14	2172.02
249.52	2129.89
249.89	2139.25
250.26	2127.55
250.64	2225.85
251.01	2314.79
251.38	2143.93
251.75	2181.38
252.13	2132.23
252.50	2223.51
252.87	2310.11
253.25	2188.40
253.62	2249.25
253.99	2167.34
254.36	2162.66
254.74	2209.47
255.11	2115.84
255.48	2183.72
255.85	2307.77
256.23	2136.91
256.60	2104.14
256.97	2207.13
257.34	2244.57
257.71	2186.06
258.09	2179.04
258.46	2162.66
258.83	2256.28
259.20	2195.42
259.58	2181.38
259.95	2232.87
260.32	2207.13
260.69	2150.95
261.06	2186.06
261.44	2211.81
261.81	2307.77
262.18	2246.91
262.55	2120.53
262.92	2181.38
263.29	2160.31
263.67	2106.48
264.04	2160.31
264.41	2218.83
264.78	2141.59
265.15	2209.47
265.52	2235.21
265.90	2237.55
266.27	2127.55
266.64	2129.89
267.01	2141.59
267.38	2237.55
267.75	2136.91
268.12	2188.40
268.50	2218.83
268.87	2195.42
269.24	2174.36
269.61	2197.76
269.98	2172.02
270.35	2197.76
270.72	2204.78
271.09	2188.40
271.46	2026.90
271.83	2207.13
272.21	2120.53
272.58	2176.70
272.95	2195.42
273.32	2129.89
273.69	2204.78
274.06	2157.97
274.43	2153.29
274.80	2190.74
275.17	2157.97
275.54	2218.83
275.91	2260.96
276.28	2202.44
276.65	2193.08
277.02	2279.68
277.39	2141.59
277.76	2176.70
278.13	2225.85
278.50	2179.04
278.87	2237.55
279.24	2195.42
279.61	2162.66
279.98	2228.19
280.35	2143.93
280.72	2193.08
281.09	2162.66
281.46	2136.91
281.83	2155.63
282.20	2211.81
282.57	2160.31
282.94	2216.49
283.31	2193.08
283.68	2277.34
284.05	2141.59
284.42	2242.23
284.79	2256.28
285.16	2183.72
285.53	2141.59
285.90	2204.78
286.27	2321.81
286.64	2136.91
287.01	2150.95
287.38	2181.38
287.75	3084.83
288.12	2258.62
288.49	2328.83
288.86	2181.38
289.23	2183.72
289.59	2190.74
289.96	2230.53
290.33	2087.76
290.70	2160.31
291.07	2235.21
291.44	2193.08
291.81	2113.50
292.18	2165.00
292.55	2167.34
292.91	2312.45
293.28	2216.49
293.65	2237.55
294.02	2160.31
294.39	2172.02
294.76	2216.49
295.13	2200.10
295.50	2183.72
295.86	2195.42
296.23	2169.68
296.60	2195.42
296.97	2179.04
297.34	2202.44
297.71	2214.15
298.07	2172.02
298.44	2115.84
298.81	2195.42
299.18	2225.85
299.55	2275.00
299.91	2165.00
300.28	2160.31
300.65	2120.53
301.02	2223.51
301.39	2197.76
301.75	2225.85
302.12	2214.15
302.49	2186.06
302.86	2260.96
303.23	2214.15
303.59	2125.21
303.96	2303.09
304.33	2176.70
304.70	2373.30
305.06	2200.10
305.43	2225.85
305.80	2230.53
306.17	2195.42
306.53	2162.66
306.90	2174.36
307.27	2186.06
307.64	2239.89
308.00	2186.06
308.37	2165.00
308.74	2207.13
309.11	2204.78
309.47	2183.72
309.84	2172.02
310.21	2193.08
310.57	2162.66
310.94	2200.10
311.31	2249.25
311.67	2169.68
312.04	2207.13
312.41	2221.17
312.77	2225.85
313.14	2211.81
313.51	2246.91
313.87	2195.42
314.24	2216.49
314.61	2176.70
314.97	2193.08
315.34	2230.53
315.71	2106.48
316.07	2251.60
316.44	2195.42
316.81	2197.76
317.17	2127.55
317.54	2305.43
317.91	2176.70
318.27	2148.61
318.64	2218.83
319.00	2221.17
319.37	2165.00
319.74	2157.97
320.10	2270.32
320.47	2174.36
320.83	2174.36
321.20	2235.21
321.57	2134.57
321.93	2153.29
322.30	2150.95
322.66	2197.76
323.03	2195.42
323.40	2253.94
323.76	2179.04
324.13	2204.78
324.49	2195.42
324.86	2392.03
325.22	2223.51
325.59	2157.97
325.95	2125.21
326.32	2195.42
326.68	2200.10
327.05	2223.51
327.42	2214.15
327.78	2197.76
328.15	2242.23
328.51	2183.72
328.88	2195.42
329.24	2265.64
329.61	2162.66
329.97	2218.83
330.34	2211.81
330.70	2101.80
331.07	2225.85
331.43	2193.08
331.80	2267.98
332.16	2230.53
332.52	2153.29
332.89	2228.19
333.25	2174.36
333.62	2202.44
333.98	2141.59
334.35	2202.44
334.71	2122.87
335.08	2150.95
335.44	2277.34
335.81	2242.23
336.17	2277.34
336.53	2204.78
336.90	2181.38
337.26	2150.95
337.63	2331.17
337.99	2160.31
338.36	2228.19
338.72	2132.23
339.08	2214.15
339.45	2193.08
339.81	2223.51
340.18	2225.85
340.54	2284.36
340.90	2209.47
341.27	2239.89
341.63	2181.38
341.99	2176.70
342.36	2249.25
342.72	2113.50
343.09	2239.89
343.45	2183.72
343.81	2190.74
344.18	2150.95
344.54	2176.70
344.90	2347.56
345.27	2244.57
345.63	2244.57
345.99	2176.70
346.36	2204.78
346.72	2157.97
347.08	2134.57
347.45	2200.10
347.81	2190.74
348.17	2200.10
348.54	2172.02
348.90	2197.76
349.26	2197.76
349.62	2174.36
349.99	2132.23
350.35	2165.00
350.71	2139.25
351.08	2186.06
351.44	2155.63
351.80	2289.04
352.16	2253.94
352.53	2195.42
352.89	2251.60
353.25	2202.44
353.61	2162.66
353.98	2153.29
354.34	2209.47
354.70	2209.47
355.06	2094.78
355.43	2169.68
355.79	2169.68
356.15	2193.08
356.51	2202.44
356.88	2214.15
357.24	2129.89
357.60	2078.40
357.96	2136.91
358.32	2328.83
358.69	2139.25
359.05	2246.91
359.41	2202.44
359.77	2230.53
360.13	2246.91
360.49	2214.15
360.86	2258.62
361.22	2291.38
361.58	2207.13
361.94	2263.30
362.30	2125.21
362.66	2286.70
363.03	2111.16
363.39	2083.08
363.75	2111.16
364.11	2225.85
364.47	2160.31
364.83	2228.19
365.19	2251.60
365.56	2275.00
365.92	2186.06
366.28	2228.19
366.64	2197.76
367.00	2228.19
367.36	2179.04
367.72	2242.23
368.08	2183.72
368.44	2157.97
368.80	2211.81
369.17	2214.15
369.53	2172.02
369.89	2179.04
370.25	2148.61
370.61	2169.68
370.97	2200.10
371.33	2216.49
371.69	2298.41
372.05	2293.72
372.41	2153.29
372.77	2225.85
373.13	2246.91
373.49	2148.61
373.85	2188.40
374.21	2197.76
374.57	2176.70
374.93	2188.40
375.29	2223.51
375.65	2134.57
376.01	2153.29
376.37	2256.28
376.73	2148.61
377.09	2139.25
377.45	2216.49
377.81	2225.85
378.17	2183.72
378.53	2129.89
378.89	2157.97
379.25	2256.28
379.61	2368.62
379.97	2314.79
380.33	2176.70
380.69	2209.47
381.05	2136.91
381.41	2160.31
381.77	2193.08
382.13	2204.78
382.49	2258.62
382.85	2183.72
383.21	2181.38
383.57	2207.13
383.93	2279.68
384.28	2122.87
384.64	2169.68
385.00	2216.49
385.36	2195.42
385.72	2218.83
386.08	2139.25
386.44	2246.91
386.80	2228.19
387.16	2331.17
387.52	2188.40
387.87	2335.85
388.23	2263.30
388.59	2183.72
388.95	2155.63
389.31	2143.93
389.67	2162.66
390.03	2223.51
390.38	2122.87
390.74	2221.17
391.10	2216.49
391.46	2169.68
391.82	2204.78
392.18	2232.87
392.54	2174.36
392.89	2200.10
393.25	2209.47
393.61	2139.25
393.97	2218.83
394.33	2188.40
394.68	2165.00
395.04	2207.13
395.40	2195.42
395.76	2216.49
396.12	2242.23
396.47	2179.04
396.83	2223.51
397.19	2204.78
397.55	2162.66
397.90	2223.51
398.26	2148.61
398.62	2200.10
398.98	2218.83
399.33	2211.81
399.69	2495.01
400.05	2218.83
400.41	2169.68
400.76	2150.95
401.12	2282.02
401.48	2176.70
401.84	2165.00
402.19	2195.42
402.55	2260.96
402.91	2242.23
403.26	2153.29
403.62	2207.13
403.98	2153.29
404.34	2106.48
404.69	2143.93
405.05	2183.72
405.41	2326.49
405.76	2155.63
406.12	2193.08
406.48	2202.44
406.83	2188.40
407.19	2279.68
407.55	2235.21
407.90	2267.98
408.26	2272.66
408.62	2284.36
408.97	2157.97
409.33	2125.21
409.68	2197.76
410.04	2172.02
410.40	2165.00
410.75	2214.15
411.11	2160.31
411.47	2200.10
411.82	2244.57
412.18	2221.17
412.53	2242.23
412.89	2190.74
413.25	2244.57
413.60	2246.91
413.96	2174.36
414.31	2157.97
414.67	2272.66
415.03	2195.42
415.38	2160.31
415.74	2197.76
416.09	2162.66
416.45	2139.25
416.80	2129.89
417.16	2317.13
417.51	2251.60
417.87	2197.76
418.23	2143.93
418.58	2200.10
418.94	2167.34
419.29	2162.66
419.65	2209.47
420.00	2291.38
420.36	2179.04
420.71	2251.60
421.07	2160.31
421.42	2188.40
421.78	2256.28
422.13	2190.74
422.49	2232.87
422.84	2204.78
423.20	2162.66
423.55	2165.00
423.91	2197.76
424.26	2256.28
424.61	2200.10
424.97	2244.57
425.32	2165.00
425.68	2190.74
426.03	2253.94
426.39	2347.56
426.74	2218.83
427.10	2221.17
427.45	2221.17
427.80	2237.55
428.16	2242.23
428.51	2179.04
428.87	2202.44
429.22	2202.44
429.58	2207.13
429.93	2298.41
430.28	2143.93
430.64	2169.68
430.99	2118.18
431.35	2214.15
431.70	2143.93
432.05	2165.00
432.41	2228.19
432.76	2296.07
433.11	2228.19
433.47	2221.17
433.82	2230.53
434.17	2253.94
434.53	2267.98
434.88	2179.04
435.24	2235.21
435.59	2165.00
435.94	2167.34
436.30	2207.13
436.65	2181.38
437.00	2260.96
437.35	2333.51
437.71	2186.06
438.06	2172.02
438.41	2080.74
438.77	2214.15
439.12	2160.31
439.47	2092.44
439.83	2174.36
440.18	2216.49
440.53	2200.10
440.88	2340.54
441.24	2246.91
441.59	2202.44
441.94	2101.80
442.30	2239.89
442.65	2225.85
443.00	2118.18
443.35	2230.53
443.71	2218.83
444.06	2183.72
444.41	2237.55
444.76	2249.25
445.11	2197.76
445.47	2319.47
445.82	2272.66
446.17	2193.08
446.52	2239.89
446.88	2251.60
447.23	2167.34
447.58	2232.87
447.93	2202.44
448.28	2534.80
448.63	2209.47
448.99	2204.78
449.34	2181.38
449.69	2328.83
450.04	2134.57
450.39	2197.76
450.74	2176.70
451.10	2183.72
451.45	2242.23
451.80	2211.81
452.15	2162.66
452.50	2256.28
452.85	2300.75
453.21	2242.23
453.56	2216.49
453.91	2207.13
454.26	2188.40
454.61	2209.47
454.96	2242.23
455.31	2176.70
455.66	2148.61
456.01	2256.28
456.36	2179.04
456.72	2214.15
457.07	2204.78
457.42	2251.60
457.77	2253.94
458.12	2139.25
458.47	2153.29
458.82	2200.10
459.17	2172.02
459.52	2176.70
459.87	2612.04
460.22	2179.04
460.57	2216.49
460.92	2179.04
461.27	2186.06
461.62	2155.63
461.97	2218.83
462.32	2260.96
462.67	2190.74
463.02	2265.64
463.38	2328.83
463.73	2225.85
464.08	2265.64
464.43	2239.89
464.78	2179.04
465.12	2237.55
465.47	2190.74
465.82	2511.39
466.17	2197.76
466.52	2195.42
466.87	2207.13
467.22	2160.31
467.57	2193.08
467.92	2139.25
468.27	2190.74
468.62	2307.77
468.97	2153.29
469.32	2197.76
469.67	2298.41
470.02	2314.79
470.37	2134.57
470.72	2230.53
471.07	2143.93
471.42	2204.78
471.76	2183.72
472.11	2141.59
472.46	2267.98
472.81	2286.70
473.16	2209.47
473.51	2169.68
473.86	2129.89
474.21	2197.76
474.56	2141.59
474.90	2249.25
475.25	2298.41
475.60	2246.91
475.95	2167.34
476.30	2260.96
476.65	2291.38
477.00	2307.77
477.34	2314.79
477.69	2200.10
478.04	2195.42
478.39	2204.78
478.74	2172.02
479.09	2197.76
479.43	2399.05
479.78	2204.78
480.13	2251.60
480.48	2183.72
480.83	2214.15
481.17	2160.31
481.52	2195.42
481.87	2176.70
482.22	2286.70
482.57	2186.06
482.91	2237.55
483.26	2242.23
483.61	2195.42
483.96	2146.27
484.30	4114.66
484.65	2286.70
485.00	2232.87
485.35	2139.25
485.69	2183.72
486.04	2129.89
486.39	2183.72
486.74	2246.91
487.08	2270.32
487.43	2216.49
487.78	2153.29
488.12	2108.82
488.47	2174.36
488.82	2228.19
489.17	2139.25
489.51	2174.36
489.86	2235.21
490.21	2174.36
490.55	2235.21
490.90	2167.34
491.25	2155.63
491.59	2153.29
491.94	2277.34
492.29	2157.97
492.63	2186.06
492.98	2099.46
493.33	2127.55
493.67	2155.63
494.02	2204.78
494.37	2237.55
494.71	2202.44
495.06	2169.68
495.40	2211.81
495.75	2139.25
496.10	2235.21
496.44	2314.79
496.79	2260.96
497.13	2193.08
497.48	2335.85
497.83	2279.68
498.17	2235.21
498.52	2162.66
498.86	2249.25
499.21	2195.42
499.56	2139.25
499.90	2186.06
500.25	2150.95
500.59	2193.08
500.94	2204.78
501.28	2157.97
501.63	2186.06
501.97	2209.47
502.32	2118.18
502.67	2200.10
503.01	2172.02
503.36	2204.78
503.70	2174.36
504.05	2314.79
504.39	2183.72
504.74	2132.23
505.08	2232.87
505.43	2174.36
505.77	2169.68
506.12	2141.59
506.46	2176.70
506.81	2172.02
507.15	2169.68
507.49	2251.60
507.84	2134.57
508.18	2186.06
508.53	2211.81
508.87	2200.10
509.22	2092.44
509.56	13095.30
509.91	2757.15
510.25	2188.40
510.60	2193.08
510.94	2204.78
511.28	2209.47
511.63	2200.10
511.97	2195.42
512.32	2207.13
512.66	2176.70
513.00	2230.53
513.35	2202.44
513.69	2209.47
514.04	2232.87
514.38	2195.42
514.72	2183.72
515.07	2118.18
515.41	2174.36
515.76	2218.83
516.10	2223.51
516.44	2267.98
516.79	2146.27
517.13	2150.95
517.47	2225.85
517.82	2172.02
518.16	2253.94
518.50	2202.44
518.85	2129.89
519.19	2284.36
519.53	2342.88
519.88	2186.06
520.22	2235.21
520.56	2204.78
520.91	2150.95
521.25	2188.40
521.59	2026.90
521.93	2167.34
522.28	2134.57
522.62	2186.06
522.96	2223.51
523.31	2125.21
523.65	2242.23
523.99	2211.81
524.33	2246.91
524.68	2237.55
525.02	2197.76
525.36	2190.74
525.70	2155.63
526.05	2282.02
526.39	2207.13
526.73	2223.51
527.07	2193.08
527.41	2202.44
527.76	2129.89
528.10	2157.97
528.44	2228.19
528.78	2183.72
529.12	2239.89
529.47	2209.47
529.81	2223.51
530.15	2277.34
530.49	2183.72
530.83	2155.63
531.18	2174.36
531.52	2167.34
531.86	2221.17
532.20	2282.02
532.54	2291.38
532.88	2183.72
533.22	2134.57
533.57	2202.44
533.91	2157.97
534.25	2186.06
534.59	2235.21
534.93	2169.68
535.27	2211.81
535.61	2167.34
535.95	2218.83
536.30	2260.96
536.64	2186.06
536.98	2099.46
537.32	2176.70
537.66	2221.17
538.00	2200.10
538.34	1998.82
538.68	2211.81
539.02	2242.23
539.36	2118.18
539.70	2122.87
540.04	2256.28
540.39	2380.32
540.73	2214.15
541.07	2141.59
541.41	2223.51
541.75	2188.40
542.09	2272.66
542.43	2275.00
542.77	2157.97
543.11	2190.74
543.45	2232.87
543.79	2204.78
544.13	2211.81
544.47	2172.02
544.81	2202.44
545.15	2251.60
545.49	2209.47
545.83	2193.08
546.17	2183.72
546.51	2244.57
546.85	2195.42
547.19	2300.75
547.53	2235.21
547.87	2211.81
548.21	2312.45
548.54	2167.34
548.88	2204.78
549.22	2162.66
549.56	2174.36
549.90	2169.68
550.24	2218.83
550.58	2148.61
550.92	2235.21
551.26	2193.08
551.60	2256.28
551.94	2169.68
552.28	2157.97
552.61	2242.23
552.95	2258.62
553.29	2146.27
553.63	2195.42
553.97	2260.96
554.31	2223.51
554.65	2235.21
554.99	2277.34
555.32	2120.53
555.66	2214.15
556.00	2181.38
556.34	2101.80
556.68	2118.18
557.02	2214.15
557.36	2181.38
557.69	2193.08
558.03	2195.42
558.37	2305.43
558.71	2359.26
559.05	2207.13
559.38	2296.07
559.72	2167.34
560.06	2225.85
560.40	2216.49
560.74	2232.87
561.07	2155.63
561.41	2204.78
561.75	2186.06
562.09	2153.29
562.42	2232.87
562.76	2239.89
563.10	2190.74
563.44	2462.24
563.77	2174.36
564.11	2223.51
564.45	2263.30
564.79	2282.02
565.12	2183.72
565.46	2183.72
565.80	2228.19
566.14	2228.19
566.47	2246.91
566.81	2183.72
567.15	2169.68
567.48	2230.53
567.82	2169.68
568.16	2221.17
568.49	2122.87
568.83	2134.57
569.17	2211.81
569.50	2218.83
569.84	2314.79
570.18	2214.15
570.51	2183.72
570.85	2207.13
571.19	2230.53
571.52	2160.31
571.86	2204.78
572.20	2216.49
572.53	2289.04
572.87	2150.95
573.21	2195.42
573.54	2209.47
573.88	2209.47
574.21	2209.47
574.55	2186.06
574.89	2181.38
575.22	2225.85
575.56	2094.78
575.89	2216.49
576.23	2167.34
576.57	2183.72
576.90	2204.78
577.24	2209.47
577.57	2214.15
577.91	2190.74
578.24	2141.59
578.58	2167.34
578.91	2150.95
579.25	2190.74
579.59	2188.40
579.92	2143.93
580.26	2115.84
580.59	2200.10
580.93	2235.21
581.26	2157.97
581.60	2225.85
581.93	2188.40
582.27	2230.53
582.60	2129.89
582.94	2143.93
583.27	2204.78
583.61	2218.83
583.94	2244.57
584.28	2143.93
584.61	2160.31
584.94	2214.15
585.28	2225.85
585.61	2260.96
585.95	2165.00
586.28	2232.87
586.62	2279.68
586.95	2200.10
587.29	2260.96
587.62	2221.17
587.95	2204.78
588.29	2204.78
588.62	2160.31
588.96	2242.23
589.29	2193.08
589.62	2139.25
589.96	2209.47
590.29	2092.44
590.63	2223.51
590.96	2188.40
591.29	2195.42
591.63	2216.49
591.96	2176.70
592.29	2172.02
592.63	2148.61
592.96	2218.83
593.30	2251.60
593.63	2181.38
593.96	2183.72
594.30	2115.84
594.63	2193.08
594.96	2345.22
595.30	2225.85
595.63	2174.36
595.96	2207.13
596.29	2202.44
596.63	2186.06
596.96	2172.02
597.29	2160.31
597.63	2157.97
597.96	2211.81
598.29	2186.06
598.63	2221.17
598.96	2200.10
599.29	2237.55
599.62	2207.13
599.96	2200.10
600.29	2179.04
600.62	2122.87
600.95	2179.04
601.29	2256.28
601.62	2225.85
601.95	2190.74
602.28	2176.70
602.61	2841.41
602.95	2230.53
603.28	2265.64
603.61	2188.40
603.94	2270.32
604.27	2195.42
604.61	2207.13
604.94	2165.00
605.27	2143.93
605.60	2134.57
605.93	2139.25
606.27	2246.91
606.60	2207.13
606.93	2160.31
607.26	2202.44
607.59	2176.70
607.92	2193.08
608.26	2148.61
608.59	2186.06
608.92	2155.63
609.25	2129.89
609.58	2225.85
609.91	2218.83
610.24	2237.55
610.57	2160.31
610.90	2256.28
611.24	2139.25
611.57	2207.13
611.90	2249.25
612.23	2176.70
612.56	2253.94
612.89	2242.23
613.22	2176.70
613.55	2193.08
613.88	2251.60
614.21	2190.74
614.54	2200.10
614.87	2190.74
615.20	2132.23
615.53	2289.04
615.87	2202.44
616.20	2136.91
616.53	2174.36
616.86	2228.19
617.19	2284.36
617.52	2207.13
617.85	2221.17
618.18	2155.63
618.51	2253.94
618.84	2286.70
619.17	2181.38
619.50	2193.08
619.83	2258.62
620.16	2223.51
620.49	2211.81
620.82	2310.11
621.14	2146.27
621.47	2141.59
621.80	2293.72
622.13	2150.95
622.46	2345.22
622.79	2216.49
623.12	2153.29
623.45	2216.49
623.78	2242.23
624.11	2172.02
624.44	2237.55
624.77	2188.40
625.10	2115.84
625.43	2181.38
625.75	2136.91
626.08	2165.00
626.41	2209.47
626.74	2328.83
627.07	2183.72
627.40	2300.75
627.73	2165.00
628.06	2179.04
628.38	2092.44
628.71	2216.49
629.04	2223.51
629.37	2263.30
629.70	2181.38
630.03	2111.16
630.36	2260.96
630.68	2181.38
631.01	2143.93
631.34	2249.25
631.67	2148.61
632.00	2106.48
632.32	2249.25
632.65	2277.34
632.98	2197.76
633.31	2218.83
633.64	2202.44
633.96	2179.04
634.29	2267.98
634.62	2167.34
634.95	2141.59
635.27	2179.04
635.60	2218.83
635.93	2235.21
636.26	2200.10
636.58	2209.47
636.91	2214.15
637.24	2239.89
637.57	2172.02
637.89	2165.00
638.22	2282.02
638.55	2335.85
638.87	2188.40
639.20	2146.27
639.53	2249.25
639.86	2242.23
640.18	2195.42
640.51	2209.47
640.84	2202.44
641.16	2249.25
641.49	2228.19
641.82	2195.42
642.14	2108.82
642.47	2328.83
642.80	2207.13
643.12	2183.72
643.45	2204.78
643.78	2090.10
644.10	2162.66
644.43	2200.10
644.75	2286.70
645.08	2120.53
645.41	2235.21
645.73	2122.87
646.06	2356.92
646.39	2244.57
646.71	2232.87
647.04	2228.19
647.36	2148.61
647.69	2228.19
648.01	2167.34
648.34	2167.34
648.67	2174.36
648.99	2260.96
649.32	2127.55
649.64	2148.61
649.97	2153.29
650.29	2090.10
650.62	2256.28
650.94	2141.59
651.27	2172.02
651.59	2141.59
651.92	2165.00
652.25	2188.40
652.57	2176.70
652.90	2122.87
653.22	2275.00
653.55	2239.89
653.87	2134.57
654.20	2195.42
654.52	2256.28
654.84	2263.30
655.17	2179.04
655.49	2239.89
655.82	2125.21
656.14	2211.81
656.47	2326.49
656.79	2289.04
657.12	2272.66
657.44	2165.00
657.77	2179.04
658.09	2298.41
658.41	2218.83
658.74	2242.23
659.06	2150.95
659.39	2157.97
659.71	2097.12
660.03	2253.94
660.36	2157.97
660.68	2260.96
661.01	2298.41
661.33	2179.04
661.65	2172.02
661.98	2270.32
662.30	2275.00
662.63	2200.10
662.95	2167.34
663.27	2197.76
663.60	2139.25
663.92	2225.85
664.24	2216.49
664.57	2083.08
664.89	2162.66
665.21	2143.93
665.54	2209.47
665.86	2153.29
666.18	2153.29
666.51	2225.85
666.83	2169.68
667.15	2249.25
667.47	2333.51
667.80	2179.04
668.12	2162.66
668.44	2246.91
668.77	2225.85
669.09	2239.89
669.41	2204.78
669.73	2221.17
670.06	2136.91
670.38	2129.89
670.70	2207.13
671.02	2087.76
671.35	2108.82
671.67	2267.98
671.99	2176.70
672.31	2223.51
672.63	2207.13
672.96	2202.44
673.28	2136.91
673.60	2167.34
673.92	2167.34
674.24	2172.02
674.57	2169.68
674.89	2165.00
675.21	2218.83
675.53	2190.74
675.85	2211.81
676.17	2265.64
676.50	2150.95
676.82	2263.30
677.14	2221.17
677.46	2314.79
677.78	2197.76
678.10	2218.83
678.42	2176.70
678.75	2225.85
679.07	2197.76
679.39	2232.87
679.71	2216.49
680.03	2214.15
680.35	2214.15
680.67	2228.19
680.99	2148.61
681.31	2143.93
681.63	2134.57
681.96	2279.68
682.28	2230.53
682.60	2195.42
682.92	2193.08
683.24	2174.36
683.56	2186.06
683.88	2160.31
684.20	2181.38
684.52	2263.30
684.84	2174.36
685.16	2237.55
685.48	2186.06
685.80	2211.81
686.12	2148.61
686.44	2296.07
686.76	2136.91
687.08	2134.57
687.40	2202.44
687.72	2270.32
688.04	2183.72
688.36	2235.21
688.68	2230.53
689.00	2202.44
689.32	2190.74
689.64	2244.57
689.96	2260.96
690.28	2286.70
690.60	2221.17
690.92	2122.87
691.24	2172.02
691.56	2134.57
691.88	2188.40
692.19	2136.91
692.51	2246.91
692.83	2174.36
693.15	2150.95
693.47	2176.70
693.79	2155.63
694.11	2235.21
694.43	2174.36
694.75	2214.15
695.06	2200.10
695.38	2244.57
695.70	2157.97
696.02	2183.72
696.34	2176.70
696.66	2197.76
696.98	2120.53
697.29	2218.83
697.61	2244.57
697.93	2209.47
698.25	2668.21
698.57	2237.55
698.89	2146.27
699.20	2143.93
699.52	2193.08
699.84	2141.59
700.16	2179.04
700.48	2263.30
700.79	2258.62
701.11	2277.34
701.43	2242.23
701.75	2232.87
702.07	2176.70
702.38	2272.66
702.70	2099.46
703.02	2228.19
703.34	2237.55
703.65	2181.38
703.97	2129.89
704.29	2160.31
704.61	2183.72
704.92	2253.94
705.24	2202.44
705.56	2260.96
705.87	2218.83
706.19	2146.27
706.51	2190.74
706.82	2132.23
707.14	2195.42
707.46	2188.40
707.78	2122.87
708.09	2160.31
708.41	2153.29
708.73	2186.06
709.04	2214.15
709.36	2209.47
709.68	2148.61
709.99	2244.57
710.31	2270.32
710.62	2172.02
710.94	2094.78
711.26	2195.42
711.57	2143.93
711.89	2134.57
712.21	2300.75
712.52	2148.61
712.84	2186.06
713.15	2193.08
713.47	2207.13
713.79	2167.34
714.10	2167.34
714.42	2157.97
714.73	2230.53
715.05	2181.38
715.36	2167.34
715.68	2115.84
715.99	2153.29
716.31	2221.17
716.63	2221.17
716.94	2293.72
717.26	2422.45
717.57	2235.21
717.89	2258.62
718.20	2211.81
718.52	2333.51
718.83	2186.06
719.15	2293.72
719.46	2272.66
719.78	2179.04
720.09	2169.68
720.41	2162.66
720.72	2108.82
721.04	2129.89
721.35	2190.74
721.67	2148.61
721.98	2150.95
722.29	2136.91
722.61	2181.38
722.92	2174.36
723.24	2139.25
723.55	2143.93
723.87	2146.27
724.18	2150.95
724.50	2150.95
724.81	2228.19
725.12	2225.85
725.44	2197.76
725.75	2195.42
726.07	2181.38
726.38	2216.49
726.69	2172.02
727.01	2223.51
727.32	2129.89
727.63	2197.76
727.95	2256.28
728.26	2127.55
728.58	2186.06
728.89	2143.93
729.20	2200.10
729.52	2132.23
729.83	2347.56
730.14	2289.04
730.46	2183.72
730.77	2230.53
731.08	2209.47
731.39	2139.25
731.71	2172.02
732.02	2211.81
732.33	2155.63
732.65	2216.49
732.96	2242.23
733.27	2193.08
733.59	2319.47
733.90	2291.38
734.21	2078.40
734.52	2195.42
734.84	2375.64
735.15	2242.23
735.46	2172.02
735.77	2202.44
736.09	2228.19
736.40	2228.19
736.71	2270.32
737.02	2188.40
737.33	2207.13
737.65	2169.68
737.96	2179.04
738.27	2186.06
738.58	2293.72
738.89	2209.47
739.21	2232.87
739.52	2129.89
739.83	2204.78
740.14	2174.36
740.45	2193.08
740.76	2209.47
741.08	2143.93
741.39	2200.10
741.70	2155.63
742.01	2235.21
742.32	2235.21
742.63	2253.94
742.94	2169.68
743.26	2211.81
743.57	2223.51
743.88	2232.87
744.19	2232.87
744.50	2218.83
744.81	2277.34
745.12	2153.29
745.43	2223.51
745.74	2354.58
746.05	2267.98
746.36	2216.49
746.67	2272.66
746.99	2167.34
747.30	2195.42
747.61	2104.14
747.92	2153.29
748.23	2209.47
748.54	2143.93
748.85	2148.61
749.16	2204.78
749.47	2207.13
749.78	2099.46
750.09	2150.95
750.40	2265.64
750.71	2200.10
751.02	2195.42
751.33	2169.68
751.64	2186.06
751.95	2179.04
752.26	2216.49
752.57	2223.51
752.88	2218.83
753.19	2256.28
753.50	2200.10
753.81	2176.70
754.11	2172.02
754.42	2314.79
754.73	2207.13
755.04	2150.95
755.35	2083.08
755.66	2291.38
755.97	2244.57
756.28	2139.25
756.59	2214.15
756.90	2321.81
757.21	2195.42
757.52	2265.64
757.82	2143.93
758.13	2129.89
758.44	2216.49
758.75	2181.38
759.06	2165.00
759.37	2165.00
759.68	2186.06
759.98	2186.06
760.29	2197.76
760.60	2216.49
760.91	2202.44
761.22	2172.02
761.53	2143.93
761.83	2139.25
762.14	2120.53
762.45	2193.08
762.76	2136.91
763.07	2221.17
763.37	2312.45
763.68	2251.60
763.99	2277.34
764.30	2216.49
764.60	2230.53
764.91	2267.98
765.22	2260.96
765.53	2370.96
765.84	2232.87
766.14	2188.40
766.45	2169.68
766.76	2279.68
767.06	2244.57
767.37	2172.02
767.68	2186.06
767.99	2167.34
768.29	2176.70
768.60	2167.34
768.91	2225.85
769.21	2340.54
769.52	2167.34
769.83	2139.25
770.13	2190.74
770.44	2204.78
770.75	2258.62
771.05	2176.70
771.36	2214.15
771.67	2155.63
771.97	2172.02
772.28	2221.17
772.59	2195.42
772.89	2200.10
773.20	2235.21
773.51	2183.72
773.81	2277.34
774.12	2204.78
774.42	2127.55
774.73	2200.10
775.04	2197.76
775.34	2417.77
775.65	2172.02
775.95	2291.38
776.26	2230.53
776.56	2190.74
776.87	2174.36
777.18	5067.26
777.48	2420.11
777.79	2160.31
778.09	2249.25
778.40	2239.89
778.70	2216.49
779.01	2195.42
779.31	2176.70
779.62	2174.36
779.92	2150.95
780.23	2167.34
780.53	2087.76
780.84	2181.38
781.14	2202.44
781.45	2134.57
781.75	2246.91
782.06	2174.36
782.36	2249.25
782.67	2155.63
782.97	2146.27
783.28	2286.70
783.58	2216.49
783.89	2193.08
784.19	2225.85
784.49	2272.66
784.80	2155.63
785.10	2279.68
785.41	2230.53
785.71	2176.70
786.02	2204.78
786.32	2282.02
786.62	2162.66
786.93	2211.81
787.23	2200.10
787.54	2223.51
787.84	2204.78
788.14	2183.72
788.45	2183.72
788.75	2258.62
789.05	2190.74
789.36	2200.10
789.66	2249.25
789.96	2230.53
790.27	2188.40
790.57	2221.17
790.87	2244.57
791.18	2202.44
791.48	2165.00
791.78	2218.83
792.09	2188.40
792.39	2139.25
792.69	2165.00
793.00	2244.57
793.30	2160.31
793.60	2214.15
793.90	2167.34
794.21	2179.04
794.51	2317.13
794.81	2284.36
795.11	2195.42
795.42	2148.61
795.72	2237.55
796.02	2143.93
796.32	2211.81
796.63	2218.83
796.93	2289.04
797.23	2230.53
797.53	2225.85
797.84	2169.68
798.14	2174.36
798.44	2214.15
798.74	2188.40
799.04	2204.78
799.34	2190.74
799.65	2324.15
799.95	2237.55
800.25	2270.32
800.55	2181.38
800.85	2174.36
801.15	2174.36
801.46	2160.31
801.76	2331.17
802.06	2118.18
802.36	2193.08
802.66	2113.50
802.96	2204.78
803.26	2267.98
803.56	2282.02
803.87	2324.15
804.17	2195.42
804.47	2228.19
804.77	2221.17
805.07	2237.55
805.37	2342.88
805.67	2186.06
805.97	2169.68
806.27	2235.21
806.57	2197.76
806.87	2291.38
807.17	2181.38
807.47	2237.55
807.77	2279.68
808.07	2195.42
808.37	2228.19
808.67	2239.89
808.98	2385.01
809.28	2167.34
809.58	2307.77
809.88	2193.08
810.18	2267.98
810.47	2148.61
810.77	2148.61
811.07	2251.60
811.37	2239.89
811.67	2235.21
811.97	2172.02
812.27	2270.32
812.57	2214.15
812.87	2225.85
813.17	2190.74
813.47	2146.27
813.77	2232.87
814.07	2167.34
814.37	2209.47
814.67	2225.85
814.97	2239.89
815.27	2064.35
815.56	2246.91
815.86	2225.85
816.16	2214.15
816.46	2197.76
816.76	2186.06
817.06	2221.17
817.36	2335.85
817.66	2242.23
817.95	2167.34
818.25	2153.29
818.55	2216.49
818.85	2214.15
819.15	2209.47
819.45	2307.77
819.75	2207.13
820.04	2157.97
820.34	2303.09
820.64	2207.13
820.94	2246.91
821.24	2190.74
821.53	2186.06
821.83	2207.13
822.13	2195.42
822.43	2207.13
822.72	2155.63
823.02	2214.15
823.32	2181.38
823.62	2204.78
823.91	2284.36
824.21	2146.27
824.51	2139.25
824.81	2188.40
825.10	2125.21
825.40	2183.72
825.70	2174.36
826.00	2303.09
826.29	2162.66
826.59	2272.66
826.89	2216.49
827.18	2155.63
827.48	2207.13
827.78	2165.00
828.07	2190.74
828.37	2251.60
828.67	2197.76
828.96	2172.02
829.26	2188.40
829.56	2277.34
829.85	2204.78
830.15	2204.78
830.45	2104.14
830.74	2228.19
831.04	2277.34
831.34	2251.60
831.63	2321.81
831.93	2214.15
832.22	2244.57
832.52	2230.53
832.82	2162.66
833.11	2094.78
833.41	2120.53
833.70	2181.38
834.00	2221.17
834.29	2282.02
834.59	2134.57
834.89	2228.19
835.18	2207.13
835.48	2305.43
835.77	2218.83
836.07	2188.40
836.36	2179.04
836.66	2284.36
836.95	2197.76
837.25	2197.76
837.54	2242.23
837.84	2181.38
838.13	2249.25
838.43	2195.42
838.72	2293.72
839.02	2265.64
839.31	2179.04
839.61	2230.53
839.90	2101.80
840.20	2249.25
840.49	2310.11
840.78	2237.55
841.08	2221.17
841.37	2153.29
841.67	2202.44
841.96	2181.38
842.26	2221.17
842.55	2193.08
842.84	2235.21
843.14	2324.15
843.43	2090.10
843.73	2193.08
844.02	2057.33
844.31	2148.61
844.61	2188.40
844.90	2239.89
845.20	2202.44
845.49	2209.47
845.78	2134.57
846.08	2218.83
846.37	2160.31
846.66	2188.40
846.96	2197.76
847.25	2094.78
847.54	2127.55
847.84	2148.61
848.13	2181.38
848.42	2172.02
848.72	2200.10
849.01	2193.08
849.30	2157.97
849.59	2136.91
849.89	2193.08
850.18	2207.13
850.47	2235.21
850.76	2345.22
851.06	2338.20
851.35	2272.66
851.64	2251.60
851.93	2148.61
852.23	2340.54
852.52	2200.10
852.81	2223.51
853.10	2232.87
853.40	2120.53
853.69	2155.63
853.98	2160.31
854.27	2200.10
854.56	2148.61
854.86	2303.09
855.15	2150.95
855.44	2246.91
855.73	2113.50
856.02	2078.40
856.31	2230.53
856.61	2181.38
856.90	2150.95
857.19	2186.06
857.48	2118.18
857.77	2165.00
858.06	2080.74
858.35	2115.84
858.65	2232.87
858.94	2197.76
859.23	2174.36
859.52	2216.49
859.81	2263.30
860.10	2176.70
860.39	2228.19
860.68	2225.85
860.97	2167.34
861.26	2129.89
861.55	2242.23
861.85	2216.49
862.14	2148.61
862.43	2195.42
862.72	2265.64
863.01	2167.34
863.30	2167.34
863.59	2186.06
863.88	2181.38
864.17	2160.31
864.46	2204.78
864.75	2303.09
865.04	2204.78
865.33	2076.06
865.62	2134.57
865.91	2200.10
866.20	2267.98
866.49	2176.70
866.78	2129.89
867.07	2118.18
867.36	2193.08
867.65	2216.49
867.93	2228.19
868.22	2181.38
868.51	2221.17
868.80	2155.63
869.09	2157.97
869.38	2146.27
869.67	2108.82
869.96	2108.82
870.25	2108.82
