178.76	1710.93
179.14	1710.93
179.52	1710.93
179.90	1757.74
180.28	1842.00
180.66	1839.66
181.04	1851.36
181.42	1811.57
181.80	1788.17
182.18	1881.79
182.55	1806.89
182.93	1839.66
183.31	1806.89
183.69	1898.17
184.07	1959.03
184.45	1884.13
184.83	1900.52
185.21	1954.35
185.59	1942.64
185.97	2122.87
186.35	2043.29
186.72	2029.24
187.10	2012.86
187.48	2069.03
187.86	2101.80
188.24	2099.46
188.62	2073.71
189.00	2146.27
189.38	2108.82
189.75	2097.12
190.13	2104.14
190.51	2186.06
190.89	2244.57
191.27	2338.20
191.65	2099.46
192.03	2148.61
192.40	2157.97
192.78	2172.02
193.16	2232.87
193.54	2216.49
193.92	2186.06
194.30	2148.61
194.67	2160.31
195.05	2153.29
195.43	2120.53
195.81	2190.74
196.19	2284.36
196.56	2134.57
196.94	2160.31
197.32	2279.68
197.70	2127.55
198.08	2141.59
198.45	2207.13
198.83	2139.25
199.21	2214.15
199.59	2155.63
199.97	2129.89
200.34	2143.93
200.72	2153.29
201.10	2256.28
201.48	2165.00
201.85	2069.03
202.23	2132.23
202.61	2165.00
202.99	2286.70
203.36	2160.31
203.74	2239.89
204.12	2101.80
204.49	2118.18
204.87	2197.76
205.25	2148.61
205.63	2085.42
206.00	2172.02
206.38	2155.63
206.76	2162.66
207.14	2092.44
207.51	2143.93
207.89	2197.76
208.27	2165.00
208.64	2132.23
209.02	2153.29
209.40	2207.13
209.77	2022.22
210.15	2193.08
210.53	2176.70
210.90	2202.44
211.28	2115.84
211.66	2165.00
212.03	2146.27
212.41	2214.15
212.79	2150.95
213.16	2104.14
213.54	2118.18
213.92	2094.78
214.29	2139.25
214.67	2167.34
215.05	2083.08
215.42	2179.04
215.80	2190.74
216.17	2186.06
216.55	2120.53
216.93	2083.08
217.30	2176.70
217.68	2141.59
218.05	2111.16
218.43	2209.47
218.81	2218.83
219.18	2190.74
219.56	2172.02
219.93	2176.70
220.31	2099.46
220.69	2094.78
221.06	2160.31
221.44	2197.76
221.81	2139.25
222.19	2127.55
222.56	2134.57
222.94	2176.70
223.32	2190.74
223.69	2143.93
224.07	2188.40
224.44	2165.00
224.82	2200.10
225.19	2207.13
225.57	2183.72
225.94	2153.29
226.32	2174.36
226.69	2253.94
227.07	2232.87
227.44	2094.78
227.82	2174.36
228.19	2150.95
228.57	2265.64
228.94	2214.15
229.32	2218.83
229.69	2188.40
230.07	2162.66
230.44	2197.76
230.82	2251.60
231.19	2193.08
231.57	2190.74
231.94	2099.46
232.32	2209.47
232.69	2153.29
233.07	2174.36
233.44	2155.63
233.82	2136.91
234.19	2165.00
234.57	2235.21
234.94	2141.59
235.31	2141.59
235.69	2141.59
236.06	2113.50
236.44	2200.10
236.81	2120.53
237.19	2186.06
237.56	2195.42
237.93	2111.16
238.31	2179.04
238.68	2167.34
239.06	2190.74
239.43	2190.74
239.81	2232.87
240.18	2186.06
240.55	2162.66
240.93	2165.00
241.30	2146.27
241.67	2134.57
242.05	2218.83
242.42	2211.81
242.80	2188.40
243.17	2122.87
243.54	2122.87
243.92	2183.72
244.29	2146.27
244.66	2223.51
245.04	2172.02
245.41	2275.00
245.78	2188.40
246.16	2183.72
246.53	2218.83
246.90	2221.17
247.28	2338.20
247.65	2204.78
248.02	2174.36
248.40	2272.66
248.77	2155.63
249.14	2176.70
249.52	2092.44
249.89	2193.08
250.26	2125.21
250.64	2108.82
251.01	2279.68
251.38	2064.35
251.75	2113.50
252.13	2179.04
252.50	2141.59
252.87	2265.64
253.25	2125.21
253.62	2190.74
253.99	2172.02
254.36	2209.47
254.74	2202.44
255.11	2141.59
255.48	2132.23
255.85	2188.40
256.23	2174.36
256.60	2174.36
256.97	2176.70
257.34	2232.87
257.71	2228.19
258.09	2155.63
258.46	2207.13
258.83	2232.87
259.20	2232.87
259.58	2169.68
259.95	2160.31
260.32	2172.02
260.69	2153.29
261.06	2242.23
261.44	2167.34
261.81	2270.32
262.18	2230.53
262.55	2052.65
262.92	2134.57
263.29	2186.06
263.67	2129.89
264.04	2104.14
264.41	2188.40
264.78	2113.50
265.15	2340.54
265.52	2345.22
265.90	2200.10
266.27	2167.34
266.64	2134.57
267.01	2141.59
267.38	2232.87
267.75	2174.36
268.12	2200.10
268.50	2225.85
268.87	2167.34
269.24	2097.12
269.61	2160.31
269.98	2244.57
270.35	2157.97
270.72	2195.42
271.09	2169.68
271.46	2232.87
271.83	2214.15
272.21	2186.06
272.58	2237.55
272.95	2172.02
273.32	2186.06
273.69	2125.21
274.06	2101.80
274.43	2179.04
274.80	2150.95
275.17	2251.60
275.54	2314.79
275.91	2172.02
276.28	2214.15
276.65	2181.38
277.02	2242.23
277.39	2202.44
277.76	2239.89
278.13	2275.00
278.50	2300.75
278.87	2228.19
279.24	2211.81
279.61	2193.08
279.98	2230.53
280.35	2190.74
280.72	2094.78
281.09	2216.49
281.46	2146.27
281.83	2127.55
282.20	2197.76
282.57	2200.10
282.94	2148.61
283.31	2193.08
283.68	2225.85
284.05	2157.97
284.42	2136.91
284.79	2162.66
285.16	2225.85
285.53	2232.87
285.90	2190.74
286.27	2291.38
286.64	2169.68
287.01	2200.10
287.38	2209.47
287.75	3171.43
288.12	2246.91
288.49	2293.72
288.86	2216.49
289.23	2169.68
289.59	2097.12
289.96	2160.31
290.33	2155.63
290.70	2162.66
291.07	2157.97
291.44	2272.66
291.81	2186.06
292.18	2165.00
292.55	2230.53
292.91	2326.49
293.28	2190.74
293.65	2251.60
294.02	2211.81
294.39	2108.82
294.76	2172.02
295.13	2193.08
295.50	2223.51
295.86	2183.72
296.23	2202.44
296.60	2193.08
296.97	2183.72
297.34	2111.16
297.71	2221.17
298.07	2221.17
298.44	2141.59
298.81	2174.36
299.18	2190.74
299.55	2235.21
299.91	2216.49
300.28	2139.25
300.65	2085.42
301.02	2136.91
301.39	2256.28
301.75	2298.41
302.12	2176.70
302.49	2200.10
302.86	2310.11
303.23	2183.72
303.59	2260.96
303.96	2303.09
304.33	2267.98
304.70	2298.41
305.06	2183.72
305.43	2214.15
305.80	2202.44
306.17	2211.81
306.53	2190.74
306.90	2221.17
307.27	2228.19
307.64	2277.34
308.00	2169.68
308.37	2197.76
308.74	2258.62
309.11	2225.85
309.47	2207.13
309.84	2143.93
310.21	2223.51
310.57	2193.08
310.94	2172.02
311.31	2148.61
311.67	2179.04
312.04	2120.53
312.41	2267.98
312.77	2211.81
313.14	2181.38
313.51	2251.60
313.87	2176.70
314.24	2155.63
314.61	2179.04
314.97	2183.72
315.34	2246.91
315.71	2172.02
316.07	2225.85
316.44	2232.87
316.81	2202.44
317.17	2211.81
317.54	2305.43
317.91	2237.55
318.27	2153.29
318.64	2141.59
319.00	2221.17
319.37	2108.82
319.74	2188.40
320.10	2225.85
320.47	2167.34
320.83	2188.40
321.20	2263.30
321.57	2167.34
321.93	2129.89
322.30	2172.02
322.66	2172.02
323.03	2223.51
323.40	2256.28
323.76	2167.34
324.13	2244.57
324.49	2225.85
324.86	2377.98
325.22	2197.76
325.59	2186.06
325.95	2218.83
326.32	2265.64
326.68	2160.31
327.05	2172.02
327.42	2153.29
327.78	2221.17
328.15	2169.68
328.51	2148.61
328.88	2183.72
329.24	2296.07
329.61	2249.25
329.97	2246.91
330.34	2223.51
330.70	2150.95
331.07	2305.43
331.43	2221.17
331.80	2338.20
332.16	2190.74
332.52	2148.61
332.89	2225.85
333.25	2183.72
333.62	2284.36
333.98	2202.44
334.35	2148.61
334.71	2181.38
335.08	2165.00
335.44	2193.08
335.81	2272.66
336.17	2157.97
336.53	2235.21
336.90	2202.44
337.26	2197.76
337.63	2392.03
337.99	2237.55
338.36	2129.89
338.72	2057.33
339.08	2237.55
339.45	2139.25
339.81	2249.25
340.18	2200.10
340.54	2232.87
340.90	2221.17
341.27	2181.38
341.63	2253.94
341.99	2160.31
342.36	2232.87
342.72	2202.44
343.09	2221.17
343.45	2186.06
343.81	2270.32
344.18	2176.70
344.54	2197.76
344.90	2160.31
345.27	2228.19
345.63	2172.02
345.99	2172.02
346.36	2246.91
346.72	2172.02
347.08	2165.00
347.45	2183.72
347.81	2253.94
348.17	2136.91
348.54	2118.18
348.90	2267.98
349.26	2258.62
349.62	2265.64
349.99	2169.68
350.35	2132.23
350.71	2253.94
351.08	2197.76
351.44	2108.82
351.80	2260.96
352.16	2307.77
352.53	2190.74
352.89	2228.19
353.25	2216.49
353.61	2223.51
353.98	2214.15
354.34	2174.36
354.70	2193.08
355.06	2237.55
355.43	2209.47
355.79	2167.34
356.15	2239.89
356.51	2183.72
356.88	2263.30
357.24	2174.36
357.60	2115.84
357.96	2094.78
358.32	2319.47
358.69	2139.25
359.05	2183.72
359.41	2150.95
359.77	2190.74
360.13	2134.57
360.49	2190.74
360.86	2179.04
361.22	2246.91
361.58	2207.13
361.94	2272.66
362.30	2141.59
362.66	2279.68
363.03	2207.13
363.39	2172.02
363.75	2204.78
364.11	2228.19
364.47	2265.64
364.83	2275.00
365.19	2211.81
365.56	2209.47
365.92	2136.91
366.28	2197.76
366.64	2235.21
367.00	2179.04
367.36	2146.27
367.72	2160.31
368.08	2190.74
368.44	2204.78
368.80	2214.15
369.17	2174.36
369.53	2167.34
369.89	2183.72
370.25	2139.25
370.61	2200.10
370.97	2249.25
371.33	2214.15
371.69	2286.70
372.05	2176.70
372.41	2258.62
372.77	2207.13
373.13	2228.19
373.49	2165.00
373.85	2284.36
374.21	2235.21
374.57	2204.78
374.93	2085.42
375.29	2122.87
375.65	2146.27
376.01	2186.06
376.37	2251.60
376.73	2209.47
377.09	2190.74
377.45	2211.81
377.81	2157.97
378.17	2157.97
378.53	2179.04
378.89	2249.25
379.25	2296.07
379.61	2246.91
379.97	2260.96
380.33	2204.78
380.69	2179.04
381.05	2150.95
381.41	2286.70
381.77	2204.78
382.13	2251.60
382.49	2354.58
382.85	2186.06
383.21	2239.89
383.57	2176.70
383.93	2284.36
384.28	2181.38
384.64	2181.38
385.00	2169.68
385.36	2204.78
385.72	2207.13
386.08	2141.59
386.44	2253.94
386.80	2242.23
387.16	2307.77
387.52	2260.96
387.87	2279.68
388.23	2242.23
388.59	2214.15
388.95	2181.38
389.31	2214.15
389.67	2190.74
390.03	2125.21
390.38	2186.06
390.74	2136.91
391.10	2176.70
391.46	2136.91
391.82	2150.95
392.18	2200.10
392.54	2132.23
392.89	2120.53
393.25	2207.13
393.61	2251.60
393.97	2193.08
394.33	2228.19
394.68	2246.91
395.04	2190.74
395.40	2218.83
395.76	2183.72
396.12	2211.81
396.47	2165.00
396.83	2244.57
397.19	2211.81
397.55	2188.40
397.90	2211.81
398.26	2174.36
398.62	2190.74
398.98	2188.40
399.33	2167.34
399.69	2506.71
400.05	2253.94
400.41	2188.40
400.76	2209.47
401.12	2251.60
401.48	2200.10
401.84	2120.53
402.19	2157.97
402.55	2141.59
402.91	2087.76
403.26	2211.81
403.62	2106.48
403.98	2172.02
404.34	2134.57
404.69	2160.31
405.05	2211.81
405.41	2319.47
405.76	2188.40
406.12	2193.08
406.48	2214.15
406.83	2160.31
407.19	2232.87
407.55	2260.96
407.90	2342.88
408.26	2181.38
408.62	2101.80
408.97	2134.57
409.33	2167.34
409.68	2160.31
410.04	2230.53
410.40	2176.70
410.75	2328.83
411.11	2204.78
411.47	2167.34
411.82	2146.27
412.18	2153.29
412.53	2204.78
412.89	2181.38
413.25	2176.70
413.60	2193.08
413.96	2118.18
414.31	2134.57
414.67	2221.17
415.03	2139.25
415.38	2174.36
415.74	2150.95
416.09	2197.76
416.45	2211.81
416.80	2153.29
417.16	2197.76
417.51	2200.10
417.87	2209.47
418.23	2193.08
418.58	2258.62
418.94	2242.23
419.29	2277.34
419.65	2225.85
420.00	2291.38
420.36	2221.17
420.71	2228.19
421.07	2188.40
421.42	2214.15
421.78	2190.74
422.13	2216.49
422.49	2230.53
422.84	2251.60
423.20	2162.66
423.55	2132.23
423.91	2134.57
424.26	2277.34
424.61	2195.42
424.97	2211.81
425.32	2209.47
425.68	2108.82
426.03	2122.87
426.39	2284.36
426.74	2235.21
427.10	2258.62
427.45	2188.40
427.80	2200.10
428.16	2127.55
428.51	2054.99
428.87	2202.44
429.22	2167.34
429.58	2221.17
429.93	2193.08
430.28	2186.06
430.64	2160.31
430.99	2167.34
431.35	2197.76
431.70	2188.40
432.05	2256.28
432.41	2181.38
432.76	2181.38
433.11	2228.19
433.47	2148.61
433.82	2235.21
434.17	2193.08
434.53	2216.49
434.88	2328.83
435.24	2186.06
435.59	2167.34
435.94	2155.63
436.30	2265.64
436.65	2200.10
437.00	2223.51
437.35	2373.30
437.71	2249.25
438.06	2230.53
438.41	2188.40
438.77	2251.60
439.12	2190.74
439.47	2118.18
439.83	2179.04
440.18	2214.15
440.53	2139.25
440.88	2286.70
441.24	2244.57
441.59	2148.61
441.94	2209.47
442.30	2181.38
442.65	2296.07
443.00	2195.42
443.35	2237.55
443.71	2132.23
444.06	2197.76
444.41	2207.13
444.76	2298.41
445.11	2263.30
445.47	2246.91
445.82	2204.78
446.17	2181.38
446.52	2195.42
446.88	2172.02
447.23	2150.95
447.58	2228.19
447.93	2104.14
448.28	2485.65
448.63	2319.47
448.99	2237.55
449.34	2202.44
449.69	2303.09
450.04	2176.70
450.39	2157.97
450.74	2122.87
451.10	2193.08
451.45	2244.57
451.80	2181.38
452.15	2279.68
452.50	2200.10
452.85	2239.89
453.21	2345.22
453.56	2230.53
453.91	2251.60
454.26	2160.31
454.61	2188.40
454.96	2186.06
455.31	2207.13
455.66	2148.61
456.01	2303.09
456.36	2167.34
456.72	2176.70
457.07	2214.15
457.42	2260.96
457.77	2207.13
458.12	2242.23
458.47	2214.15
458.82	2223.51
459.17	2162.66
459.52	2195.42
459.87	2691.62
460.22	2204.78
460.57	2181.38
460.92	2146.27
461.27	2181.38
461.62	2223.51
461.97	2200.10
462.32	2263.30
462.67	2267.98
463.02	2286.70
463.38	2284.36
463.73	2188.40
464.08	2209.47
464.43	2211.81
464.78	2188.40
465.12	2239.89
465.47	2237.55
465.82	2558.21
466.17	2249.25
466.52	2218.83
466.87	2225.85
467.22	2230.53
467.57	2090.10
467.92	2207.13
468.27	2310.11
468.62	2317.13
468.97	2225.85
469.32	2104.14
469.67	2387.35
470.02	2289.04
470.37	2157.97
470.72	2134.57
471.07	2204.78
471.42	2160.31
471.76	2190.74
472.11	2172.02
472.46	2174.36
472.81	2359.26
473.16	2162.66
473.51	2225.85
473.86	2099.46
474.21	2183.72
474.56	2141.59
474.90	2136.91
475.25	2172.02
475.60	2230.53
475.95	2179.04
476.30	2251.60
476.65	2211.81
477.00	2324.15
477.34	2282.02
477.69	2190.74
478.04	2190.74
478.39	2211.81
478.74	2146.27
479.09	2125.21
479.43	2370.96
479.78	2188.40
480.13	2282.02
480.48	2249.25
480.83	2127.55
481.17	2160.31
481.52	2190.74
481.87	2172.02
482.22	2249.25
482.57	2239.89
482.91	2265.64
483.26	2197.76
483.61	2207.13
483.96	2160.31
484.30	4037.42
484.65	2244.57
485.00	2153.29
485.35	2190.74
485.69	2162.66
486.04	2207.13
486.39	2246.91
486.74	2193.08
487.08	2155.63
487.43	2216.49
487.78	2157.97
488.12	2249.25
488.47	2141.59
488.82	2296.07
489.17	2246.91
489.51	2172.02
489.86	2216.49
490.21	2153.29
490.55	2258.62
490.90	2150.95
491.25	2113.50
491.59	2176.70
491.94	2282.02
492.29	2211.81
492.63	2214.15
492.98	2115.84
493.33	2176.70
493.67	2223.51
494.02	2174.36
494.37	2181.38
494.71	2225.85
495.06	2139.25
495.40	2270.32
495.75	2155.63
496.10	2239.89
496.44	2214.15
496.79	2190.74
497.13	2157.97
497.48	2347.56
497.83	2221.17
498.17	2256.28
498.52	2305.43
498.86	2289.04
499.21	2232.87
499.56	2174.36
499.90	2216.49
500.25	2165.00
500.59	2176.70
500.94	2251.60
501.28	2155.63
501.63	2172.02
501.97	2122.87
502.32	2172.02
502.67	2214.15
503.01	2197.76
503.36	2150.95
503.70	2167.34
504.05	2211.81
504.39	2284.36
504.74	2176.70
505.08	2265.64
505.43	2153.29
505.77	2132.23
506.12	2141.59
506.46	2148.61
506.81	2207.13
507.15	2155.63
507.49	2181.38
507.84	2167.34
508.18	2157.97
508.53	2200.10
508.87	2183.72
509.22	2197.76
509.56	13022.74
509.91	2715.02
510.25	2207.13
510.60	2202.44
510.94	2289.04
511.28	2146.27
511.63	2244.57
511.97	2176.70
512.32	2267.98
512.66	2190.74
513.00	2183.72
513.35	2246.91
513.69	2148.61
514.04	2207.13
514.38	2183.72
514.72	2207.13
515.07	2188.40
515.41	2228.19
515.76	2111.16
516.10	2146.27
516.44	2176.70
516.79	2200.10
517.13	2136.91
517.47	2162.66
517.82	2155.63
518.16	2200.10
518.50	2225.85
518.85	2160.31
519.19	2356.92
519.53	2286.70
519.88	2277.34
520.22	2223.51
520.56	2157.97
520.91	2153.29
521.25	2160.31
521.59	2197.76
521.93	2190.74
522.28	2190.74
522.62	2146.27
522.96	2246.91
523.31	2181.38
523.65	2216.49
523.99	2207.13
524.33	2225.85
524.68	2230.53
525.02	2225.85
525.36	2143.93
525.70	2172.02
526.05	2186.06
526.39	2197.76
526.73	2223.51
527.07	2207.13
527.41	2197.76
527.76	2181.38
528.10	2157.97
528.44	2181.38
528.78	2218.83
529.12	2237.55
529.47	2165.00
529.81	2232.87
530.15	2263.30
530.49	2239.89
530.83	2108.82
531.18	2150.95
531.52	2176.70
531.86	2232.87
532.20	2179.04
532.54	2239.89
532.88	2036.27
533.22	2143.93
533.57	2125.21
533.91	2204.78
534.25	2169.68
534.59	2200.10
534.93	2211.81
535.27	2169.68
535.61	2218.83
535.95	2232.87
536.30	2193.08
536.64	2235.21
536.98	2143.93
537.32	2188.40
537.66	2167.34
538.00	2155.63
538.34	2232.87
538.68	2202.44
539.02	2289.04
539.36	2176.70
539.70	2183.72
540.04	2195.42
540.39	2370.96
540.73	2242.23
541.07	2228.19
541.41	2202.44
541.75	2176.70
542.09	2230.53
542.43	2176.70
542.77	2174.36
543.11	2249.25
543.45	2242.23
543.79	2132.23
544.13	2186.06
544.47	2160.31
544.81	2160.31
545.15	2218.83
545.49	2172.02
545.83	2172.02
546.17	2204.78
546.51	2167.34
546.85	2211.81
547.19	2230.53
547.53	2174.36
547.87	2186.06
548.21	2223.51
548.54	2235.21
548.88	2239.89
549.22	2174.36
549.56	2106.48
549.90	2176.70
550.24	2223.51
550.58	2202.44
550.92	2230.53
551.26	2179.04
551.60	2260.96
551.94	2190.74
552.28	2183.72
552.61	2272.66
552.95	2204.78
553.29	2120.53
553.63	2169.68
553.97	2300.75
554.31	2209.47
554.65	2167.34
554.99	2232.87
555.32	2157.97
555.66	2251.60
556.00	2150.95
556.34	2167.34
556.68	2223.51
557.02	2157.97
557.36	2270.32
557.69	2204.78
558.03	2190.74
558.37	2260.96
558.71	2321.81
559.05	2214.15
559.38	2265.64
559.72	2160.31
560.06	2246.91
560.40	2160.31
560.74	2279.68
561.07	2202.44
561.41	2218.83
561.75	2207.13
562.09	2284.36
562.42	2190.74
562.76	2253.94
563.10	2221.17
563.44	2424.80
563.77	2202.44
564.11	2258.62
564.45	2209.47
564.79	2127.55
565.12	2136.91
565.46	2188.40
565.80	2258.62
566.14	2207.13
566.47	2216.49
566.81	2132.23
567.15	2251.60
567.48	2216.49
567.82	2204.78
568.16	2153.29
568.49	2115.84
568.83	2176.70
569.17	2228.19
569.50	2228.19
569.84	2239.89
570.18	2202.44
570.51	2246.91
570.85	2211.81
571.19	2197.76
571.52	2155.63
571.86	2193.08
572.20	2118.18
572.53	2239.89
572.87	2186.06
573.21	2193.08
573.54	2150.95
573.88	2193.08
574.21	2216.49
574.55	2200.10
574.89	2202.44
575.22	2237.55
575.56	2197.76
575.89	2101.80
576.23	2183.72
576.57	2202.44
576.90	2230.53
577.24	2223.51
577.57	2162.66
577.91	2193.08
578.24	2127.55
578.58	2188.40
578.91	2078.40
579.25	2239.89
579.59	2197.76
579.92	2146.27
580.26	2204.78
580.59	2183.72
580.93	2188.40
581.26	2167.34
581.60	2179.04
581.93	2232.87
582.27	2202.44
582.60	2195.42
582.94	2204.78
583.27	2120.53
583.61	2200.10
583.94	2132.23
584.28	2111.16
584.61	2148.61
584.94	2209.47
585.28	2221.17
585.61	2298.41
585.95	2214.15
586.28	2162.66
586.62	2267.98
586.95	2239.89
587.29	2275.00
587.62	2260.96
587.95	2085.42
588.29	2169.68
588.62	2193.08
588.96	2244.57
589.29	2190.74
589.62	2176.70
589.96	2209.47
590.29	2202.44
590.63	2167.34
590.96	2197.76
591.29	2237.55
591.63	2211.81
591.96	2150.95
592.29	2148.61
592.63	2148.61
592.96	2211.81
593.30	2253.94
593.63	2190.74
593.96	2167.34
594.30	2186.06
594.63	2211.81
594.96	2298.41
595.30	2179.04
595.63	2167.34
595.96	2186.06
596.29	2183.72
596.63	2157.97
596.96	2195.42
597.29	2214.15
597.63	2181.38
597.96	2277.34
598.29	2260.96
598.63	2256.28
598.96	2204.78
599.29	2146.27
599.62	2188.40
599.96	2148.61
600.29	2122.87
600.62	2134.57
600.95	2150.95
601.29	2176.70
601.62	2143.93
601.95	2218.83
602.28	2146.27
602.61	2780.56
602.95	2232.87
603.28	2296.07
603.61	2160.31
603.94	2193.08
604.27	2202.44
604.61	2279.68
604.94	2188.40
605.27	2157.97
605.60	2146.27
605.93	2230.53
606.27	2251.60
606.60	2120.53
606.93	2157.97
607.26	2277.34
607.59	2150.95
607.92	2214.15
608.26	2143.93
608.59	2134.57
608.92	2183.72
609.25	2214.15
609.58	2167.34
609.91	2249.25
610.24	2310.11
610.57	2174.36
610.90	2204.78
611.24	2204.78
611.57	2174.36
611.90	2209.47
612.23	2207.13
612.56	2148.61
612.89	2195.42
613.22	2244.57
613.55	2202.44
613.88	2242.23
614.21	2092.44
614.54	2204.78
614.87	2162.66
615.20	2146.27
615.53	2228.19
615.87	2214.15
616.20	2279.68
616.53	2188.40
616.86	2179.04
617.19	2211.81
617.52	2162.66
617.85	2195.42
618.18	2120.53
618.51	2172.02
618.84	2239.89
619.17	2197.76
619.50	2303.09
619.83	2251.60
620.16	2253.94
620.49	2155.63
620.82	2251.60
621.14	2314.79
621.47	2218.83
621.80	2251.60
622.13	2197.76
622.46	2326.49
622.79	2169.68
623.12	2216.49
623.45	2260.96
623.78	2204.78
624.11	2162.66
624.44	2223.51
624.77	2176.70
625.10	2162.66
625.43	2251.60
625.75	2202.44
626.08	2186.06
626.41	2237.55
626.74	2296.07
627.07	2186.06
627.40	2249.25
627.73	2237.55
628.06	2249.25
628.38	2225.85
628.71	2218.83
629.04	2249.25
629.37	2197.76
629.70	2197.76
630.03	2200.10
630.36	2230.53
630.68	2174.36
631.01	2172.02
631.34	2289.04
631.67	2165.00
632.00	2127.55
632.32	2202.44
632.65	2211.81
632.98	2232.87
633.31	2272.66
633.64	2216.49
633.96	2183.72
634.29	2258.62
634.62	2228.19
634.95	2162.66
635.27	2242.23
635.60	2169.68
635.93	2165.00
636.26	2118.18
636.58	2183.72
636.91	2204.78
637.24	2209.47
637.57	2216.49
637.89	2188.40
638.22	2165.00
638.55	2251.60
638.87	2267.98
639.20	2275.00
639.53	2232.87
639.86	2146.27
640.18	2186.06
640.51	2132.23
640.84	2207.13
641.16	2148.61
641.49	2207.13
641.82	2157.97
642.14	2143.93
642.47	2289.04
642.80	2279.68
643.12	2228.19
643.45	2148.61
643.78	2160.31
644.10	2111.16
644.43	2162.66
644.75	2253.94
645.08	2143.93
645.41	2228.19
645.73	2237.55
646.06	2291.38
646.39	2303.09
646.71	2108.82
647.04	2193.08
647.36	2150.95
647.69	2190.74
648.01	2160.31
648.34	2183.72
648.67	2249.25
648.99	2275.00
649.32	2300.75
649.64	2143.93
649.97	2146.27
650.29	2165.00
650.62	2249.25
650.94	2200.10
651.27	2291.38
651.59	2197.76
651.92	2221.17
652.25	2282.02
652.57	2155.63
652.90	2176.70
653.22	2139.25
653.55	2193.08
653.87	2162.66
654.20	2141.59
654.52	2186.06
654.84	2143.93
655.17	2188.40
655.49	2253.94
655.82	2200.10
656.14	2242.23
656.47	2235.21
656.79	2321.81
657.12	2097.12
657.44	2197.76
657.77	2246.91
658.09	2228.19
658.41	2169.68
658.74	2216.49
659.06	2172.02
659.39	2165.00
659.71	2122.87
660.03	2157.97
660.36	2218.83
660.68	2267.98
661.01	2282.02
661.33	2256.28
661.65	2139.25
661.98	2277.34
662.30	2305.43
662.63	2200.10
662.95	2174.36
663.27	2125.21
663.60	2155.63
663.92	2202.44
664.24	2197.76
664.57	2202.44
664.89	2211.81
665.21	2155.63
665.54	2342.88
665.86	2157.97
666.18	2221.17
666.51	2207.13
666.83	2155.63
667.15	2338.20
667.47	2190.74
667.80	2169.68
668.12	2181.38
668.44	2249.25
668.77	2214.15
669.09	2235.21
669.41	2256.28
669.73	2160.31
670.06	2174.36
670.38	2209.47
670.70	2153.29
671.02	2211.81
671.35	2157.97
671.67	2277.34
671.99	2211.81
672.31	2235.21
672.63	2239.89
672.96	2242.23
673.28	2230.53
673.60	2272.66
673.92	2214.15
674.24	2160.31
674.57	2157.97
674.89	2291.38
675.21	2139.25
675.53	2200.10
675.85	2265.64
676.17	2270.32
676.50	2162.66
676.82	2265.64
677.14	2207.13
677.46	2342.88
677.78	2139.25
678.10	2267.98
678.42	2216.49
678.75	2162.66
679.07	2099.46
679.39	2172.02
679.71	2155.63
680.03	2129.89
680.35	2216.49
680.67	2216.49
680.99	2174.36
681.31	2160.31
681.63	2087.76
681.96	2265.64
682.28	2125.21
682.60	2150.95
682.92	2186.06
683.24	2118.18
683.56	2183.72
683.88	2165.00
684.20	2256.28
684.52	2218.83
684.84	2150.95
685.16	2169.68
685.48	2207.13
685.80	2263.30
686.12	2183.72
686.44	2270.32
686.76	2200.10
687.08	2111.16
687.40	2204.78
687.72	2282.02
688.04	2167.34
688.36	2249.25
688.68	2251.60
689.00	2181.38
689.32	2139.25
689.64	2157.97
689.96	2141.59
690.28	2284.36
690.60	2263.30
690.92	2167.34
691.24	2200.10
691.56	2218.83
691.88	2169.68
692.19	2176.70
692.51	2289.04
692.83	2183.72
693.15	2291.38
693.47	2200.10
693.79	2251.60
694.11	2223.51
694.43	2249.25
694.75	2157.97
695.06	2136.91
695.38	2242.23
695.70	2209.47
696.02	2169.68
696.34	2186.06
696.66	2202.44
696.98	2157.97
697.29	2188.40
697.61	2340.54
697.93	2200.10
698.25	2745.45
698.57	2242.23
698.89	2106.48
699.20	2179.04
699.52	2253.94
699.84	2141.59
700.16	2200.10
700.48	2272.66
700.79	2176.70
701.11	2218.83
701.43	2246.91
701.75	2146.27
702.07	2186.06
702.38	2260.96
702.70	2113.50
703.02	2160.31
703.34	2230.53
703.65	2218.83
703.97	2143.93
704.29	2078.40
704.61	2172.02
704.92	2216.49
705.24	2207.13
705.56	2300.75
705.87	2202.44
706.19	2235.21
706.51	2190.74
706.82	2157.97
707.14	2232.87
707.46	2183.72
707.78	2218.83
708.09	2193.08
708.41	2270.32
708.73	2251.60
709.04	2207.13
709.36	2179.04
709.68	2160.31
709.99	2256.28
710.31	2195.42
710.62	2167.34
710.94	2129.89
711.26	2181.38
711.57	2165.00
711.89	2204.78
712.21	2289.04
712.52	2204.78
712.84	2263.30
713.15	2118.18
713.47	2214.15
713.79	2242.23
714.10	2153.29
714.42	2190.74
714.73	2291.38
715.05	2148.61
715.36	2148.61
715.68	2188.40
715.99	2197.76
716.31	2181.38
716.63	2246.91
716.94	2204.78
717.26	2349.90
717.57	2134.57
717.89	2253.94
718.20	2122.87
718.52	2232.87
718.83	2193.08
719.15	2272.66
719.46	2317.13
719.78	2218.83
720.09	2195.42
720.41	2165.00
720.72	2153.29
721.04	2115.84
721.35	2169.68
721.67	2181.38
721.98	2160.31
722.29	2207.13
722.61	2155.63
722.92	2190.74
723.24	2225.85
723.55	2214.15
723.87	2209.47
724.18	2211.81
724.50	2221.17
724.81	2115.84
725.12	2195.42
725.44	2216.49
725.75	2225.85
726.07	2267.98
726.38	2249.25
726.69	2200.10
727.01	2162.66
727.32	2232.87
727.63	2155.63
727.95	2150.95
728.26	2160.31
728.58	2193.08
728.89	2214.15
729.20	2305.43
729.52	2190.74
729.83	2279.68
730.14	2221.17
730.46	2101.80
730.77	2296.07
731.08	2197.76
731.39	2129.89
731.71	2136.91
732.02	2242.23
732.33	2150.95
732.65	2120.53
732.96	2251.60
733.27	2216.49
733.59	2279.68
733.90	2265.64
734.21	2167.34
734.52	2228.19
734.84	2289.04
735.15	2256.28
735.46	2174.36
735.77	2228.19
736.09	2235.21
736.40	2312.45
736.71	2211.81
737.02	2183.72
737.33	2150.95
737.65	2176.70
737.96	2235.21
738.27	2211.81
738.58	2277.34
738.89	2190.74
739.21	2190.74
739.52	2101.80
739.83	2155.63
740.14	2202.44
740.45	2136.91
740.76	2141.59
741.08	2172.02
741.39	2179.04
741.70	2188.40
742.01	2244.57
742.32	2275.00
742.63	2253.94
742.94	2157.97
743.26	2209.47
743.57	2181.38
743.88	2244.57
744.19	2176.70
744.50	2111.16
744.81	2207.13
745.12	2160.31
745.43	2129.89
745.74	2392.03
746.05	2256.28
746.36	2167.34
746.67	2293.72
746.99	2153.29
747.30	2167.34
747.61	2207.13
747.92	2275.00
748.23	2244.57
748.54	2174.36
748.85	2176.70
749.16	2176.70
749.47	2193.08
749.78	2172.02
750.09	2165.00
750.40	2148.61
750.71	2218.83
751.02	2244.57
751.33	2160.31
751.64	2193.08
751.95	2190.74
752.26	2202.44
752.57	2218.83
752.88	2214.15
753.19	2165.00
753.50	2282.02
753.81	2183.72
754.11	2174.36
754.42	2345.22
754.73	2183.72
755.04	2172.02
755.35	2179.04
755.66	2291.38
755.97	2134.57
756.28	2146.27
756.59	2225.85
756.90	2373.30
757.21	2232.87
757.52	2193.08
757.82	2253.94
758.13	2172.02
758.44	2218.83
758.75	2223.51
759.06	2179.04
759.37	2181.38
759.68	2291.38
759.98	2174.36
760.29	2111.16
760.60	2167.34
760.91	2146.27
761.22	2200.10
761.53	2136.91
761.83	2143.93
762.14	2209.47
762.45	2225.85
762.76	2146.27
763.07	2188.40
763.37	2324.15
763.68	2235.21
763.99	2298.41
764.30	2225.85
764.60	2218.83
764.91	2282.02
765.22	2181.38
765.53	2377.98
765.84	2176.70
766.14	2165.00
766.45	2153.29
766.76	2300.75
767.06	2282.02
767.37	2209.47
767.68	2136.91
767.99	2179.04
768.29	2186.06
768.60	2275.00
768.91	2193.08
769.21	2282.02
769.52	2265.64
769.83	2157.97
770.13	2179.04
770.44	2179.04
770.75	2246.91
771.05	2225.85
771.36	2279.68
771.67	2200.10
771.97	2120.53
772.28	2127.55
772.59	2200.10
772.89	2200.10
773.20	2193.08
773.51	2115.84
773.81	2272.66
774.12	2230.53
774.42	2085.42
774.73	2136.91
775.04	2132.23
775.34	2462.24
775.65	2394.37
775.95	2303.09
776.26	2286.70
776.56	2214.15
776.87	2174.36
777.18	5078.96
777.48	2422.45
777.79	2183.72
778.09	2190.74
778.40	2174.36
778.70	2256.28
779.01	2279.68
779.31	2174.36
779.62	2197.76
779.92	2230.53
780.23	2221.17
780.53	2167.34
780.84	2174.36
781.14	2120.53
781.45	2197.76
781.75	2207.13
782.06	2176.70
782.36	2179.04
782.67	2204.78
782.97	2200.10
783.28	2228.19
783.58	2162.66
783.89	2139.25
784.19	2209.47
784.49	2305.43
784.80	2197.76
785.10	2300.75
785.41	2153.29
785.71	2188.40
786.02	2239.89
786.32	2260.96
786.62	2214.15
786.93	2277.34
787.23	2153.29
787.54	2155.63
787.84	2260.96
788.14	2172.02
788.45	2235.21
788.75	2146.27
789.05	2118.18
789.36	2162.66
789.66	2282.02
789.96	2167.34
790.27	2197.76
790.57	2225.85
790.87	2183.72
791.18	2256.28
791.48	2162.66
791.78	2176.70
792.09	2228.19
792.39	2221.17
792.69	2188.40
793.00	2207.13
793.30	2256.28
793.60	2230.53
793.90	2085.42
794.21	2251.60
794.51	2326.49
794.81	2230.53
795.11	2150.95
795.42	2195.42
795.72	2237.55
796.02	2195.42
796.32	2160.31
796.63	2176.70
796.93	2223.51
797.23	2136.91
797.53	2204.78
797.84	2148.61
798.14	2223.51
798.44	2204.78
798.74	2193.08
799.04	2200.10
799.34	2200.10
799.65	2326.49
799.95	2256.28
800.25	2169.68
800.55	2193.08
800.85	2197.76
801.15	2167.34
801.46	2216.49
801.76	2415.43
802.06	2155.63
802.36	2172.02
802.66	2200.10
802.96	2218.83
803.26	2225.85
803.56	2305.43
803.87	2272.66
804.17	2202.44
804.47	2183.72
804.77	2232.87
805.07	2183.72
805.37	2223.51
805.67	2244.57
805.97	2179.04
806.27	2195.42
806.57	2165.00
806.87	2317.13
807.17	2223.51
807.47	2251.60
807.77	2218.83
808.07	2272.66
808.37	2251.60
808.67	2148.61
808.98	2317.13
809.28	2165.00
809.58	2359.26
809.88	2260.96
810.18	2368.62
810.47	2176.70
810.77	2179.04
811.07	2249.25
811.37	2246.91
811.67	2165.00
811.97	2139.25
812.27	2228.19
812.57	2085.42
812.87	2136.91
813.17	2141.59
813.47	2181.38
813.77	2174.36
814.07	2167.34
814.37	2122.87
814.67	2172.02
814.97	2146.27
815.27	2188.40
815.56	2162.66
815.86	2289.04
816.16	2179.04
816.46	2155.63
816.76	2172.02
817.06	2282.02
817.36	2275.00
817.66	2209.47
817.95	2169.68
818.25	2207.13
818.55	2251.60
818.85	2296.07
819.15	2179.04
819.45	2195.42
819.75	2186.06
820.04	2157.97
820.34	2249.25
820.64	2228.19
820.94	2223.51
821.24	2200.10
821.53	2214.15
821.83	2174.36
822.13	2136.91
822.43	2148.61
822.72	2155.63
823.02	2162.66
823.32	2188.40
823.62	2230.53
823.91	2265.64
824.21	2146.27
824.51	2239.89
824.81	2148.61
825.10	2207.13
825.40	2169.68
825.70	2146.27
826.00	2277.34
826.29	2195.42
826.59	2181.38
826.89	2176.70
827.18	2150.95
827.48	2155.63
827.78	2153.29
828.07	2150.95
828.37	2242.23
828.67	2181.38
828.96	2202.44
829.26	2146.27
829.56	2218.83
829.85	2190.74
830.15	2146.27
830.45	2183.72
830.74	2244.57
831.04	2193.08
831.34	2282.02
831.63	2244.57
831.93	2216.49
832.22	2242.23
832.52	2160.31
832.82	2153.29
833.11	2143.93
833.41	2167.34
833.70	2190.74
834.00	2209.47
834.29	2216.49
834.59	2183.72
834.89	2232.87
835.18	2174.36
835.48	2310.11
835.77	2298.41
836.07	2239.89
836.36	2209.47
836.66	2230.53
836.95	2172.02
837.25	2139.25
837.54	2165.00
837.84	2216.49
838.13	2211.81
838.43	2197.76
838.72	2284.36
839.02	2239.89
839.31	2242.23
839.61	2253.94
839.90	2228.19
840.20	2221.17
840.49	2136.91
840.78	2200.10
841.08	2200.10
841.37	2141.59
841.67	2188.40
841.96	2197.76
842.26	2165.00
842.55	2183.72
842.84	2157.97
843.14	2176.70
843.43	2087.76
843.73	2150.95
844.02	2165.00
844.31	2167.34
844.61	2167.34
844.90	2169.68
845.20	2260.96
845.49	2118.18
845.78	2153.29
846.08	2101.80
846.37	2106.48
846.66	2242.23
846.96	2197.76
847.25	2202.44
847.54	2106.48
847.84	2141.59
848.13	2186.06
848.42	2232.87
848.72	2179.04
849.01	2188.40
849.30	2134.57
849.59	2195.42
849.89	2209.47
850.18	2406.07
850.47	2251.60
850.76	2375.64
851.06	2284.36
851.35	2244.57
851.64	2211.81
851.93	2195.42
852.23	2345.22
852.52	2136.91
852.81	2153.29
853.10	2197.76
853.40	2172.02
853.69	2115.84
853.98	2188.40
854.27	2183.72
854.56	2242.23
854.86	2150.95
855.15	2211.81
855.44	2190.74
855.73	2141.59
856.02	2190.74
856.31	2223.51
856.61	2183.72
856.90	2202.44
857.19	2101.80
857.48	2155.63
857.77	2125.21
858.06	2094.78
858.35	2113.50
858.65	2228.19
858.94	2221.17
859.23	2179.04
859.52	2181.38
859.81	2218.83
860.10	2174.36
860.39	2230.53
860.68	2153.29
860.97	2235.21
861.26	2221.17
861.55	2286.70
861.85	2225.85
862.14	2267.98
862.43	2237.55
862.72	2197.76
863.01	2094.78
863.30	2143.93
863.59	2193.08
863.88	2221.17
864.17	2200.10
864.46	2153.29
864.75	2272.66
865.04	2146.27
865.33	2244.57
865.62	2174.36
865.91	2146.27
866.20	2134.57
866.49	2160.31
866.78	2134.57
867.07	2183.72
867.36	2225.85
867.65	2286.70
867.93	2218.83
868.22	2267.98
868.51	2146.27
868.80	2172.02
869.09	2193.08
869.38	2188.40
869.67	2211.81
869.96	2211.81
870.25	2211.81
