178.76	1722.63
179.14	1722.63
179.52	1722.63
179.90	1750.72
180.28	1816.26
180.66	1846.68
181.04	1891.15
181.42	1813.92
181.80	1813.92
182.18	1884.13
182.55	1879.45
182.93	1813.92
183.31	1839.66
183.69	1863.07
184.07	1898.17
184.45	1933.28
184.83	1825.62
185.21	1942.64
185.59	2001.16
185.97	2157.97
186.35	2059.67
186.72	1949.67
187.10	2045.63
187.48	2172.02
187.86	2120.53
188.24	2090.10
188.62	2038.61
189.00	2125.21
189.38	2136.91
189.75	2139.25
190.13	2160.31
190.51	2115.84
190.89	2221.17
191.27	2352.24
191.65	2223.51
192.03	2120.53
192.40	2230.53
192.78	2183.72
193.16	2127.55
193.54	2209.47
193.92	2228.19
194.30	2141.59
194.67	2244.57
195.05	2141.59
195.43	2183.72
195.81	2174.36
196.19	2232.87
196.56	2195.42
196.94	2129.89
197.32	2225.85
197.70	2071.37
198.08	2172.02
198.45	2157.97
198.83	2153.29
199.21	2129.89
199.59	2272.66
199.97	2132.23
200.34	2157.97
200.72	2183.72
201.10	2260.96
201.48	2214.15
201.85	2153.29
202.23	2097.12
202.61	2085.42
202.99	2195.42
203.36	2129.89
203.74	2179.04
204.12	2104.14
204.49	2059.67
204.87	2195.42
205.25	2120.53
205.63	2087.76
206.00	2176.70
206.38	2179.04
206.76	2172.02
207.14	2078.40
207.51	2132.23
207.89	2181.38
208.27	2139.25
208.64	2211.81
209.02	2160.31
209.40	2172.02
209.77	2146.27
210.15	2406.07
210.53	2179.04
210.90	2209.47
211.28	2122.87
211.66	2150.95
212.03	2155.63
212.41	2143.93
212.79	2132.23
213.16	2097.12
213.54	2153.29
213.92	2202.44
214.29	2080.74
214.67	2162.66
215.05	2118.18
215.42	2197.76
215.80	2183.72
216.17	2174.36
216.55	2179.04
216.93	2141.59
217.30	2214.15
217.68	2141.59
218.05	2146.27
218.43	2101.80
218.81	2167.34
219.18	2162.66
219.56	2214.15
219.93	2155.63
220.31	2125.21
220.69	2129.89
221.06	2118.18
221.44	2209.47
221.81	2071.37
222.19	2122.87
222.56	2078.40
222.94	2165.00
223.32	2174.36
223.69	2197.76
224.07	2275.00
224.44	2296.07
224.82	2183.72
225.19	2188.40
225.57	2167.34
225.94	2202.44
226.32	2225.85
226.69	2211.81
227.07	2265.64
227.44	2134.57
227.82	2174.36
228.19	2148.61
228.57	2146.27
228.94	2202.44
229.32	2136.91
229.69	2146.27
230.07	2129.89
230.44	2094.78
230.82	2249.25
231.19	2221.17
231.57	2085.42
231.94	2129.89
232.32	2275.00
232.69	2193.08
233.07	2150.95
233.44	2186.06
233.82	2186.06
234.19	2146.27
234.57	2202.44
234.94	2167.34
235.31	2106.48
235.69	2157.97
236.06	2174.36
236.44	2169.68
236.81	2153.29
237.19	2193.08
237.56	2289.04
237.93	2099.46
238.31	2186.06
238.68	2188.40
239.06	2202.44
239.43	2139.25
239.81	2183.72
240.18	2083.08
240.55	2153.29
240.93	2291.38
241.30	2218.83
241.67	2169.68
242.05	2195.42
242.42	2188.40
242.80	2139.25
243.17	2136.91
243.54	2200.10
243.92	2232.87
244.29	2120.53
244.66	2195.42
245.04	2216.49
245.41	2305.43
245.78	2181.38
246.16	2153.29
246.53	2242.23
246.90	2190.74
247.28	2211.81
247.65	2136.91
248.02	2085.42
248.40	2223.51
248.77	2179.04
249.14	2207.13
249.52	2244.57
249.89	2157.97
250.26	2172.02
250.64	2195.42
251.01	2368.62
251.38	2148.61
251.75	2157.97
252.13	2221.17
252.50	2195.42
252.87	2207.13
253.25	2172.02
253.62	2204.78
253.99	2179.04
254.36	2195.42
254.74	2232.87
255.11	2136.91
255.48	2087.76
255.85	2223.51
256.23	2148.61
256.60	2026.90
256.97	2160.31
257.34	2118.18
257.71	2181.38
258.09	2209.47
258.46	2223.51
258.83	2293.72
259.20	2235.21
259.58	2094.78
259.95	2146.27
260.32	2200.10
260.69	2202.44
261.06	2200.10
261.44	2143.93
261.81	2267.98
262.18	2258.62
262.55	2141.59
262.92	2183.72
263.29	2197.76
263.67	2169.68
264.04	2183.72
264.41	2120.53
264.78	2188.40
265.15	2237.55
265.52	2260.96
265.90	2188.40
266.27	2139.25
266.64	2176.70
267.01	2146.27
267.38	2223.51
267.75	2181.38
268.12	2143.93
268.50	2167.34
268.87	2197.76
269.24	2143.93
269.61	2202.44
269.98	2202.44
270.35	2172.02
270.72	2139.25
271.09	2155.63
271.46	2179.04
271.83	2174.36
272.21	2183.72
272.58	2200.10
272.95	2202.44
273.32	2181.38
273.69	2230.53
274.06	2127.55
274.43	2188.40
274.80	2239.89
275.17	2272.66
275.54	2370.96
275.91	2216.49
276.28	2237.55
276.65	2193.08
277.02	2223.51
277.39	2136.91
277.76	2204.78
278.13	2179.04
278.50	2202.44
278.87	2232.87
279.24	2258.62
279.61	2186.06
279.98	2279.68
280.35	2174.36
280.72	2195.42
281.09	2193.08
281.46	2181.38
281.83	2228.19
282.20	2174.36
282.57	2186.06
282.94	2183.72
283.31	2160.31
283.68	2225.85
284.05	2225.85
284.42	2139.25
284.79	2174.36
285.16	2237.55
285.53	2209.47
285.90	2157.97
286.27	2303.09
286.64	2080.74
287.01	2127.55
287.38	2179.04
287.75	3215.90
288.12	2230.53
288.49	2352.24
288.86	2155.63
289.23	2176.70
289.59	2153.29
289.96	2169.68
290.33	2221.17
290.70	2272.66
291.07	2200.10
291.44	2207.13
291.81	2153.29
292.18	2141.59
292.55	2209.47
292.91	2282.02
293.28	2223.51
293.65	2244.57
294.02	2232.87
294.39	2155.63
294.76	2246.91
295.13	2223.51
295.50	2167.34
295.86	2242.23
296.23	2155.63
296.60	2169.68
296.97	2157.97
297.34	2204.78
297.71	2228.19
298.07	2188.40
298.44	2167.34
298.81	2232.87
299.18	2204.78
299.55	2197.76
299.91	2129.89
300.28	2204.78
300.65	2176.70
301.02	2204.78
301.39	2228.19
301.75	2298.41
302.12	2237.55
302.49	2176.70
302.86	2260.96
303.23	2333.51
303.59	2232.87
303.96	2356.92
304.33	2242.23
304.70	2303.09
305.06	2183.72
305.43	2279.68
305.80	2167.34
306.17	2172.02
306.53	2108.82
306.90	2272.66
307.27	2190.74
307.64	2228.19
308.00	2165.00
308.37	2239.89
308.74	2228.19
309.11	2230.53
309.47	2122.87
309.84	2108.82
310.21	2244.57
310.57	2169.68
310.94	2174.36
311.31	2265.64
311.67	2239.89
312.04	2209.47
312.41	2298.41
312.77	2188.40
313.14	2188.40
313.51	2174.36
313.87	2207.13
314.24	2162.66
314.61	2232.87
314.97	2162.66
315.34	2193.08
315.71	2265.64
316.07	2253.94
316.44	2153.29
316.81	2202.44
317.17	2118.18
317.54	2338.20
317.91	2172.02
318.27	2141.59
318.64	2127.55
319.00	2174.36
319.37	2204.78
319.74	2244.57
320.10	2190.74
320.47	2132.23
320.83	2207.13
321.20	2167.34
321.57	2120.53
321.93	2127.55
322.30	2251.60
322.66	2204.78
323.03	2176.70
323.40	2265.64
323.76	2188.40
324.13	2279.68
324.49	2153.29
324.86	2349.90
325.22	2207.13
325.59	2251.60
325.95	2153.29
326.32	2244.57
326.68	2291.38
327.05	2181.38
327.42	2190.74
327.78	2225.85
328.15	2209.47
328.51	2265.64
328.88	2146.27
329.24	2253.94
329.61	2143.93
329.97	2300.75
330.34	2174.36
330.70	2193.08
331.07	2223.51
331.43	2169.68
331.80	2237.55
332.16	2296.07
332.52	2193.08
332.89	2204.78
333.25	2181.38
333.62	2282.02
333.98	2239.89
334.35	2080.74
334.71	2181.38
335.08	2193.08
335.44	2279.68
335.81	2286.70
336.17	2305.43
336.53	2165.00
336.90	2122.87
337.26	2139.25
337.63	2249.25
337.99	2179.04
338.36	2132.23
338.72	2237.55
339.08	2200.10
339.45	2179.04
339.81	2106.48
340.18	2157.97
340.54	2188.40
340.90	2188.40
341.27	2153.29
341.63	2207.13
341.99	2195.42
342.36	2275.00
342.72	2148.61
343.09	2249.25
343.45	2204.78
343.81	2228.19
344.18	2183.72
344.54	2204.78
344.90	2188.40
345.27	2270.32
345.63	2136.91
345.99	2230.53
346.36	2162.66
346.72	2162.66
347.08	2167.34
347.45	2193.08
347.81	2286.70
348.17	2235.21
348.54	2202.44
348.90	2232.87
349.26	2207.13
349.62	2258.62
349.99	2153.29
350.35	2183.72
350.71	2246.91
351.08	2232.87
351.44	2207.13
351.80	2235.21
352.16	2277.34
352.53	2165.00
352.89	2270.32
353.25	2242.23
353.61	2176.70
353.98	2160.31
354.34	2225.85
354.70	2162.66
355.06	2260.96
355.43	2162.66
355.79	2200.10
356.15	2181.38
356.51	2165.00
356.88	2176.70
357.24	2155.63
357.60	2165.00
357.96	2272.66
358.32	2356.92
358.69	2181.38
359.05	2197.76
359.41	2225.85
359.77	2120.53
360.13	2120.53
360.49	2132.23
360.86	2237.55
361.22	2251.60
361.58	2204.78
361.94	2237.55
362.30	2218.83
362.66	2263.30
363.03	2134.57
363.39	2195.42
363.75	2193.08
364.11	2253.94
364.47	2134.57
364.83	2188.40
365.19	2153.29
365.56	2183.72
365.92	2200.10
366.28	2188.40
366.64	2256.28
367.00	2193.08
367.36	2136.91
367.72	2188.40
368.08	2237.55
368.44	2193.08
368.80	2197.76
369.17	2193.08
369.53	2162.66
369.89	2221.17
370.25	2169.68
370.61	2153.29
370.97	2202.44
371.33	2272.66
371.69	2244.57
372.05	2232.87
372.41	2188.40
372.77	2169.68
373.13	2148.61
373.49	2209.47
373.85	2279.68
374.21	2120.53
374.57	2172.02
374.93	2200.10
375.29	2244.57
375.65	2167.34
376.01	2209.47
376.37	2296.07
376.73	2249.25
377.09	2218.83
377.45	2218.83
377.81	2197.76
378.17	2188.40
378.53	2146.27
378.89	2155.63
379.25	2286.70
379.61	2307.77
379.97	2232.87
380.33	2165.00
380.69	2221.17
381.05	2202.44
381.41	2195.42
381.77	2153.29
382.13	2193.08
382.49	2361.60
382.85	2197.76
383.21	2218.83
383.57	2188.40
383.93	2211.81
384.28	2132.23
384.64	2214.15
385.00	2202.44
385.36	2293.72
385.72	2188.40
386.08	2148.61
386.44	2237.55
386.80	2244.57
387.16	2272.66
387.52	2223.51
387.87	2354.58
388.23	2174.36
388.59	2148.61
388.95	2204.78
389.31	2223.51
389.67	2228.19
390.03	2183.72
390.38	2157.97
390.74	2129.89
391.10	2303.09
391.46	2235.21
391.82	2207.13
392.18	2242.23
392.54	2218.83
392.89	2193.08
393.25	2186.06
393.61	2218.83
393.97	2111.16
394.33	2127.55
394.68	2146.27
395.04	2153.29
395.40	2197.76
395.76	2237.55
396.12	2179.04
396.47	2155.63
396.83	2221.17
397.19	2139.25
397.55	2188.40
397.90	2223.51
398.26	2193.08
398.62	2132.23
398.98	2153.29
399.33	2153.29
399.69	2490.33
400.05	2235.21
400.41	2204.78
400.76	2207.13
401.12	2239.89
401.48	2239.89
401.84	2167.34
402.19	2223.51
402.55	2172.02
402.91	2188.40
403.26	2160.31
403.62	2218.83
403.98	2214.15
404.34	2169.68
404.69	2218.83
405.05	2200.10
405.41	2244.57
405.76	2157.97
406.12	2214.15
406.48	2193.08
406.83	2122.87
407.19	2228.19
407.55	2167.34
407.90	2251.60
408.26	2160.31
408.62	2223.51
408.97	2150.95
409.33	2195.42
409.68	2153.29
410.04	2223.51
410.40	2190.74
410.75	2275.00
411.11	2200.10
411.47	2165.00
411.82	2115.84
412.18	2165.00
412.53	2136.91
412.89	2197.76
413.25	2146.27
413.60	2244.57
413.96	2150.95
414.31	2150.95
414.67	2162.66
415.03	2188.40
415.38	2167.34
415.74	2162.66
416.09	2157.97
416.45	2258.62
416.80	2125.21
417.16	2256.28
417.51	2179.04
417.87	2181.38
418.23	2207.13
418.58	2221.17
418.94	2150.95
419.29	2181.38
419.65	2165.00
420.00	2218.83
420.36	2221.17
420.71	2214.15
421.07	2146.27
421.42	2207.13
421.78	2211.81
422.13	2207.13
422.49	2176.70
422.84	2193.08
423.20	2153.29
423.55	2165.00
423.91	2209.47
424.26	2326.49
424.61	2249.25
424.97	2235.21
425.32	2132.23
425.68	2146.27
426.03	2223.51
426.39	2225.85
426.74	2204.78
427.10	2214.15
427.45	2136.91
427.80	2167.34
428.16	2181.38
428.51	2195.42
428.87	2237.55
429.22	2291.38
429.58	2204.78
429.93	2169.68
430.28	2134.57
430.64	2165.00
430.99	2214.15
431.35	2176.70
431.70	2190.74
432.05	2169.68
432.41	2211.81
432.76	2176.70
433.11	2237.55
433.47	2174.36
433.82	2265.64
434.17	2202.44
434.53	2223.51
434.88	2324.15
435.24	2197.76
435.59	2193.08
435.94	2235.21
436.30	2204.78
436.65	2169.68
437.00	2260.96
437.35	2305.43
437.71	2279.68
438.06	2223.51
438.41	2195.42
438.77	2200.10
439.12	2122.87
439.47	2143.93
439.83	2153.29
440.18	2129.89
440.53	2188.40
440.88	2307.77
441.24	2230.53
441.59	2141.59
441.94	2134.57
442.30	2157.97
442.65	2284.36
443.00	2207.13
443.35	2251.60
443.71	2160.31
444.06	2218.83
444.41	2160.31
444.76	2200.10
445.11	2157.97
445.47	2237.55
445.82	2230.53
446.17	2223.51
446.52	2225.85
446.88	2237.55
447.23	2263.30
447.58	2221.17
447.93	2200.10
448.28	2513.74
448.63	2272.66
448.99	2186.06
449.34	2267.98
449.69	2225.85
450.04	2204.78
450.39	2223.51
450.74	2167.34
451.10	2211.81
451.45	2157.97
451.80	2214.15
452.15	2172.02
452.50	2176.70
452.85	2263.30
453.21	2223.51
453.56	2246.91
453.91	2277.34
454.26	2260.96
454.61	2209.47
454.96	2153.29
455.31	2122.87
455.66	2090.10
456.01	2181.38
456.36	2160.31
456.72	2150.95
457.07	2186.06
457.42	2165.00
457.77	2193.08
458.12	2232.87
458.47	2209.47
458.82	2186.06
459.17	2183.72
459.52	2174.36
459.87	2612.04
460.22	2258.62
460.57	2228.19
460.92	2216.49
461.27	2225.85
461.62	2197.76
461.97	2165.00
462.32	2277.34
462.67	2237.55
463.02	2293.72
463.38	2340.54
463.73	2286.70
464.08	2249.25
464.43	2310.11
464.78	2132.23
465.12	2207.13
465.47	2244.57
465.82	2539.48
466.17	2209.47
466.52	2176.70
466.87	2157.97
467.22	2115.84
467.57	2160.31
467.92	2258.62
468.27	2237.55
468.62	2354.58
468.97	2225.85
469.32	2195.42
469.67	2366.28
470.02	2328.83
470.37	2167.34
470.72	2172.02
471.07	2172.02
471.42	2172.02
471.76	2209.47
472.11	2176.70
472.46	2122.87
472.81	2272.66
473.16	2183.72
473.51	2179.04
473.86	2195.42
474.21	2153.29
474.56	2251.60
474.90	2118.18
475.25	2265.64
475.60	2289.04
475.95	2136.91
476.30	2293.72
476.65	2235.21
477.00	2366.28
477.34	2312.45
477.69	2202.44
478.04	2267.98
478.39	2129.89
478.74	2139.25
479.09	2132.23
479.43	2455.22
479.78	2160.31
480.13	2307.77
480.48	2307.77
480.83	2176.70
481.17	2183.72
481.52	2209.47
481.87	2256.28
482.22	2256.28
482.57	2120.53
482.91	2230.53
483.26	2183.72
483.61	2202.44
483.96	2183.72
484.30	4025.72
484.65	2216.49
485.00	2165.00
485.35	2225.85
485.69	2225.85
486.04	2235.21
486.39	2195.42
486.74	2207.13
487.08	2176.70
487.43	2256.28
487.78	2134.57
488.12	2157.97
488.47	2162.66
488.82	2214.15
489.17	2179.04
489.51	2235.21
489.86	2190.74
490.21	2282.02
490.55	2190.74
490.90	2200.10
491.25	2139.25
491.59	2146.27
491.94	2218.83
492.29	2216.49
492.63	2221.17
492.98	2148.61
493.33	2183.72
493.67	2169.68
494.02	2162.66
494.37	2062.01
494.71	2228.19
495.06	2197.76
495.40	2204.78
495.75	2155.63
496.10	2267.98
496.44	2244.57
496.79	2275.00
497.13	2176.70
497.48	2375.64
497.83	2211.81
498.17	2260.96
498.52	2136.91
498.86	2209.47
499.21	2022.22
499.56	2155.63
499.90	2190.74
500.25	2193.08
500.59	2188.40
500.94	2207.13
501.28	2207.13
501.63	2272.66
501.97	2267.98
502.32	2101.80
502.67	2204.78
503.01	2167.34
503.36	2078.40
503.70	2085.42
504.05	2246.91
504.39	2246.91
504.74	2204.78
505.08	2211.81
505.43	2143.93
505.77	2118.18
506.12	2197.76
506.46	2153.29
506.81	2197.76
507.15	2211.81
507.49	2136.91
507.84	2190.74
508.18	2179.04
508.53	2139.25
508.87	2160.31
509.22	2202.44
509.56	13235.73
509.91	2696.30
510.25	2153.29
510.60	2148.61
510.94	2263.30
511.28	2162.66
511.63	2263.30
511.97	2239.89
512.32	2228.19
512.66	2143.93
513.00	2174.36
513.35	2223.51
513.69	2122.87
514.04	2211.81
514.38	2160.31
514.72	2197.76
515.07	2190.74
515.41	2139.25
515.76	2132.23
516.10	2242.23
516.44	2204.78
516.79	2216.49
517.13	2172.02
517.47	2195.42
517.82	2209.47
518.16	2172.02
518.50	2204.78
518.85	2258.62
519.19	2303.09
519.53	2244.57
519.88	2239.89
520.22	2139.25
520.56	2146.27
520.91	2179.04
521.25	2139.25
521.59	2127.55
521.93	2209.47
522.28	2230.53
522.62	2200.10
522.96	2246.91
523.31	2155.63
523.65	2263.30
523.99	2221.17
524.33	2221.17
524.68	2179.04
525.02	2193.08
525.36	2120.53
525.70	2202.44
526.05	2155.63
526.39	2134.57
526.73	2221.17
527.07	2209.47
527.41	2230.53
527.76	2150.95
528.10	2179.04
528.44	2160.31
528.78	2202.44
529.12	2221.17
529.47	2186.06
529.81	2223.51
530.15	2228.19
530.49	2155.63
530.83	2183.72
531.18	2064.35
531.52	2228.19
531.86	2155.63
532.20	2193.08
532.54	2230.53
532.88	2157.97
533.22	2113.50
533.57	2165.00
533.91	2310.11
534.25	2230.53
534.59	2237.55
534.93	2237.55
535.27	2225.85
535.61	2223.51
535.95	2235.21
536.30	2179.04
536.64	2225.85
536.98	2153.29
537.32	2195.42
537.66	2181.38
538.00	2186.06
538.34	2214.15
538.68	2207.13
539.02	2265.64
539.36	2118.18
539.70	2148.61
540.04	2246.91
540.39	2373.30
540.73	2141.59
541.07	2239.89
541.41	2228.19
541.75	2244.57
542.09	2228.19
542.43	2251.60
542.77	2188.40
543.11	2188.40
543.45	2214.15
543.79	2221.17
544.13	2200.10
544.47	2204.78
544.81	2209.47
545.15	2298.41
545.49	2150.95
545.83	2183.72
546.17	2195.42
546.51	2141.59
546.85	2214.15
547.19	2275.00
547.53	2155.63
547.87	2214.15
548.21	2246.91
548.54	2256.28
548.88	2188.40
549.22	2127.55
549.56	2162.66
549.90	2197.76
550.24	2127.55
550.58	2223.51
550.92	2258.62
551.26	2150.95
551.60	2251.60
551.94	2174.36
552.28	2181.38
552.61	2141.59
552.95	2218.83
553.29	2172.02
553.63	2202.44
553.97	2230.53
554.31	2260.96
554.65	2263.30
554.99	2282.02
555.32	2155.63
555.66	2183.72
556.00	2115.84
556.34	2228.19
556.68	2143.93
557.02	2267.98
557.36	2174.36
557.69	2127.55
558.03	2169.68
558.37	2328.83
558.71	2225.85
559.05	2193.08
559.38	2239.89
559.72	2120.53
560.06	2181.38
560.40	2181.38
560.74	2286.70
561.07	2216.49
561.41	2209.47
561.75	2244.57
562.09	2253.94
562.42	2282.02
562.76	2242.23
563.10	2225.85
563.44	2457.56
563.77	2162.66
564.11	2190.74
564.45	2246.91
564.79	2246.91
565.12	2125.21
565.46	2150.95
565.80	2132.23
566.14	2150.95
566.47	2244.57
566.81	2132.23
567.15	2115.84
567.48	2115.84
567.82	2200.10
568.16	2167.34
568.49	2129.89
568.83	2146.27
569.17	2263.30
569.50	2183.72
569.84	2223.51
570.18	2256.28
570.51	2277.34
570.85	2190.74
571.19	2150.95
571.52	2176.70
571.86	2132.23
572.20	2165.00
572.53	2249.25
572.87	2129.89
573.21	2148.61
573.54	2176.70
573.88	2230.53
574.21	2267.98
574.55	2204.78
574.89	2223.51
575.22	2186.06
575.56	2235.21
575.89	2179.04
576.23	2209.47
576.57	2228.19
576.90	2204.78
577.24	2242.23
577.57	2157.97
577.91	2193.08
578.24	2122.87
578.58	2204.78
578.91	2214.15
579.25	2186.06
579.59	2197.76
579.92	2195.42
580.26	2143.93
580.59	2232.87
580.93	2223.51
581.26	2186.06
581.60	2195.42
581.93	2211.81
582.27	2279.68
582.60	2204.78
582.94	2246.91
583.27	2153.29
583.61	2179.04
583.94	2251.60
584.28	2040.95
584.61	2197.76
584.94	2141.59
585.28	2195.42
585.61	2228.19
585.95	2221.17
586.28	2279.68
586.62	2321.81
586.95	2218.83
587.29	2286.70
587.62	2282.02
587.95	2200.10
588.29	2183.72
588.62	2225.85
588.96	2221.17
589.29	2129.89
589.62	2090.10
589.96	2118.18
590.29	2209.47
590.63	2141.59
590.96	2125.21
591.29	2188.40
591.63	2174.36
591.96	2146.27
592.29	2115.84
592.63	2169.68
592.96	2186.06
593.30	2300.75
593.63	2183.72
593.96	2127.55
594.30	2162.66
594.63	2139.25
594.96	2260.96
595.30	2277.34
595.63	2230.53
595.96	2127.55
596.29	2200.10
596.63	2129.89
596.96	2216.49
597.29	2221.17
597.63	2169.68
597.96	2216.49
598.29	2228.19
598.63	2289.04
598.96	2179.04
599.29	2200.10
599.62	2251.60
599.96	2207.13
600.29	2186.06
600.62	2186.06
600.95	2356.92
601.29	2214.15
601.62	2204.78
601.95	2176.70
602.28	2214.15
602.61	2846.09
602.95	2129.89
603.28	2148.61
603.61	2181.38
603.94	2214.15
604.27	2141.59
604.61	2228.19
604.94	2200.10
605.27	2165.00
605.60	2190.74
605.93	2172.02
606.27	2146.27
606.60	2146.27
606.93	2183.72
607.26	2211.81
607.59	2197.76
607.92	2258.62
608.26	2174.36
608.59	2165.00
608.92	2155.63
609.25	2190.74
609.58	2183.72
609.91	2244.57
610.24	2239.89
610.57	2230.53
610.90	2324.15
611.24	2193.08
611.57	2172.02
611.90	2267.98
612.23	2197.76
612.56	2207.13
612.89	2239.89
613.22	2165.00
613.55	2108.82
613.88	2275.00
614.21	2125.21
614.54	2183.72
614.87	2179.04
615.20	2183.72
615.53	2183.72
615.87	2207.13
616.20	2183.72
616.53	2228.19
616.86	2211.81
617.19	2169.68
617.52	2228.19
617.85	2183.72
618.18	2216.49
618.51	2165.00
618.84	2200.10
619.17	2183.72
619.50	2282.02
619.83	2167.34
620.16	2165.00
620.49	2160.31
620.82	2291.38
621.14	2228.19
621.47	2162.66
621.80	2249.25
622.13	2129.89
622.46	2293.72
622.79	2202.44
623.12	2165.00
623.45	2183.72
623.78	2265.64
624.11	2197.76
624.44	2197.76
624.77	2127.55
625.10	2146.27
625.43	2249.25
625.75	2134.57
626.08	2228.19
626.41	2188.40
626.74	2253.94
627.07	2235.21
627.40	2277.34
627.73	2146.27
628.06	2134.57
628.38	2134.57
628.71	2214.15
629.04	2235.21
629.37	2197.76
629.70	2221.17
630.03	2183.72
630.36	2289.04
630.68	2218.83
631.01	2228.19
631.34	2310.11
631.67	2207.13
632.00	2143.93
632.32	2235.21
632.65	2272.66
632.98	2125.21
633.31	2143.93
633.64	2272.66
633.96	2111.16
634.29	2223.51
634.62	2179.04
634.95	2197.76
635.27	2195.42
635.60	2246.91
635.93	2260.96
636.26	2195.42
636.58	2186.06
636.91	2195.42
637.24	2122.87
637.57	2237.55
637.89	2172.02
638.22	2181.38
638.55	2181.38
638.87	2279.68
639.20	2211.81
639.53	2146.27
639.86	2118.18
640.18	2090.10
640.51	2120.53
640.84	2174.36
641.16	2188.40
641.49	2132.23
641.82	2193.08
642.14	2209.47
642.47	2314.79
642.80	2176.70
643.12	2265.64
643.45	2202.44
643.78	2216.49
644.10	2108.82
644.43	2209.47
644.75	2282.02
645.08	2141.59
645.41	2186.06
645.73	2136.91
646.06	2319.47
646.39	2162.66
646.71	2190.74
647.04	2176.70
647.36	2146.27
647.69	2260.96
648.01	2183.72
648.34	2141.59
648.67	2275.00
648.99	2277.34
649.32	2129.89
649.64	2235.21
649.97	2064.35
650.29	2127.55
650.62	2277.34
650.94	2181.38
651.27	2284.36
651.59	2172.02
651.92	2155.63
652.25	2207.13
652.57	2141.59
652.90	2160.31
653.22	2230.53
653.55	2169.68
653.87	2200.10
654.20	2200.10
654.52	2228.19
654.84	2169.68
655.17	2223.51
655.49	2272.66
655.82	2104.14
656.14	2193.08
656.47	2246.91
656.79	2223.51
657.12	2157.97
657.44	2195.42
657.77	2235.21
658.09	2113.50
658.41	2181.38
658.74	2218.83
659.06	2125.21
659.39	2111.16
659.71	2176.70
660.03	2150.95
660.36	2104.14
660.68	2249.25
661.01	2260.96
661.33	2256.28
661.65	2186.06
661.98	2260.96
662.30	2300.75
662.63	2242.23
662.95	2174.36
663.27	2176.70
663.60	2167.34
663.92	2190.74
664.24	2176.70
664.57	2104.14
664.89	2153.29
665.21	2134.57
665.54	2253.94
665.86	2167.34
666.18	2242.23
666.51	2207.13
666.83	2160.31
667.15	2354.58
667.47	2209.47
667.80	2204.78
668.12	2153.29
668.44	2204.78
668.77	2204.78
669.09	2230.53
669.41	2204.78
669.73	2202.44
670.06	2195.42
670.38	2115.84
670.70	2202.44
671.02	2172.02
671.35	2221.17
671.67	2218.83
671.99	2146.27
672.31	2235.21
672.63	2155.63
672.96	2319.47
673.28	2141.59
673.60	2221.17
673.92	2190.74
674.24	2146.27
674.57	2139.25
674.89	2209.47
675.21	2160.31
675.53	2225.85
675.85	2174.36
676.17	2209.47
676.50	2165.00
676.82	2242.23
677.14	2223.51
677.46	2319.47
677.78	2108.82
678.10	2282.02
678.42	2162.66
678.75	2172.02
679.07	2162.66
679.39	2169.68
679.71	2209.47
680.03	2188.40
680.35	2202.44
680.67	2165.00
680.99	2195.42
681.31	2169.68
681.63	2186.06
681.96	2296.07
682.28	2356.92
682.60	2293.72
682.92	2228.19
683.24	2195.42
683.56	2160.31
683.88	2129.89
684.20	2188.40
684.52	2179.04
684.84	2204.78
685.16	2143.93
685.48	2223.51
685.80	2134.57
686.12	2214.15
686.44	2260.96
686.76	2230.53
687.08	2129.89
687.40	2197.76
687.72	2237.55
688.04	2200.10
688.36	2328.83
688.68	2242.23
689.00	2232.87
689.32	2118.18
689.64	2113.50
689.96	2153.29
690.28	2265.64
690.60	2270.32
690.92	2235.21
691.24	2115.84
691.56	2155.63
691.88	2146.27
692.19	2148.61
692.51	2200.10
692.83	2253.94
693.15	2235.21
693.47	2202.44
693.79	2200.10
694.11	2258.62
694.43	2190.74
694.75	2181.38
695.06	2197.76
695.38	2267.98
695.70	2216.49
696.02	2235.21
696.34	2132.23
696.66	2125.21
696.98	2197.76
697.29	2228.19
697.61	2265.64
697.93	2298.41
698.25	2670.55
698.57	2214.15
698.89	2160.31
699.20	2122.87
699.52	2246.91
699.84	2104.14
700.16	2200.10
700.48	2228.19
700.79	2195.42
701.11	2263.30
701.43	2256.28
701.75	2155.63
702.07	2207.13
702.38	2246.91
702.70	2139.25
703.02	2202.44
703.34	2282.02
703.65	2214.15
703.97	2221.17
704.29	2129.89
704.61	2193.08
704.92	2218.83
705.24	2143.93
705.56	2179.04
705.87	2218.83
706.19	2169.68
706.51	2141.59
706.82	2155.63
707.14	2167.34
707.46	2174.36
707.78	2134.57
708.09	2157.97
708.41	2193.08
708.73	2129.89
709.04	2230.53
709.36	2193.08
709.68	2195.42
709.99	2263.30
710.31	2186.06
710.62	2202.44
710.94	2202.44
711.26	2190.74
711.57	2214.15
711.89	2134.57
712.21	2300.75
712.52	2150.95
712.84	2249.25
713.15	2242.23
713.47	2267.98
713.79	2153.29
714.10	2228.19
714.42	2113.50
714.73	2303.09
715.05	2090.10
715.36	2202.44
715.68	2141.59
715.99	2092.44
716.31	2202.44
716.63	2230.53
716.94	2179.04
717.26	2429.48
717.57	2214.15
717.89	2282.02
718.20	2169.68
718.52	2214.15
718.83	2162.66
719.15	2289.04
719.46	2331.17
719.78	2200.10
720.09	2246.91
720.41	2169.68
720.72	2162.66
721.04	2179.04
721.35	2188.40
721.67	2239.89
721.98	2134.57
722.29	2179.04
722.61	2064.35
722.92	2195.42
723.24	2211.81
723.55	2207.13
723.87	2162.66
724.18	2214.15
724.50	2223.51
724.81	2211.81
725.12	2218.83
725.44	2183.72
725.75	2176.70
726.07	2256.28
726.38	2216.49
726.69	2146.27
727.01	2253.94
727.32	2195.42
727.63	2174.36
727.95	2251.60
728.26	2230.53
728.58	2265.64
728.89	2176.70
729.20	2155.63
729.52	2148.61
729.83	2282.02
730.14	2310.11
730.46	2209.47
730.77	2197.76
731.08	2176.70
731.39	2143.93
731.71	2172.02
732.02	2160.31
732.33	2214.15
732.65	2195.42
732.96	2305.43
733.27	2253.94
733.59	2270.32
733.90	2242.23
734.21	2172.02
734.52	2239.89
734.84	2377.98
735.15	2167.34
735.46	2209.47
735.77	2239.89
736.09	2211.81
736.40	2235.21
736.71	2200.10
737.02	2132.23
737.33	2122.87
737.65	2230.53
737.96	2190.74
738.27	2165.00
738.58	2326.49
738.89	2181.38
739.21	2216.49
739.52	2132.23
739.83	2244.57
740.14	2181.38
740.45	2249.25
740.76	2157.97
741.08	2176.70
741.39	2157.97
741.70	2122.87
742.01	2225.85
742.32	2218.83
742.63	2134.57
742.94	2223.51
743.26	2260.96
743.57	2218.83
743.88	2207.13
744.19	2221.17
744.50	2115.84
744.81	2232.87
745.12	2169.68
745.43	2083.08
745.74	2267.98
746.05	2310.11
746.36	2125.21
746.67	2307.77
746.99	2195.42
747.30	2216.49
747.61	2143.93
747.92	2188.40
748.23	2223.51
748.54	2284.36
748.85	2190.74
749.16	2253.94
749.47	2167.34
749.78	2218.83
750.09	2197.76
750.40	2193.08
750.71	2181.38
751.02	2186.06
751.33	2146.27
751.64	2200.10
751.95	2169.68
752.26	2207.13
752.57	2242.23
752.88	2183.72
753.19	2244.57
753.50	2232.87
753.81	2209.47
754.11	2195.42
754.42	2310.11
754.73	2256.28
755.04	2275.00
755.35	2165.00
755.66	2251.60
755.97	2181.38
756.28	2141.59
756.59	2221.17
756.90	2352.24
757.21	2204.78
757.52	2286.70
757.82	2265.64
758.13	2239.89
758.44	2230.53
758.75	2172.02
759.06	2104.14
759.37	2169.68
759.68	2122.87
759.98	2136.91
760.29	2211.81
760.60	2218.83
760.91	2200.10
761.22	2209.47
761.53	2155.63
761.83	2169.68
762.14	2160.31
762.45	2169.68
762.76	2193.08
763.07	2235.21
763.37	2270.32
763.68	2275.00
763.99	2331.17
764.30	2258.62
764.60	2200.10
764.91	2260.96
765.22	2202.44
765.53	2249.25
765.84	2188.40
766.14	2141.59
766.45	2204.78
766.76	2235.21
767.06	2188.40
767.37	2186.06
767.68	2190.74
767.99	2172.02
768.29	2106.48
768.60	2214.15
768.91	2214.15
769.21	2291.38
769.52	2188.40
769.83	2165.00
770.13	2162.66
770.44	2143.93
770.75	2214.15
771.05	2242.23
771.36	2211.81
771.67	2179.04
771.97	2146.27
772.28	2190.74
772.59	2143.93
772.89	2197.76
773.20	2167.34
773.51	2230.53
773.81	2267.98
774.12	2258.62
774.42	2232.87
774.73	2167.34
775.04	2207.13
775.34	2328.83
775.65	2179.04
775.95	2307.77
776.26	2218.83
776.56	2204.78
776.87	2223.51
777.18	5135.14
777.48	2363.94
777.79	2188.40
778.09	2237.55
778.40	2200.10
778.70	2129.89
779.01	2228.19
779.31	2167.34
779.62	2179.04
779.92	2253.94
780.23	2172.02
780.53	2197.76
780.84	2157.97
781.14	2195.42
781.45	2214.15
781.75	2216.49
782.06	2209.47
782.36	2237.55
782.67	2143.93
782.97	2195.42
783.28	2293.72
783.58	2127.55
783.89	2141.59
784.19	2193.08
784.49	2303.09
784.80	2169.68
785.10	2263.30
785.41	2200.10
785.71	2230.53
786.02	2263.30
786.32	2349.90
786.62	2260.96
786.93	2216.49
787.23	2136.91
787.54	2172.02
787.84	2338.20
788.14	2218.83
788.45	2237.55
788.75	2179.04
789.05	2104.14
789.36	2204.78
789.66	2207.13
789.96	2193.08
790.27	2190.74
790.57	2256.28
790.87	2209.47
791.18	2181.38
791.48	2136.91
791.78	2197.76
792.09	2230.53
792.39	2160.31
792.69	2221.17
793.00	2239.89
793.30	2129.89
793.60	2193.08
793.90	2143.93
794.21	2197.76
794.51	2361.60
794.81	2293.72
795.11	2136.91
795.42	2202.44
795.72	2289.04
796.02	2263.30
796.32	2239.89
796.63	2235.21
796.93	2272.66
797.23	2270.32
797.53	2246.91
797.84	2174.36
798.14	2143.93
798.44	2242.23
798.74	2200.10
799.04	2235.21
799.34	2141.59
799.65	2380.32
799.95	2246.91
800.25	2305.43
800.55	2153.29
800.85	2190.74
801.15	2211.81
801.46	2118.18
801.76	2422.45
802.06	2221.17
802.36	2169.68
802.66	2169.68
802.96	2239.89
803.26	2284.36
803.56	2342.88
803.87	2354.58
804.17	2186.06
804.47	2291.38
804.77	2282.02
805.07	2197.76
805.37	2256.28
805.67	2251.60
805.97	2181.38
806.27	2134.57
806.57	2270.32
806.87	2225.85
807.17	2172.02
807.47	2258.62
807.77	2286.70
808.07	2190.74
808.37	2176.70
808.67	2193.08
808.98	2319.47
809.28	2174.36
809.58	2277.34
809.88	2289.04
810.18	2310.11
810.47	2167.34
810.77	2141.59
811.07	2197.76
811.37	2228.19
811.67	2209.47
811.97	2157.97
812.27	2153.29
812.57	2129.89
812.87	2136.91
813.17	2193.08
813.47	2186.06
813.77	2174.36
814.07	2195.42
814.37	2235.21
814.67	2202.44
814.97	2195.42
815.27	2118.18
815.56	2176.70
815.86	2232.87
816.16	2127.55
816.46	2115.84
816.76	2169.68
817.06	2223.51
817.36	2349.90
817.66	2230.53
817.95	2113.50
818.25	2214.15
818.55	2228.19
818.85	2183.72
819.15	2160.31
819.45	2270.32
819.75	2237.55
820.04	2239.89
820.34	2296.07
820.64	2186.06
820.94	2218.83
821.24	2342.88
821.53	2258.62
821.83	2160.31
822.13	2139.25
822.43	2155.63
822.72	2174.36
823.02	2150.95
823.32	2162.66
823.62	2186.06
823.91	2342.88
824.21	2160.31
824.51	2162.66
824.81	2225.85
825.10	2097.12
825.40	2197.76
825.70	2209.47
826.00	2244.57
826.29	2153.29
826.59	2197.76
826.89	2195.42
827.18	2253.94
827.48	2162.66
827.78	2118.18
828.07	2260.96
828.37	2260.96
828.67	2223.51
828.96	2183.72
829.26	2169.68
829.56	2303.09
829.85	2246.91
830.15	2167.34
830.45	2113.50
830.74	2298.41
831.04	2197.76
831.34	2272.66
831.63	2335.85
831.93	2242.23
832.22	2157.97
832.52	2176.70
832.82	2083.08
833.11	2139.25
833.41	2200.10
833.70	2148.61
834.00	2204.78
834.29	2157.97
834.59	2181.38
834.89	2225.85
835.18	2242.23
835.48	2289.04
835.77	2246.91
836.07	2225.85
836.36	2218.83
836.66	2200.10
836.95	2167.34
837.25	2169.68
837.54	2200.10
837.84	2202.44
838.13	2146.27
838.43	2209.47
838.72	2228.19
839.02	2258.62
839.31	2155.63
839.61	2202.44
839.90	2188.40
840.20	2108.82
840.49	2155.63
840.78	2235.21
841.08	2179.04
841.37	2125.21
841.67	2146.27
841.96	2207.13
842.26	2232.87
842.55	2143.93
842.84	2122.87
843.14	2165.00
843.43	2162.66
843.73	2251.60
844.02	2193.08
844.31	2195.42
844.61	2160.31
844.90	2183.72
845.20	2172.02
845.49	2127.55
845.78	2218.83
846.08	2153.29
846.37	2132.23
846.66	2193.08
846.96	2211.81
847.25	2211.81
847.54	2141.59
847.84	2162.66
848.13	2179.04
848.42	2221.17
848.72	2216.49
849.01	2265.64
849.30	2127.55
849.59	2204.78
849.89	2155.63
850.18	2200.10
850.47	2136.91
850.76	2282.02
851.06	2256.28
851.35	2230.53
851.64	2235.21
851.93	2160.31
852.23	2349.90
852.52	2136.91
852.81	2169.68
853.10	2190.74
853.40	2172.02
853.69	2160.31
853.98	2197.76
854.27	2218.83
854.56	2113.50
854.86	2253.94
855.15	2186.06
855.44	2176.70
855.73	2174.36
856.02	2134.57
856.31	2209.47
856.61	2190.74
856.90	2186.06
857.19	2160.31
857.48	2165.00
857.77	2211.81
858.06	2118.18
858.35	2167.34
858.65	2265.64
858.94	2216.49
859.23	2193.08
859.52	2146.27
859.81	2275.00
860.10	2155.63
860.39	2251.60
860.68	2193.08
860.97	2146.27
861.26	2127.55
861.55	2272.66
861.85	2190.74
862.14	2207.13
862.43	2235.21
862.72	2207.13
863.01	2172.02
863.30	2150.95
863.59	2176.70
863.88	2172.02
864.17	2157.97
864.46	2150.95
864.75	2289.04
865.04	2246.91
865.33	2160.31
865.62	2214.15
865.91	2181.38
866.20	2186.06
866.49	2136.91
866.78	2176.70
867.07	2134.57
867.36	2174.36
867.65	2195.42
867.93	2216.49
868.22	2143.93
868.51	2225.85
868.80	2193.08
869.09	2214.15
869.38	2176.70
869.67	2296.07
869.96	2296.07
870.25	2296.07
