178.76	1736.68
179.14	1736.68
179.52	1736.68
179.90	1680.50
180.28	1879.45
180.66	1783.49
181.04	1811.57
181.42	1797.53
181.80	1741.36
182.18	1942.64
182.55	1760.08
182.93	1839.66
183.31	1842.00
183.69	1916.90
184.07	1923.92
184.45	1902.86
184.83	1975.41
185.21	1858.39
185.59	1942.64
185.97	2106.48
186.35	2033.93
186.72	2080.74
187.10	1998.82
187.48	2069.03
187.86	2038.61
188.24	2146.27
188.62	2099.46
189.00	2069.03
189.38	2099.46
189.75	2157.97
190.13	2057.33
190.51	2062.01
190.89	2230.53
191.27	2328.83
191.65	2134.57
192.03	2139.25
192.40	2183.72
192.78	2150.95
193.16	2186.06
193.54	2249.25
193.92	2232.87
194.30	2136.91
194.67	2232.87
195.05	2167.34
195.43	2169.68
195.81	2209.47
196.19	2253.94
196.56	2167.34
196.94	2172.02
197.32	2176.70
197.70	2090.10
198.08	2148.61
198.45	2204.78
198.83	2136.91
199.21	2139.25
199.59	2230.53
199.97	2143.93
200.34	2186.06
200.72	2244.57
201.10	2186.06
201.48	2193.08
201.85	2108.82
202.23	2115.84
202.61	2157.97
202.99	2298.41
203.36	2099.46
203.74	2150.95
204.12	2169.68
204.49	2106.48
204.87	2190.74
205.25	2108.82
205.63	2125.21
206.00	2092.44
206.38	2169.68
206.76	2165.00
207.14	2118.18
207.51	2118.18
207.89	2176.70
208.27	2134.57
208.64	2174.36
209.02	2141.59
209.40	2169.68
209.77	2092.44
210.15	2207.13
210.53	2076.06
210.90	2157.97
211.28	2120.53
211.66	2237.55
212.03	2162.66
212.41	2069.03
212.79	2153.29
213.16	2111.16
213.54	2150.95
213.92	2136.91
214.29	2132.23
214.67	2160.31
215.05	2172.02
215.42	2186.06
215.80	2150.95
216.17	2157.97
216.55	2125.21
216.93	2090.10
217.30	2200.10
217.68	2167.34
218.05	2120.53
218.43	2090.10
218.81	2202.44
219.18	2165.00
219.56	2162.66
219.93	2120.53
220.31	2197.76
220.69	2132.23
221.06	2090.10
221.44	2150.95
221.81	2120.53
222.19	2143.93
222.56	2125.21
222.94	2080.74
223.32	2172.02
223.69	2172.02
224.07	2174.36
224.44	2197.76
224.82	2141.59
225.19	2150.95
225.57	2179.04
225.94	2066.69
226.32	2148.61
226.69	2228.19
227.07	2260.96
227.44	2111.16
227.82	2200.10
228.19	2139.25
228.57	2094.78
228.94	2195.42
229.32	2139.25
229.69	2202.44
230.07	2190.74
230.44	2153.29
230.82	2214.15
231.19	2232.87
231.57	2165.00
231.94	2183.72
232.32	2249.25
232.69	2176.70
233.07	2139.25
233.44	2047.97
233.82	2127.55
234.19	2127.55
234.57	2228.19
234.94	2176.70
235.31	2172.02
235.69	2165.00
236.06	2155.63
236.44	2193.08
236.81	2115.84
237.19	2169.68
237.56	2221.17
237.93	2150.95
238.31	2207.13
238.68	2216.49
239.06	2214.15
239.43	2188.40
239.81	2134.57
240.18	2167.34
240.55	2167.34
240.93	2251.60
241.30	2176.70
241.67	2197.76
242.05	2167.34
242.42	2167.34
242.80	2139.25
243.17	2129.89
243.54	2237.55
243.92	2143.93
244.29	2148.61
244.66	2153.29
245.04	2200.10
245.41	2300.75
245.78	2146.27
246.16	2204.78
246.53	2183.72
246.90	2197.76
247.28	2218.83
247.65	2146.27
248.02	2204.78
248.40	2258.62
248.77	2172.02
249.14	2150.95
249.52	2165.00
249.89	2153.29
250.26	2183.72
250.64	2183.72
251.01	2321.81
251.38	2174.36
251.75	2150.95
252.13	2150.95
252.50	2193.08
252.87	2258.62
253.25	2174.36
253.62	2115.84
253.99	2162.66
254.36	2235.21
254.74	2150.95
255.11	2094.78
255.48	2122.87
255.85	2221.17
256.23	2125.21
256.60	2134.57
256.97	2293.72
257.34	2190.74
257.71	2155.63
258.09	2165.00
258.46	2216.49
258.83	2221.17
259.20	2221.17
259.58	2165.00
259.95	2169.68
260.32	2223.51
260.69	2071.37
261.06	2235.21
261.44	2188.40
261.81	2218.83
262.18	2209.47
262.55	2216.49
262.92	2101.80
263.29	2139.25
263.67	2118.18
264.04	2169.68
264.41	2167.34
264.78	2195.42
265.15	2209.47
265.52	2267.98
265.90	2181.38
266.27	2190.74
266.64	2186.06
267.01	2146.27
267.38	2183.72
267.75	2216.49
268.12	2104.14
268.50	2214.15
268.87	2183.72
269.24	2146.27
269.61	2125.21
269.98	2209.47
270.35	2214.15
270.72	2146.27
271.09	2225.85
271.46	2141.59
271.83	2141.59
272.21	2246.91
272.58	2174.36
272.95	2260.96
273.32	2148.61
273.69	2157.97
274.06	2141.59
274.43	2193.08
274.80	2176.70
275.17	2172.02
275.54	2200.10
275.91	2069.03
276.28	2160.31
276.65	2167.34
277.02	2253.94
277.39	2179.04
277.76	2150.95
278.13	2162.66
278.50	2214.15
278.87	2106.48
279.24	2232.87
279.61	2209.47
279.98	2272.66
280.35	2157.97
280.72	2150.95
281.09	2237.55
281.46	2244.57
281.83	2148.61
282.20	2190.74
282.57	2223.51
282.94	2202.44
283.31	2157.97
283.68	2143.93
284.05	2150.95
284.42	2129.89
284.79	2207.13
285.16	2167.34
285.53	2146.27
285.90	2153.29
286.27	2260.96
286.64	2125.21
287.01	2139.25
287.38	2235.21
287.75	3171.43
288.12	2298.41
288.49	2258.62
288.86	2176.70
289.23	2167.34
289.59	2162.66
289.96	2162.66
290.33	2193.08
290.70	2228.19
291.07	2204.78
291.44	2216.49
291.81	2179.04
292.18	2179.04
292.55	2146.27
292.91	2270.32
293.28	2321.81
293.65	2326.49
294.02	2017.54
294.39	2099.46
294.76	2256.28
295.13	2197.76
295.50	2115.84
295.86	2204.78
296.23	2127.55
296.60	2235.21
296.97	2097.12
297.34	2127.55
297.71	2209.47
298.07	2141.59
298.44	2064.35
298.81	2249.25
299.18	2253.94
299.55	2197.76
299.91	2204.78
300.28	2172.02
300.65	2094.78
301.02	2218.83
301.39	2186.06
301.75	2289.04
302.12	2183.72
302.49	2181.38
302.86	2291.38
303.23	2162.66
303.59	2172.02
303.96	2300.75
304.33	2207.13
304.70	2289.04
305.06	2150.95
305.43	2202.44
305.80	2223.51
306.17	2083.08
306.53	2139.25
306.90	2200.10
307.27	2118.18
307.64	2237.55
308.00	2195.42
308.37	2092.44
308.74	2352.24
309.11	2244.57
309.47	2179.04
309.84	2190.74
310.21	2218.83
310.57	2150.95
310.94	2134.57
311.31	2190.74
311.67	2183.72
312.04	2155.63
312.41	2307.77
312.77	2188.40
313.14	2146.27
313.51	2179.04
313.87	2221.17
314.24	2153.29
314.61	2148.61
314.97	2197.76
315.34	2186.06
315.71	2141.59
316.07	2207.13
316.44	2101.80
316.81	2209.47
317.17	2218.83
317.54	2303.09
317.91	2172.02
318.27	2139.25
318.64	2155.63
319.00	2211.81
319.37	2146.27
319.74	2253.94
320.10	2228.19
320.47	2272.66
320.83	2272.66
321.20	2174.36
321.57	2181.38
321.93	2132.23
322.30	2143.93
322.66	2218.83
323.03	2235.21
323.40	2216.49
323.76	2134.57
324.13	2146.27
324.49	2174.36
324.86	2354.58
325.22	2195.42
325.59	2179.04
325.95	2146.27
326.32	2197.76
326.68	2172.02
327.05	2143.93
327.42	2139.25
327.78	2169.68
328.15	2256.28
328.51	2179.04
328.88	2239.89
329.24	2312.45
329.61	2214.15
329.97	2165.00
330.34	2143.93
330.70	2267.98
331.07	2333.51
331.43	2195.42
331.80	2249.25
332.16	2235.21
332.52	2188.40
332.89	2179.04
333.25	2204.78
333.62	2225.85
333.98	2157.97
334.35	2246.91
334.71	2232.87
335.08	2218.83
335.44	2284.36
335.81	2270.32
336.17	2211.81
336.53	2143.93
336.90	2188.40
337.26	2202.44
337.63	2246.91
337.99	2165.00
338.36	2221.17
338.72	2279.68
339.08	2155.63
339.45	2207.13
339.81	2193.08
340.18	2179.04
340.54	2246.91
340.90	2197.76
341.27	2256.28
341.63	2165.00
341.99	2265.64
342.36	2207.13
342.72	2125.21
343.09	2244.57
343.45	2118.18
343.81	2277.34
344.18	2153.29
344.54	2118.18
344.90	2256.28
345.27	2202.44
345.63	2193.08
345.99	2225.85
346.36	2174.36
346.72	2216.49
347.08	2183.72
347.45	2179.04
347.81	2186.06
348.17	2169.68
348.54	2148.61
348.90	2150.95
349.26	2260.96
349.62	2265.64
349.99	2176.70
350.35	2186.06
350.71	2181.38
351.08	2186.06
351.44	2207.13
351.80	2321.81
352.16	2242.23
352.53	2136.91
352.89	2218.83
353.25	2218.83
353.61	2155.63
353.98	2176.70
354.34	2249.25
354.70	2150.95
355.06	2179.04
355.43	2122.87
355.79	2218.83
356.15	2122.87
356.51	2162.66
356.88	2153.29
357.24	2218.83
357.60	2160.31
357.96	2125.21
358.32	2333.51
358.69	2183.72
359.05	2296.07
359.41	2209.47
359.77	2146.27
360.13	2202.44
360.49	2169.68
360.86	2230.53
361.22	2244.57
361.58	2193.08
361.94	2263.30
362.30	2172.02
362.66	2141.59
363.03	2190.74
363.39	2150.95
363.75	2129.89
364.11	2267.98
364.47	2214.15
364.83	2267.98
365.19	2129.89
365.56	2242.23
365.92	2155.63
366.28	2275.00
366.64	2216.49
367.00	2209.47
367.36	2143.93
367.72	2239.89
368.08	2230.53
368.44	2176.70
368.80	2183.72
369.17	2169.68
369.53	2225.85
369.89	2132.23
370.25	2195.42
370.61	2179.04
370.97	2242.23
371.33	2232.87
371.69	2228.19
372.05	2237.55
372.41	2087.76
372.77	2204.78
373.13	2157.97
373.49	2155.63
373.85	2174.36
374.21	2113.50
374.57	2134.57
374.93	2218.83
375.29	2146.27
375.65	2122.87
376.01	2162.66
376.37	2188.40
376.73	2127.55
377.09	2216.49
377.45	2237.55
377.81	2188.40
378.17	2172.02
378.53	2183.72
378.89	2200.10
379.25	2193.08
379.61	2298.41
379.97	2338.20
380.33	2160.31
380.69	2132.23
381.05	2141.59
381.41	2209.47
381.77	2148.61
382.13	2209.47
382.49	2349.90
382.85	2162.66
383.21	2188.40
383.57	2186.06
383.93	2296.07
384.28	2197.76
384.64	2235.21
385.00	2232.87
385.36	2148.61
385.72	2253.94
386.08	2186.06
386.44	2246.91
386.80	2223.51
387.16	2293.72
387.52	2289.04
387.87	2270.32
388.23	2113.50
388.59	2190.74
388.95	2136.91
389.31	2214.15
389.67	2143.93
390.03	2148.61
390.38	2165.00
390.74	2076.06
391.10	2242.23
391.46	2197.76
391.82	2200.10
392.18	2211.81
392.54	2209.47
392.89	2195.42
393.25	2172.02
393.61	2211.81
393.97	2127.55
394.33	2207.13
394.68	2303.09
395.04	2150.95
395.40	2197.76
395.76	2249.25
396.12	2204.78
396.47	2179.04
396.83	2195.42
397.19	2218.83
397.55	2127.55
397.90	2242.23
398.26	2176.70
398.62	2186.06
398.98	2136.91
399.33	2188.40
399.69	2476.29
400.05	2251.60
400.41	2129.89
400.76	2179.04
401.12	2237.55
401.48	2143.93
401.84	2139.25
402.19	2157.97
402.55	2228.19
402.91	2132.23
403.26	2052.65
403.62	2181.38
403.98	2172.02
404.34	2136.91
404.69	2120.53
405.05	2179.04
405.41	2347.56
405.76	2211.81
406.12	2179.04
406.48	2167.34
406.83	2157.97
407.19	2209.47
407.55	2211.81
407.90	2289.04
408.26	2237.55
408.62	2200.10
408.97	2179.04
409.33	2141.59
409.68	2228.19
410.04	2132.23
410.40	2165.00
410.75	2190.74
411.11	2157.97
411.47	2296.07
411.82	2111.16
412.18	2165.00
412.53	2188.40
412.89	2129.89
413.25	2197.76
413.60	2157.97
413.96	2183.72
414.31	2293.72
414.67	2157.97
415.03	2129.89
415.38	2204.78
415.74	2127.55
416.09	2165.00
416.45	2218.83
416.80	2172.02
417.16	2223.51
417.51	2174.36
417.87	2221.17
418.23	2169.68
418.58	2258.62
418.94	2190.74
419.29	2108.82
419.65	2244.57
420.00	2186.06
420.36	2188.40
420.71	2202.44
421.07	2141.59
421.42	2275.00
421.78	2167.34
422.13	2120.53
422.49	2136.91
422.84	2195.42
423.20	2188.40
423.55	2167.34
423.91	2195.42
424.26	2300.75
424.61	2200.10
424.97	2270.32
425.32	2125.21
425.68	2209.47
426.03	2153.29
426.39	2258.62
426.74	2284.36
427.10	2253.94
427.45	2150.95
427.80	2169.68
428.16	2207.13
428.51	2188.40
428.87	2190.74
429.22	2223.51
429.58	2251.60
429.93	2331.17
430.28	2162.66
430.64	2202.44
430.99	2115.84
431.35	2232.87
431.70	2090.10
432.05	2099.46
432.41	2225.85
432.76	2165.00
433.11	2214.15
433.47	2155.63
433.82	2253.94
434.17	2246.91
434.53	2183.72
434.88	2279.68
435.24	2188.40
435.59	2186.06
435.94	2183.72
436.30	2258.62
436.65	2186.06
437.00	2190.74
437.35	2377.98
437.71	2136.91
438.06	2179.04
438.41	2073.71
438.77	2305.43
439.12	2160.31
439.47	2155.63
439.83	2209.47
440.18	2153.29
440.53	2174.36
440.88	2251.60
441.24	2179.04
441.59	2160.31
441.94	2272.66
442.30	2211.81
442.65	2218.83
443.00	2195.42
443.35	2232.87
443.71	2148.61
444.06	2235.21
444.41	2193.08
444.76	2256.28
445.11	2200.10
445.47	2251.60
445.82	2157.97
446.17	2160.31
446.52	2296.07
446.88	2165.00
447.23	2092.44
447.58	2200.10
447.93	2101.80
448.28	2548.84
448.63	2207.13
448.99	2186.06
449.34	2235.21
449.69	2190.74
450.04	2244.57
450.39	2139.25
450.74	2162.66
451.10	2232.87
451.45	2169.68
451.80	2181.38
452.15	2251.60
452.50	2141.59
452.85	2223.51
453.21	2214.15
453.56	2253.94
453.91	2148.61
454.26	2232.87
454.61	2129.89
454.96	2162.66
455.31	2181.38
455.66	2195.42
456.01	2251.60
456.36	2120.53
456.72	2155.63
457.07	2207.13
457.42	2298.41
457.77	2134.57
458.12	2181.38
458.47	2174.36
458.82	2162.66
459.17	2190.74
459.52	2146.27
459.87	2605.02
460.22	2165.00
460.57	2197.76
460.92	2230.53
461.27	2230.53
461.62	2155.63
461.97	2183.72
462.32	2284.36
462.67	2179.04
463.02	2300.75
463.38	2286.70
463.73	2272.66
464.08	2216.49
464.43	2223.51
464.78	2162.66
465.12	2174.36
465.47	2153.29
465.82	2504.37
466.17	2167.34
466.52	2230.53
466.87	2136.91
467.22	2174.36
467.57	2143.93
467.92	2125.21
468.27	2244.57
468.62	2361.60
468.97	2193.08
469.32	2179.04
469.67	2389.69
470.02	2237.55
470.37	2169.68
470.72	2216.49
471.07	2181.38
471.42	2174.36
471.76	2193.08
472.11	2167.34
472.46	2195.42
472.81	2300.75
473.16	2094.78
473.51	2216.49
473.86	2083.08
474.21	2162.66
474.56	2157.97
474.90	2195.42
475.25	2275.00
475.60	2172.02
475.95	2150.95
476.30	2265.64
476.65	2190.74
477.00	2277.34
477.34	2239.89
477.69	2115.84
478.04	2249.25
478.39	2197.76
478.74	2118.18
479.09	2132.23
479.43	2356.92
479.78	2122.87
480.13	2260.96
480.48	2216.49
480.83	2190.74
481.17	2181.38
481.52	2172.02
481.87	2157.97
482.22	2284.36
482.57	2211.81
482.91	2249.25
483.26	2132.23
483.61	2134.57
483.96	2174.36
484.30	4243.39
484.65	2263.30
485.00	2181.38
485.35	2193.08
485.69	2155.63
486.04	2272.66
486.39	2162.66
486.74	2150.95
487.08	2127.55
487.43	2207.13
487.78	2153.29
488.12	2258.62
488.47	2214.15
488.82	2197.76
489.17	2148.61
489.51	2094.78
489.86	2165.00
490.21	2218.83
490.55	2120.53
490.90	1998.82
491.25	2181.38
491.59	2118.18
491.94	2244.57
492.29	2195.42
492.63	2153.29
492.98	2127.55
493.33	2141.59
493.67	2195.42
494.02	2181.38
494.37	2207.13
494.71	2225.85
495.06	2176.70
495.40	2232.87
495.75	2090.10
496.10	2284.36
496.44	2148.61
496.79	2232.87
497.13	2172.02
497.48	2338.20
497.83	2253.94
498.17	2218.83
498.52	2223.51
498.86	2258.62
499.21	2148.61
499.56	2153.29
499.90	2179.04
500.25	2125.21
500.59	2188.40
500.94	2265.64
501.28	2188.40
501.63	2153.29
501.97	2118.18
502.32	2181.38
502.67	2179.04
503.01	2125.21
503.36	2169.68
503.70	2197.76
504.05	2230.53
504.39	2270.32
504.74	2155.63
505.08	2256.28
505.43	2162.66
505.77	2174.36
506.12	2218.83
506.46	2216.49
506.81	2188.40
507.15	2188.40
507.49	2141.59
507.84	2253.94
508.18	2120.53
508.53	2214.15
508.87	2195.42
509.22	2139.25
509.56	13060.19
509.91	2700.98
510.25	2223.51
510.60	2106.48
510.94	2279.68
511.28	2146.27
511.63	2200.10
511.97	2200.10
512.32	2225.85
512.66	2181.38
513.00	2179.04
513.35	2221.17
513.69	2183.72
514.04	2232.87
514.38	2207.13
514.72	2176.70
515.07	2155.63
515.41	2165.00
515.76	2181.38
516.10	2209.47
516.44	2209.47
516.79	2174.36
517.13	2160.31
517.47	2258.62
517.82	2193.08
518.16	2155.63
518.50	2174.36
518.85	2186.06
519.19	2174.36
519.53	2272.66
519.88	2272.66
520.22	2165.00
520.56	2176.70
520.91	2066.69
521.25	2125.21
521.59	2190.74
521.93	2272.66
522.28	2242.23
522.62	2195.42
522.96	2272.66
523.31	2141.59
523.65	2228.19
523.99	2200.10
524.33	2237.55
524.68	2204.78
525.02	2106.48
525.36	2286.70
525.70	2141.59
526.05	2165.00
526.39	2204.78
526.73	2193.08
527.07	2197.76
527.41	2265.64
527.76	2090.10
528.10	2162.66
528.44	2202.44
528.78	2143.93
529.12	2244.57
529.47	2155.63
529.81	2235.21
530.15	2263.30
530.49	2202.44
530.83	2181.38
531.18	2113.50
531.52	2204.78
531.86	2148.61
532.20	2235.21
532.54	2193.08
532.88	2153.29
533.22	2143.93
533.57	2209.47
533.91	2270.32
534.25	2179.04
534.59	2253.94
534.93	2188.40
535.27	2127.55
535.61	2176.70
535.95	2256.28
536.30	2256.28
536.64	2223.51
536.98	2174.36
537.32	2242.23
537.66	2165.00
538.00	2221.17
538.34	2223.51
538.68	2165.00
539.02	2279.68
539.36	2160.31
539.70	2108.82
540.04	2167.34
540.39	2338.20
540.73	2157.97
541.07	2115.84
541.41	2197.76
541.75	2195.42
542.09	2260.96
542.43	2209.47
542.77	2244.57
543.11	2190.74
543.45	2167.34
543.79	2162.66
544.13	2202.44
544.47	2218.83
544.81	2197.76
545.15	2223.51
545.49	2193.08
545.83	2146.27
546.17	2193.08
546.51	2129.89
546.85	2153.29
547.19	2239.89
547.53	2202.44
547.87	2165.00
548.21	2289.04
548.54	2197.76
548.88	2183.72
549.22	2239.89
549.56	2197.76
549.90	2186.06
550.24	2275.00
550.58	2197.76
550.92	2216.49
551.26	2120.53
551.60	2200.10
551.94	2188.40
552.28	2214.15
552.61	2101.80
552.95	2162.66
553.29	2188.40
553.63	2176.70
553.97	2279.68
554.31	2190.74
554.65	2193.08
554.99	2251.60
555.32	2209.47
555.66	2232.87
556.00	2197.76
556.34	2136.91
556.68	2186.06
557.02	2296.07
557.36	2223.51
557.69	2134.57
558.03	2165.00
558.37	2284.36
558.71	2319.47
559.05	2279.68
559.38	2239.89
559.72	2165.00
560.06	2113.50
560.40	2111.16
560.74	2256.28
561.07	2258.62
561.41	2244.57
561.75	2186.06
562.09	2279.68
562.42	2165.00
562.76	2165.00
563.10	2167.34
563.44	2434.16
563.77	2209.47
564.11	2305.43
564.45	2282.02
564.79	2186.06
565.12	2150.95
565.46	2174.36
565.80	2179.04
566.14	2223.51
566.47	2251.60
566.81	2181.38
567.15	2253.94
567.48	2200.10
567.82	2186.06
568.16	2200.10
568.49	2141.59
568.83	2143.93
569.17	2197.76
569.50	2139.25
569.84	2188.40
570.18	2204.78
570.51	2239.89
570.85	2218.83
571.19	2125.21
571.52	2176.70
571.86	2167.34
572.20	2188.40
572.53	2244.57
572.87	2150.95
573.21	2153.29
573.54	2143.93
573.88	2204.78
574.21	2204.78
574.55	2246.91
574.89	2244.57
575.22	2282.02
575.56	2204.78
575.89	2008.18
576.23	2253.94
576.57	2214.15
576.90	2125.21
577.24	2167.34
577.57	2153.29
577.91	2186.06
578.24	2157.97
578.58	2160.31
578.91	2167.34
579.25	2188.40
579.59	2157.97
579.92	2246.91
580.26	2172.02
580.59	2223.51
580.93	2195.42
581.26	2209.47
581.60	2235.21
581.93	2211.81
582.27	2190.74
582.60	2153.29
582.94	2141.59
583.27	2153.29
583.61	2174.36
583.94	2230.53
584.28	2094.78
584.61	2218.83
584.94	2160.31
585.28	2197.76
585.61	2127.55
585.95	2186.06
586.28	2249.25
586.62	2265.64
586.95	2218.83
587.29	2197.76
587.62	2204.78
587.95	2174.36
588.29	2160.31
588.62	2174.36
588.96	2246.91
589.29	2139.25
589.62	2136.91
589.96	2148.61
590.29	2197.76
590.63	2174.36
590.96	2246.91
591.29	2225.85
591.63	2232.87
591.96	2172.02
592.29	2179.04
592.63	2258.62
592.96	2125.21
593.30	2228.19
593.63	2216.49
593.96	2218.83
594.30	2216.49
594.63	2132.23
594.96	2291.38
595.30	2200.10
595.63	2202.44
595.96	2167.34
596.29	2134.57
596.63	2172.02
596.96	2211.81
597.29	2188.40
597.63	2153.29
597.96	2211.81
598.29	2300.75
598.63	2239.89
598.96	2204.78
599.29	2155.63
599.62	2230.53
599.96	2167.34
600.29	2165.00
600.62	2204.78
600.95	2160.31
601.29	2127.55
601.62	2195.42
601.95	2155.63
602.28	2129.89
602.61	2850.77
602.95	2253.94
603.28	2293.72
603.61	2146.27
603.94	2237.55
604.27	2176.70
604.61	2157.97
604.94	2165.00
605.27	2230.53
605.60	2136.91
605.93	2153.29
606.27	2251.60
606.60	2160.31
606.93	2136.91
607.26	2249.25
607.59	2211.81
607.92	2232.87
608.26	2209.47
608.59	2165.00
608.92	2193.08
609.25	2216.49
609.58	2083.08
609.91	2202.44
610.24	2319.47
610.57	2141.59
610.90	2195.42
611.24	2176.70
611.57	2150.95
611.90	2232.87
612.23	2228.19
612.56	2186.06
612.89	2167.34
613.22	2218.83
613.55	2139.25
613.88	2207.13
614.21	2078.40
614.54	2214.15
614.87	2179.04
615.20	2139.25
615.53	2256.28
615.87	2183.72
616.20	2167.34
616.53	2148.61
616.86	2120.53
617.19	2258.62
617.52	2165.00
617.85	2153.29
618.18	2148.61
618.51	2218.83
618.84	2230.53
619.17	2165.00
619.50	2179.04
619.83	2246.91
620.16	2165.00
620.49	2230.53
620.82	2267.98
621.14	2284.36
621.47	2146.27
621.80	2230.53
622.13	2174.36
622.46	2328.83
622.79	2207.13
623.12	2122.87
623.45	2211.81
623.78	2197.76
624.11	2129.89
624.44	2204.78
624.77	2204.78
625.10	2160.31
625.43	2195.42
625.75	1984.77
626.08	2228.19
626.41	2214.15
626.74	2157.97
627.07	2200.10
627.40	2277.34
627.73	2207.13
628.06	2134.57
628.38	2172.02
628.71	2221.17
629.04	2155.63
629.37	2172.02
629.70	2197.76
630.03	2160.31
630.36	2244.57
630.68	2197.76
631.01	2193.08
631.34	2181.38
631.67	2195.42
632.00	2209.47
632.32	2237.55
632.65	2146.27
632.98	2225.85
633.31	2167.34
633.64	2221.17
633.96	2076.06
634.29	2286.70
634.62	2223.51
634.95	2275.00
635.27	2211.81
635.60	2284.36
635.93	2235.21
636.26	2190.74
636.58	2193.08
636.91	2207.13
637.24	2235.21
637.57	2223.51
637.89	2221.17
638.22	2197.76
638.55	2148.61
638.87	2143.93
639.20	2218.83
639.53	2239.89
639.86	2139.25
640.18	2157.97
640.51	2207.13
640.84	2165.00
641.16	2183.72
641.49	2214.15
641.82	2111.16
642.14	2167.34
642.47	2427.14
642.80	2169.68
643.12	2242.23
643.45	2134.57
643.78	2162.66
644.10	2165.00
644.43	2129.89
644.75	2242.23
645.08	2179.04
645.41	2202.44
645.73	2136.91
646.06	2303.09
646.39	2176.70
646.71	2176.70
647.04	2188.40
647.36	2150.95
647.69	2207.13
648.01	2148.61
648.34	2176.70
648.67	2303.09
648.99	2242.23
649.32	2120.53
649.64	2083.08
649.97	2190.74
650.29	2155.63
650.62	2303.09
650.94	2242.23
651.27	2223.51
651.59	2179.04
651.92	2225.85
652.25	2207.13
652.57	2176.70
652.90	2120.53
653.22	2195.42
653.55	2223.51
653.87	2167.34
654.20	2139.25
654.52	2209.47
654.84	2153.29
655.17	2209.47
655.49	2209.47
655.82	2195.42
656.14	2239.89
656.47	2258.62
656.79	2272.66
657.12	2169.68
657.44	2186.06
657.77	2179.04
658.09	2094.78
658.41	2251.60
658.74	2139.25
659.06	2125.21
659.39	2115.84
659.71	2190.74
660.03	2172.02
660.36	2200.10
660.68	2239.89
661.01	2277.34
661.33	2277.34
661.65	2207.13
661.98	2319.47
662.30	2225.85
662.63	2267.98
662.95	2272.66
663.27	2181.38
663.60	2200.10
663.92	2209.47
664.24	2225.85
664.57	2157.97
664.89	2183.72
665.21	2136.91
665.54	2174.36
665.86	2125.21
666.18	2214.15
666.51	2225.85
666.83	2179.04
667.15	2286.70
667.47	2155.63
667.80	2200.10
668.12	2153.29
668.44	2181.38
668.77	2216.49
669.09	2272.66
669.41	2207.13
669.73	2197.76
670.06	2249.25
670.38	2157.97
670.70	2134.57
671.02	2195.42
671.35	2186.06
671.67	2207.13
671.99	2172.02
672.31	2188.40
672.63	2157.97
672.96	2265.64
673.28	2195.42
673.60	2188.40
673.92	2186.06
674.24	2242.23
674.57	2104.14
674.89	2129.89
675.21	2143.93
675.53	2134.57
675.85	2260.96
676.17	2232.87
676.50	2167.34
676.82	2211.81
677.14	2197.76
677.46	2331.17
677.78	2186.06
678.10	2195.42
678.42	2136.91
678.75	2157.97
679.07	2104.14
679.39	2200.10
679.71	2153.29
680.03	2108.82
680.35	2172.02
680.67	2162.66
680.99	2188.40
681.31	2174.36
681.63	2230.53
681.96	2267.98
682.28	2188.40
682.60	2186.06
682.92	2230.53
683.24	2150.95
683.56	2207.13
683.88	2195.42
684.20	2209.47
684.52	2150.95
684.84	2157.97
685.16	2125.21
685.48	2228.19
685.80	2211.81
686.12	2265.64
686.44	2200.10
686.76	2197.76
687.08	2197.76
687.40	2183.72
687.72	2230.53
688.04	2197.76
688.36	2331.17
688.68	2190.74
689.00	2244.57
689.32	2104.14
689.64	2232.87
689.96	2202.44
690.28	2258.62
690.60	2190.74
690.92	2195.42
691.24	2260.96
691.56	2146.27
691.88	2165.00
692.19	2155.63
692.51	2279.68
692.83	2186.06
693.15	2146.27
693.47	2183.72
693.79	2179.04
694.11	2157.97
694.43	2200.10
694.75	2207.13
695.06	2230.53
695.38	2246.91
695.70	2153.29
696.02	2211.81
696.34	2129.89
696.66	2179.04
696.98	2169.68
697.29	2169.68
697.61	2291.38
697.93	2279.68
698.25	2700.98
698.57	2200.10
698.89	2129.89
699.20	2167.34
699.52	2223.51
699.84	2139.25
700.16	2174.36
700.48	2186.06
700.79	2134.57
701.11	2270.32
701.43	2172.02
701.75	2211.81
702.07	2214.15
702.38	2221.17
702.70	2176.70
703.02	2136.91
703.34	2179.04
703.65	2176.70
703.97	2197.76
704.29	2172.02
704.61	2136.91
704.92	2228.19
705.24	2172.02
705.56	2232.87
705.87	2267.98
706.19	2174.36
706.51	2272.66
706.82	2305.43
707.14	2204.78
707.46	2136.91
707.78	2179.04
708.09	2186.06
708.41	2179.04
708.73	2218.83
709.04	2193.08
709.36	2134.57
709.68	2186.06
709.99	2279.68
710.31	2263.30
710.62	2174.36
710.94	2197.76
711.26	2223.51
711.57	2186.06
711.89	2167.34
712.21	2277.34
712.52	2139.25
712.84	2237.55
713.15	2181.38
713.47	2228.19
713.79	2146.27
714.10	2195.42
714.42	2225.85
714.73	2225.85
715.05	2211.81
715.36	2094.78
715.68	2204.78
715.99	2223.51
716.31	2242.23
716.63	2253.94
716.94	2223.51
717.26	2363.94
717.57	2242.23
717.89	2265.64
718.20	2153.29
718.52	2242.23
718.83	2097.12
719.15	2279.68
719.46	2277.34
719.78	2188.40
720.09	2200.10
720.41	2132.23
720.72	2115.84
721.04	2216.49
721.35	2195.42
721.67	2197.76
721.98	2270.32
722.29	2118.18
722.61	2134.57
722.92	2129.89
723.24	2143.93
723.55	2209.47
723.87	2211.81
724.18	2249.25
724.50	2143.93
724.81	2132.23
725.12	2169.68
725.44	2202.44
725.75	2183.72
726.07	2150.95
726.38	2186.06
726.69	2148.61
727.01	2188.40
727.32	2225.85
727.63	2157.97
727.95	2223.51
728.26	2190.74
728.58	2260.96
728.89	2228.19
729.20	2139.25
729.52	2167.34
729.83	2202.44
730.14	2190.74
730.46	2202.44
730.77	2223.51
731.08	2237.55
731.39	2155.63
731.71	2160.31
732.02	2179.04
732.33	2218.83
732.65	2169.68
732.96	2258.62
733.27	2317.13
733.59	2260.96
733.90	2277.34
734.21	2209.47
734.52	2193.08
734.84	2359.26
735.15	2176.70
735.46	2183.72
735.77	2179.04
736.09	2113.50
736.40	2221.17
736.71	2246.91
737.02	2188.40
737.33	2148.61
737.65	2120.53
737.96	2211.81
738.27	2071.37
738.58	2256.28
738.89	2214.15
739.21	2153.29
739.52	2127.55
739.83	2141.59
740.14	2356.92
740.45	2256.28
740.76	2202.44
741.08	2132.23
741.39	2111.16
741.70	2143.93
742.01	2235.21
742.32	2249.25
742.63	2148.61
742.94	2162.66
743.26	2221.17
743.57	2195.42
743.88	2183.72
744.19	2214.15
744.50	2188.40
744.81	2300.75
745.12	2092.44
745.43	2169.68
745.74	2298.41
746.05	2218.83
746.36	2143.93
746.67	2256.28
746.99	2204.78
747.30	2228.19
747.61	2235.21
747.92	2183.72
748.23	2282.02
748.54	2228.19
748.85	2090.10
749.16	2157.97
749.47	2169.68
749.78	2157.97
750.09	2146.27
750.40	2230.53
750.71	2181.38
751.02	2176.70
751.33	2115.84
751.64	2160.31
751.95	2183.72
752.26	2211.81
752.57	2237.55
752.88	2188.40
753.19	1998.82
753.50	2197.76
753.81	2197.76
754.11	2108.82
754.42	2354.58
754.73	2223.51
755.04	2195.42
755.35	2214.15
755.66	2286.70
755.97	2143.93
756.28	2139.25
756.59	2214.15
756.90	2298.41
757.21	2225.85
757.52	2263.30
757.82	2167.34
758.13	2190.74
758.44	2148.61
758.75	2120.53
759.06	2172.02
759.37	2204.78
759.68	2207.13
759.98	2167.34
760.29	2195.42
760.60	2211.81
760.91	2186.06
761.22	2134.57
761.53	2143.93
761.83	2167.34
762.14	2136.91
762.45	2176.70
762.76	2169.68
763.07	2249.25
763.37	2289.04
763.68	2319.47
763.99	2321.81
764.30	2275.00
764.60	2165.00
764.91	2186.06
765.22	2190.74
765.53	2305.43
765.84	2193.08
766.14	2183.72
766.45	2106.48
766.76	2244.57
767.06	2333.51
767.37	2169.68
767.68	2183.72
767.99	2160.31
768.29	2218.83
768.60	2211.81
768.91	2303.09
769.21	2263.30
769.52	2190.74
769.83	2202.44
770.13	2193.08
770.44	2202.44
770.75	2190.74
771.05	2207.13
771.36	2179.04
771.67	2132.23
771.97	2146.27
772.28	2155.63
772.59	2204.78
772.89	2181.38
773.20	2143.93
773.51	2113.50
773.81	2267.98
774.12	2204.78
774.42	2272.66
774.73	2141.59
775.04	2204.78
775.34	2389.69
775.65	2260.96
775.95	2204.78
776.26	2228.19
776.56	2143.93
776.87	2188.40
777.18	5074.28
777.48	2377.98
777.79	2282.02
778.09	2244.57
778.40	2148.61
778.70	2197.76
779.01	2216.49
779.31	2162.66
779.62	2172.02
779.92	2181.38
780.23	2190.74
780.53	2190.74
780.84	2188.40
781.14	2136.91
781.45	2225.85
781.75	2258.62
782.06	2169.68
782.36	2181.38
782.67	2136.91
782.97	2115.84
783.28	2207.13
783.58	2200.10
783.89	2267.98
784.19	2165.00
784.49	2305.43
784.80	2139.25
785.10	2282.02
785.41	2155.63
785.71	2211.81
786.02	2179.04
786.32	2298.41
786.62	2270.32
786.93	2267.98
787.23	2221.17
787.54	2223.51
787.84	2256.28
788.14	2129.89
788.45	2235.21
788.75	2150.95
789.05	2148.61
789.36	2211.81
789.66	2242.23
789.96	2270.32
790.27	2134.57
790.57	2218.83
790.87	2169.68
791.18	2162.66
791.48	2111.16
791.78	2216.49
792.09	2136.91
792.39	2242.23
792.69	2211.81
793.00	2148.61
793.30	2279.68
793.60	2179.04
793.90	2186.06
794.21	2202.44
794.51	2293.72
794.81	2186.06
795.11	2153.29
795.42	2195.42
795.72	2239.89
796.02	2272.66
796.32	2162.66
796.63	2165.00
796.93	2190.74
797.23	2160.31
797.53	2143.93
797.84	2155.63
798.14	2132.23
798.44	2230.53
798.74	2106.48
799.04	2165.00
799.34	2169.68
799.65	2410.75
799.95	2211.81
800.25	2216.49
800.55	2211.81
800.85	2157.97
801.15	2176.70
801.46	2211.81
801.76	2321.81
802.06	2169.68
802.36	2157.97
802.66	2204.78
802.96	2235.21
803.26	2249.25
803.56	2335.85
803.87	2298.41
804.17	2228.19
804.47	2218.83
804.77	2193.08
805.07	2181.38
805.37	2153.29
805.67	2216.49
805.97	2141.59
806.27	2253.94
806.57	2165.00
806.87	2239.89
807.17	2195.42
807.47	2289.04
807.77	2237.55
808.07	2174.36
808.37	2263.30
808.67	2190.74
808.98	2260.96
809.28	2225.85
809.58	2333.51
809.88	2195.42
810.18	2258.62
810.47	2265.64
810.77	2143.93
811.07	2253.94
811.37	2214.15
811.67	2174.36
811.97	2155.63
812.27	2104.14
812.57	2054.99
812.87	2139.25
813.17	2160.31
813.47	2150.95
813.77	2218.83
814.07	2157.97
814.37	2293.72
814.67	2167.34
814.97	2200.10
815.27	2211.81
815.56	2214.15
815.86	2211.81
816.16	2097.12
816.46	2155.63
816.76	2188.40
817.06	2303.09
817.36	2272.66
817.66	2235.21
817.95	2113.50
818.25	2190.74
818.55	2244.57
818.85	2181.38
819.15	2148.61
819.45	2242.23
819.75	2193.08
820.04	2143.93
820.34	2356.92
820.64	2293.72
820.94	2289.04
821.24	2122.87
821.53	2216.49
821.83	2181.38
822.13	2136.91
822.43	2125.21
822.72	2172.02
823.02	2139.25
823.32	2150.95
823.62	2183.72
823.91	2328.83
824.21	2155.63
824.51	2195.42
824.81	2195.42
825.10	2193.08
825.40	2176.70
825.70	2244.57
826.00	2228.19
826.29	2190.74
826.59	2197.76
826.89	2162.66
827.18	2218.83
827.48	2169.68
827.78	2146.27
828.07	2195.42
828.37	2235.21
828.67	2169.68
828.96	2251.60
829.26	2296.07
829.56	2186.06
829.85	2111.16
830.15	2228.19
830.45	2134.57
830.74	2253.94
831.04	2223.51
831.34	2181.38
831.63	2267.98
831.93	2221.17
832.22	2228.19
832.52	2181.38
832.82	2160.31
833.11	2118.18
833.41	2146.27
833.70	2136.91
834.00	2230.53
834.29	2218.83
834.59	2160.31
834.89	2221.17
835.18	2141.59
835.48	2277.34
835.77	2197.76
836.07	2209.47
836.36	2202.44
836.66	2172.02
836.95	2179.04
837.25	2143.93
837.54	2216.49
837.84	2155.63
838.13	2160.31
838.43	2214.15
838.72	2239.89
839.02	2246.91
839.31	2150.95
839.61	2237.55
839.90	2153.29
840.20	2207.13
840.49	2155.63
840.78	2228.19
841.08	2132.23
841.37	2146.27
841.67	2157.97
841.96	2207.13
842.26	2169.68
842.55	2167.34
842.84	2146.27
843.14	2186.06
843.43	2167.34
843.73	2087.76
844.02	2045.63
844.31	2207.13
844.61	2092.44
844.90	2181.38
845.20	2193.08
845.49	2129.89
845.78	2172.02
846.08	2153.29
846.37	2080.74
846.66	2174.36
846.96	2162.66
847.25	2155.63
847.54	2127.55
847.84	2155.63
848.13	2104.14
848.42	2258.62
848.72	2188.40
849.01	2183.72
849.30	2197.76
849.59	2181.38
849.89	2211.81
850.18	2275.00
850.47	2174.36
850.76	2321.81
851.06	2244.57
851.35	2179.04
851.64	2197.76
851.93	2193.08
852.23	2380.32
852.52	2143.93
852.81	2167.34
853.10	2172.02
853.40	2127.55
853.69	2174.36
853.98	2174.36
854.27	2237.55
854.56	2207.13
854.86	2183.72
855.15	2244.57
855.44	2141.59
855.73	2169.68
856.02	2167.34
856.31	2211.81
856.61	2195.42
856.90	2209.47
857.19	2200.10
857.48	2139.25
857.77	2113.50
858.06	2092.44
858.35	2076.06
858.65	2057.33
858.94	2214.15
859.23	2195.42
859.52	2162.66
859.81	2275.00
860.10	2223.51
860.39	2246.91
860.68	2190.74
860.97	2132.23
861.26	2155.63
861.55	2232.87
861.85	2174.36
862.14	2253.94
862.43	2190.74
862.72	2207.13
863.01	2153.29
863.30	2188.40
863.59	2172.02
863.88	2136.91
864.17	2167.34
864.46	2207.13
864.75	2331.17
865.04	2202.44
865.33	2249.25
865.62	2237.55
865.91	2167.34
866.20	2197.76
866.49	2136.91
866.78	2193.08
867.07	2174.36
867.36	2246.91
867.65	2284.36
867.93	2188.40
868.22	2160.31
868.51	2160.31
868.80	2188.40
869.09	2207.13
869.38	2139.25
869.67	2260.96
869.96	2260.96
870.25	2260.96
