178.76	1717.95
179.14	1717.95
179.52	1717.95
179.90	1659.44
180.28	1818.60
180.66	1849.02
181.04	1816.26
181.42	1830.30
181.80	1790.51
182.18	1935.62
182.55	1797.53
182.93	1813.92
183.31	1891.15
183.69	1926.26
184.07	1989.46
184.45	1987.11
184.83	1947.33
185.21	1944.99
185.59	1952.01
185.97	2167.34
186.35	2122.87
186.72	2010.52
187.10	2059.67
187.48	2186.06
187.86	2092.44
188.24	1961.37
188.62	2111.16
189.00	2099.46
189.38	2097.12
189.75	2120.53
190.13	2139.25
190.51	2167.34
190.89	2300.75
191.27	2347.56
191.65	2139.25
192.03	2176.70
192.40	2162.66
192.78	2153.29
193.16	2157.97
193.54	2209.47
193.92	2232.87
194.30	2169.68
194.67	2174.36
195.05	2237.55
195.43	2207.13
195.81	2162.66
196.19	2256.28
196.56	2132.23
196.94	2165.00
197.32	2260.96
197.70	2132.23
198.08	2221.17
198.45	2148.61
198.83	2225.85
199.21	2200.10
199.59	2293.72
199.97	2108.82
200.34	2134.57
200.72	2148.61
201.10	2263.30
201.48	2221.17
201.85	2146.27
202.23	2169.68
202.61	2106.48
202.99	2218.83
203.36	2132.23
203.74	2090.10
204.12	2162.66
204.49	2127.55
204.87	2183.72
205.25	2153.29
205.63	2122.87
206.00	2071.37
206.38	2183.72
206.76	2230.53
207.14	2174.36
207.51	2078.40
207.89	2132.23
208.27	2057.33
208.64	2080.74
209.02	2122.87
209.40	2113.50
209.77	2050.31
210.15	2270.32
210.53	2099.46
210.90	2218.83
211.28	2143.93
211.66	2230.53
212.03	2115.84
212.41	2127.55
212.79	2160.31
213.16	2202.44
213.54	2211.81
213.92	2179.04
214.29	2062.01
214.67	2143.93
215.05	2132.23
215.42	2155.63
215.80	2143.93
216.17	2179.04
216.55	2113.50
216.93	2172.02
217.30	2211.81
217.68	2127.55
218.05	2153.29
218.43	2106.48
218.81	2113.50
219.18	2165.00
219.56	2132.23
219.93	2136.91
220.31	2108.82
220.69	2040.95
221.06	2094.78
221.44	2181.38
221.81	2165.00
222.19	2127.55
222.56	2155.63
222.94	2125.21
223.32	2127.55
223.69	2099.46
224.07	2230.53
224.44	2202.44
224.82	2169.68
225.19	2183.72
225.57	2197.76
225.94	2150.95
226.32	2146.27
226.69	2237.55
227.07	2244.57
227.44	2153.29
227.82	2148.61
228.19	2104.14
228.57	2193.08
228.94	2204.78
229.32	2132.23
229.69	2162.66
230.07	2106.48
230.44	2113.50
230.82	2209.47
231.19	2125.21
231.57	2118.18
231.94	2108.82
232.32	2293.72
232.69	2155.63
233.07	2160.31
233.44	2146.27
233.82	2132.23
234.19	2174.36
234.57	2202.44
234.94	2148.61
235.31	2155.63
235.69	2181.38
236.06	2207.13
236.44	2118.18
236.81	2200.10
237.19	2193.08
237.56	2211.81
237.93	2209.47
238.31	2141.59
238.68	2136.91
239.06	2118.18
239.43	2183.72
239.81	2216.49
240.18	2125.21
240.55	2183.72
240.93	2239.89
241.30	2225.85
241.67	2172.02
242.05	2197.76
242.42	2235.21
242.80	2136.91
243.17	2228.19
243.54	2174.36
243.92	2172.02
244.29	2218.83
244.66	2127.55
245.04	2296.07
245.41	2338.20
245.78	2099.46
246.16	2108.82
246.53	2113.50
246.90	2183.72
247.28	2237.55
247.65	2188.40
248.02	2160.31
248.40	2228.19
248.77	2165.00
249.14	2113.50
249.52	2139.25
249.89	2162.66
250.26	2085.42
250.64	2165.00
251.01	2265.64
251.38	2148.61
251.75	2150.95
252.13	2228.19
252.50	2249.25
252.87	2249.25
253.25	2162.66
253.62	2139.25
253.99	2165.00
254.36	2267.98
254.74	2221.17
255.11	2193.08
255.48	2162.66
255.85	2221.17
256.23	2197.76
256.60	2155.63
256.97	2150.95
257.34	2155.63
257.71	2225.85
258.09	2218.83
258.46	2183.72
258.83	2232.87
259.20	2193.08
259.58	2190.74
259.95	2094.78
260.32	2211.81
260.69	2157.97
261.06	2188.40
261.44	2193.08
261.81	2270.32
262.18	2258.62
262.55	2115.84
262.92	2148.61
263.29	2333.51
263.67	2181.38
264.04	2155.63
264.41	2179.04
264.78	2115.84
265.15	2244.57
265.52	2310.11
265.90	2150.95
266.27	2139.25
266.64	2118.18
267.01	2087.76
267.38	2162.66
267.75	2153.29
268.12	2190.74
268.50	2230.53
268.87	2169.68
269.24	2155.63
269.61	2202.44
269.98	2258.62
270.35	2188.40
270.72	2153.29
271.09	2174.36
271.46	2146.27
271.83	2230.53
272.21	2157.97
272.58	2169.68
272.95	2230.53
273.32	2197.76
273.69	2249.25
274.06	2157.97
274.43	2106.48
274.80	2188.40
275.17	2204.78
275.54	2338.20
275.91	2228.19
276.28	2193.08
276.65	2172.02
277.02	2214.15
277.39	2125.21
277.76	2174.36
278.13	2169.68
278.50	2225.85
278.87	2200.10
279.24	2239.89
279.61	2244.57
279.98	2209.47
280.35	2167.34
280.72	2244.57
281.09	2165.00
281.46	2125.21
281.83	2216.49
282.20	2101.80
282.57	2157.97
282.94	2235.21
283.31	2202.44
283.68	2214.15
284.05	2157.97
284.42	2157.97
284.79	2195.42
285.16	2207.13
285.53	2162.66
285.90	2190.74
286.27	2312.45
286.64	2167.34
287.01	2172.02
287.38	2132.23
287.75	2960.78
288.12	2258.62
288.49	2317.13
288.86	2211.81
289.23	2181.38
289.59	2207.13
289.96	2146.27
290.33	2195.42
290.70	2150.95
291.07	2193.08
291.44	2242.23
291.81	2146.27
292.18	2190.74
292.55	2111.16
292.91	2333.51
293.28	2256.28
293.65	2282.02
294.02	2225.85
294.39	2167.34
294.76	2216.49
295.13	2230.53
295.50	2148.61
295.86	2157.97
296.23	2190.74
296.60	2181.38
296.97	2165.00
297.34	2200.10
297.71	2218.83
298.07	2202.44
298.44	2132.23
298.81	2211.81
299.18	2211.81
299.55	2230.53
299.91	2225.85
300.28	2050.31
300.65	2146.27
301.02	2230.53
301.39	2267.98
301.75	2237.55
302.12	2197.76
302.49	2253.94
302.86	2211.81
303.23	2179.04
303.59	2183.72
303.96	2312.45
304.33	2237.55
304.70	2310.11
305.06	2186.06
305.43	2239.89
305.80	2202.44
306.17	2221.17
306.53	2195.42
306.90	2237.55
307.27	2155.63
307.64	2160.31
308.00	2188.40
308.37	2172.02
308.74	2286.70
309.11	2160.31
309.47	2143.93
309.84	2162.66
310.21	2169.68
310.57	2207.13
310.94	2172.02
311.31	2230.53
311.67	2179.04
312.04	2087.76
312.41	2242.23
312.77	2179.04
313.14	2188.40
313.51	2162.66
313.87	2188.40
314.24	2186.06
314.61	2204.78
314.97	2162.66
315.34	2127.55
315.71	2162.66
316.07	2289.04
316.44	2246.91
316.81	2253.94
317.17	2099.46
317.54	2277.34
317.91	2190.74
318.27	2202.44
318.64	2139.25
319.00	2221.17
319.37	2225.85
319.74	2211.81
320.10	2277.34
320.47	2148.61
320.83	2314.79
321.20	2148.61
321.57	2179.04
321.93	2118.18
322.30	2172.02
322.66	2188.40
323.03	2176.70
323.40	2176.70
323.76	2197.76
324.13	2244.57
324.49	2172.02
324.86	2335.85
325.22	2204.78
325.59	2153.29
325.95	2242.23
326.32	2211.81
326.68	2260.96
327.05	2190.74
327.42	2160.31
327.78	2214.15
328.15	2221.17
328.51	2115.84
328.88	2221.17
329.24	2204.78
329.61	2265.64
329.97	2183.72
330.34	2160.31
330.70	2221.17
331.07	2242.23
331.43	2160.31
331.80	2333.51
332.16	2218.83
332.52	2197.76
332.89	2246.91
333.25	2162.66
333.62	2324.15
333.98	2286.70
334.35	2223.51
334.71	2216.49
335.08	2122.87
335.44	2253.94
335.81	2305.43
336.17	2237.55
336.53	2129.89
336.90	2186.06
337.26	2251.60
337.63	2286.70
337.99	2211.81
338.36	2115.84
338.72	2181.38
339.08	2186.06
339.45	2136.91
339.81	2277.34
340.18	2169.68
340.54	2258.62
340.90	2218.83
341.27	2165.00
341.63	2188.40
341.99	2172.02
342.36	2263.30
342.72	2188.40
343.09	2263.30
343.45	2134.57
343.81	2253.94
344.18	2232.87
344.54	2218.83
344.90	2167.34
345.27	2225.85
345.63	2214.15
345.99	2251.60
346.36	2225.85
346.72	2172.02
347.08	2167.34
347.45	2143.93
347.81	2228.19
348.17	2181.38
348.54	2136.91
348.90	2181.38
349.26	2207.13
349.62	2197.76
349.99	2193.08
350.35	2160.31
350.71	2193.08
351.08	2186.06
351.44	2176.70
351.80	2314.79
352.16	2303.09
352.53	2193.08
352.89	2256.28
353.25	2172.02
353.61	2160.31
353.98	2221.17
354.34	2277.34
354.70	2160.31
355.06	2202.44
355.43	2186.06
355.79	2211.81
356.15	2235.21
356.51	2209.47
356.88	2136.91
357.24	2186.06
357.60	2179.04
357.96	2143.93
358.32	2342.88
358.69	2207.13
359.05	2232.87
359.41	2172.02
359.77	2118.18
360.13	2160.31
360.49	2176.70
360.86	2218.83
361.22	2258.62
361.58	2225.85
361.94	2246.91
362.30	2153.29
362.66	2249.25
363.03	2183.72
363.39	2092.44
363.75	2179.04
364.11	2253.94
364.47	2188.40
364.83	2277.34
365.19	2218.83
365.56	2232.87
365.92	2134.57
366.28	2157.97
366.64	2239.89
367.00	2169.68
367.36	2228.19
367.72	2235.21
368.08	2275.00
368.44	2216.49
368.80	2256.28
369.17	2235.21
369.53	2153.29
369.89	2230.53
370.25	2200.10
370.61	2160.31
370.97	2218.83
371.33	2216.49
371.69	2291.38
372.05	2207.13
372.41	2143.93
372.77	2132.23
373.13	2195.42
373.49	2190.74
373.85	2162.66
374.21	2179.04
374.57	2260.96
374.93	2204.78
375.29	2272.66
375.65	2207.13
376.01	2157.97
376.37	2214.15
376.73	2270.32
377.09	2167.34
377.45	2260.96
377.81	2153.29
378.17	2148.61
378.53	2167.34
378.89	2256.28
379.25	2204.78
379.61	2324.15
379.97	2223.51
380.33	2232.87
380.69	2090.10
381.05	2190.74
381.41	2249.25
381.77	2214.15
382.13	2172.02
382.49	2347.56
382.85	2160.31
383.21	2267.98
383.57	2125.21
383.93	2193.08
384.28	2200.10
384.64	2125.21
385.00	2193.08
385.36	2193.08
385.72	2263.30
386.08	2174.36
386.44	2211.81
386.80	2286.70
387.16	2296.07
387.52	2195.42
387.87	2291.38
388.23	2174.36
388.59	2174.36
388.95	2160.31
389.31	2120.53
389.67	2176.70
390.03	2174.36
390.38	2197.76
390.74	2143.93
391.10	2190.74
391.46	2176.70
391.82	2188.40
392.18	2275.00
392.54	2183.72
392.89	2230.53
393.25	2284.36
393.61	2129.89
393.97	2136.91
394.33	2118.18
394.68	2188.40
395.04	2146.27
395.40	2148.61
395.76	2207.13
396.12	2136.91
396.47	2167.34
396.83	2193.08
397.19	2148.61
397.55	2148.61
397.90	2150.95
398.26	2246.91
398.62	2150.95
398.98	2190.74
399.33	2275.00
399.69	2485.65
400.05	2239.89
400.41	2139.25
400.76	2235.21
401.12	2239.89
401.48	2204.78
401.84	2146.27
402.19	2143.93
402.55	2153.29
402.91	2118.18
403.26	2148.61
403.62	2136.91
403.98	2202.44
404.34	2127.55
404.69	2188.40
405.05	2204.78
405.41	2249.25
405.76	2150.95
406.12	2160.31
406.48	2228.19
406.83	2260.96
407.19	2221.17
407.55	2218.83
407.90	2275.00
408.26	2244.57
408.62	2303.09
408.97	2230.53
409.33	2155.63
409.68	2122.87
410.04	2134.57
410.40	2160.31
410.75	2239.89
411.11	2188.40
411.47	2115.84
411.82	2174.36
412.18	2204.78
412.53	2122.87
412.89	2148.61
413.25	2221.17
413.60	2183.72
413.96	2162.66
414.31	2125.21
414.67	2162.66
415.03	2160.31
415.38	2118.18
415.74	2188.40
416.09	2160.31
416.45	2202.44
416.80	2106.48
417.16	2263.30
417.51	2195.42
417.87	2162.66
418.23	2282.02
418.58	2207.13
418.94	2111.16
419.29	2195.42
419.65	2193.08
420.00	2209.47
420.36	2260.96
420.71	2157.97
421.07	2270.32
421.42	2225.85
421.78	2235.21
422.13	2162.66
422.49	2153.29
422.84	2214.15
423.20	2190.74
423.55	2139.25
423.91	2174.36
424.26	2230.53
424.61	2195.42
424.97	2193.08
425.32	2148.61
425.68	2174.36
426.03	2202.44
426.39	2265.64
426.74	2300.75
427.10	2087.76
427.45	2160.31
427.80	2207.13
428.16	2221.17
428.51	2120.53
428.87	2188.40
429.22	2256.28
429.58	2218.83
429.93	2150.95
430.28	2148.61
430.64	2228.19
430.99	2146.27
431.35	2160.31
431.70	2214.15
432.05	2162.66
432.41	2193.08
432.76	2099.46
433.11	2251.60
433.47	2129.89
433.82	2258.62
434.17	2235.21
434.53	2225.85
434.88	2331.17
435.24	2298.41
435.59	2230.53
435.94	2200.10
436.30	2256.28
436.65	2165.00
437.00	2265.64
437.35	2310.11
437.71	2193.08
438.06	2141.59
438.41	2146.27
438.77	2197.76
439.12	2143.93
439.47	2160.31
439.83	2237.55
440.18	2132.23
440.53	2157.97
440.88	2282.02
441.24	2204.78
441.59	2090.10
441.94	2200.10
442.30	2181.38
442.65	2256.28
443.00	2125.21
443.35	2253.94
443.71	2193.08
444.06	2225.85
444.41	2174.36
444.76	2230.53
445.11	2242.23
445.47	2230.53
445.82	2195.42
446.17	2169.68
446.52	2216.49
446.88	2167.34
447.23	2179.04
447.58	2176.70
447.93	2195.42
448.28	2546.50
448.63	2307.77
448.99	2228.19
449.34	2167.34
449.69	2251.60
450.04	2122.87
450.39	2125.21
450.74	2165.00
451.10	2214.15
451.45	2190.74
451.80	2195.42
452.15	2216.49
452.50	2165.00
452.85	2256.28
453.21	2211.81
453.56	2251.60
453.91	2209.47
454.26	2263.30
454.61	2211.81
454.96	2277.34
455.31	2153.29
455.66	2108.82
456.01	2204.78
456.36	2221.17
456.72	2141.59
457.07	2207.13
457.42	2239.89
457.77	2223.51
458.12	2179.04
458.47	2148.61
458.82	2228.19
459.17	2146.27
459.52	2223.51
459.87	2574.59
460.22	2209.47
460.57	2179.04
460.92	2188.40
461.27	2223.51
461.62	2146.27
461.97	2150.95
462.32	2289.04
462.67	2246.91
463.02	2298.41
463.38	2230.53
463.73	2186.06
464.08	2218.83
464.43	2216.49
464.78	2172.02
465.12	2211.81
465.47	2190.74
465.82	2502.03
466.17	2223.51
466.52	2197.76
466.87	2160.31
467.22	2230.53
467.57	2183.72
467.92	2162.66
468.27	2275.00
468.62	2317.13
468.97	2207.13
469.32	2150.95
469.67	2324.15
470.02	2305.43
470.37	2172.02
470.72	2200.10
471.07	2111.16
471.42	2169.68
471.76	2197.76
472.11	2216.49
472.46	2207.13
472.81	2368.62
473.16	2139.25
473.51	2256.28
473.86	2167.34
474.21	2167.34
474.56	2216.49
474.90	2157.97
475.25	2319.47
475.60	2195.42
475.95	2181.38
476.30	2251.60
476.65	2195.42
477.00	2317.13
477.34	2270.32
477.69	2179.04
478.04	2232.87
478.39	2134.57
478.74	2195.42
479.09	2129.89
479.43	2420.11
479.78	2115.84
480.13	2267.98
480.48	2232.87
480.83	2312.45
481.17	2176.70
481.52	2216.49
481.87	2127.55
482.22	2270.32
482.57	2165.00
482.91	2275.00
483.26	2200.10
483.61	2160.31
483.96	2143.93
484.30	4149.77
484.65	2263.30
485.00	2230.53
485.35	2209.47
485.69	2165.00
486.04	2188.40
486.39	2143.93
486.74	2258.62
487.08	2197.76
487.43	2244.57
487.78	2157.97
488.12	2221.17
488.47	2165.00
488.82	2270.32
489.17	2200.10
489.51	2143.93
489.86	2258.62
490.21	2169.68
490.55	2209.47
490.90	2113.50
491.25	2160.31
491.59	2108.82
491.94	2284.36
492.29	2165.00
492.63	2190.74
492.98	2153.29
493.33	2150.95
493.67	2179.04
494.02	2221.17
494.37	2183.72
494.71	2183.72
495.06	2148.61
495.40	2232.87
495.75	2225.85
496.10	2179.04
496.44	2258.62
496.79	2209.47
497.13	2115.84
497.48	2204.78
497.83	2186.06
498.17	2202.44
498.52	2188.40
498.86	2202.44
499.21	2190.74
499.56	2157.97
499.90	2197.76
500.25	2153.29
500.59	2221.17
500.94	2150.95
501.28	2242.23
501.63	2162.66
501.97	2160.31
502.32	2197.76
502.67	2232.87
503.01	2157.97
503.36	2197.76
503.70	2162.66
504.05	2204.78
504.39	2195.42
504.74	2167.34
505.08	2242.23
505.43	2122.87
505.77	2153.29
506.12	2209.47
506.46	2176.70
506.81	2172.02
507.15	2143.93
507.49	2160.31
507.84	2165.00
508.18	2214.15
508.53	2239.89
508.87	2179.04
509.22	2153.29
509.56	13240.41
509.91	2640.12
510.25	2160.31
510.60	2106.48
510.94	2193.08
511.28	2197.76
511.63	2249.25
511.97	2218.83
512.32	2179.04
512.66	2165.00
513.00	2200.10
513.35	2263.30
513.69	2085.42
514.04	2134.57
514.38	2211.81
514.72	2221.17
515.07	2106.48
515.41	2209.47
515.76	2104.14
516.10	2197.76
516.44	2197.76
516.79	2179.04
517.13	2193.08
517.47	2242.23
517.82	2204.78
518.16	2115.84
518.50	2228.19
518.85	2211.81
519.19	2275.00
519.53	2228.19
519.88	2239.89
520.22	2193.08
520.56	2258.62
520.91	2136.91
521.25	2263.30
521.59	2127.55
521.93	2244.57
522.28	2150.95
522.62	2174.36
522.96	2237.55
523.31	2113.50
523.65	2129.89
523.99	2186.06
524.33	2230.53
524.68	2179.04
525.02	2172.02
525.36	2200.10
525.70	2190.74
526.05	2132.23
526.39	2148.61
526.73	2193.08
527.07	2221.17
527.41	2249.25
527.76	2153.29
528.10	2162.66
528.44	2221.17
528.78	2179.04
529.12	2211.81
529.47	2179.04
529.81	2239.89
530.15	2296.07
530.49	2214.15
530.83	2136.91
531.18	2279.68
531.52	2263.30
531.86	2188.40
532.20	2246.91
532.54	2216.49
532.88	2172.02
533.22	2148.61
533.57	2214.15
533.91	2282.02
534.25	2209.47
534.59	2291.38
534.93	2176.70
535.27	2228.19
535.61	2181.38
535.95	2221.17
536.30	2186.06
536.64	2237.55
536.98	2197.76
537.32	2160.31
537.66	2052.65
538.00	2228.19
538.34	2202.44
538.68	2204.78
539.02	2237.55
539.36	2188.40
539.70	2207.13
540.04	2193.08
540.39	2382.67
540.73	2113.50
541.07	2181.38
541.41	2195.42
541.75	2225.85
542.09	2190.74
542.43	2190.74
542.77	2146.27
543.11	2148.61
543.45	2176.70
543.79	2197.76
544.13	2183.72
544.47	2216.49
544.81	2143.93
545.15	2237.55
545.49	2204.78
545.83	2150.95
546.17	2176.70
546.51	2165.00
546.85	2225.85
547.19	2200.10
547.53	2143.93
547.87	2331.17
548.21	2267.98
548.54	2106.48
548.88	2183.72
549.22	2127.55
549.56	2183.72
549.90	2169.68
550.24	2197.76
550.58	2244.57
550.92	2235.21
551.26	2169.68
551.60	2279.68
551.94	2218.83
552.28	2157.97
552.61	2246.91
552.95	2228.19
553.29	2186.06
553.63	2188.40
553.97	2298.41
554.31	2230.53
554.65	2272.66
554.99	2190.74
555.32	2186.06
555.66	2218.83
556.00	2174.36
556.34	2181.38
556.68	2165.00
557.02	2172.02
557.36	2188.40
557.69	2197.76
558.03	2197.76
558.37	2296.07
558.71	2305.43
559.05	2265.64
559.38	2270.32
559.72	2209.47
560.06	2216.49
560.40	2183.72
560.74	2221.17
561.07	2232.87
561.41	2179.04
561.75	2186.06
562.09	2165.00
562.42	2253.94
562.76	2232.87
563.10	2176.70
563.44	2490.33
563.77	2253.94
564.11	2190.74
564.45	2218.83
564.79	2317.13
565.12	2188.40
565.46	2129.89
565.80	2160.31
566.14	2244.57
566.47	2195.42
566.81	2129.89
567.15	2246.91
567.48	2186.06
567.82	2195.42
568.16	2181.38
568.49	2190.74
568.83	2113.50
569.17	2176.70
569.50	2186.06
569.84	2249.25
570.18	2193.08
570.51	2270.32
570.85	2270.32
571.19	2143.93
571.52	2150.95
571.86	2230.53
572.20	2228.19
572.53	2260.96
572.87	2085.42
573.21	2115.84
573.54	2230.53
573.88	2108.82
574.21	2200.10
574.55	2186.06
574.89	2146.27
575.22	2165.00
575.56	2174.36
575.89	2169.68
576.23	2153.29
576.57	2216.49
576.90	2235.21
577.24	2235.21
577.57	2195.42
577.91	2155.63
578.24	2157.97
578.58	2181.38
578.91	2246.91
579.25	2242.23
579.59	2211.81
579.92	2200.10
580.26	2141.59
580.59	2249.25
580.93	2148.61
581.26	2188.40
581.60	2080.74
581.93	2186.06
582.27	2230.53
582.60	2172.02
582.94	2195.42
583.27	2169.68
583.61	2143.93
583.94	2225.85
584.28	2183.72
584.61	2129.89
584.94	2125.21
585.28	2263.30
585.61	2275.00
585.95	2216.49
586.28	2275.00
586.62	2296.07
586.95	2162.66
587.29	2249.25
587.62	2228.19
587.95	2127.55
588.29	2225.85
588.62	2258.62
588.96	2230.53
589.29	2099.46
589.62	2160.31
589.96	2134.57
590.29	2165.00
590.63	2132.23
590.96	2165.00
591.29	2200.10
591.63	2263.30
591.96	2104.14
592.29	2167.34
592.63	2235.21
592.96	2188.40
593.30	2260.96
593.63	2176.70
593.96	2190.74
594.30	2157.97
594.63	2228.19
594.96	2331.17
595.30	2190.74
595.63	2132.23
595.96	2190.74
596.29	2230.53
596.63	2225.85
596.96	2197.76
597.29	2265.64
597.63	2127.55
597.96	2286.70
598.29	2181.38
598.63	2125.21
598.96	2239.89
599.29	2179.04
599.62	2282.02
599.96	2211.81
600.29	2165.00
600.62	2174.36
600.95	2181.38
601.29	2186.06
601.62	2202.44
601.95	2169.68
602.28	2165.00
602.61	2787.58
602.95	2195.42
603.28	2286.70
603.61	2218.83
603.94	2202.44
604.27	2167.34
604.61	2181.38
604.94	2207.13
605.27	2197.76
605.60	2136.91
605.93	2181.38
606.27	2202.44
606.60	2120.53
606.93	2111.16
607.26	2258.62
607.59	2244.57
607.92	2235.21
608.26	2256.28
608.59	2186.06
608.92	2146.27
609.25	2139.25
609.58	2167.34
609.91	2179.04
610.24	2265.64
610.57	2193.08
610.90	2232.87
611.24	2092.44
611.57	2157.97
611.90	2193.08
612.23	2197.76
612.56	2209.47
612.89	2209.47
613.22	2186.06
613.55	2122.87
613.88	2260.96
614.21	2160.31
614.54	2202.44
614.87	2275.00
615.20	2200.10
615.53	2265.64
615.87	2134.57
616.20	2216.49
616.53	2225.85
616.86	2211.81
617.19	2225.85
617.52	2169.68
617.85	2101.80
618.18	2162.66
618.51	2216.49
618.84	2204.78
619.17	2176.70
619.50	2237.55
619.83	2272.66
620.16	2265.64
620.49	2218.83
620.82	2317.13
621.14	2282.02
621.47	2218.83
621.80	2235.21
622.13	2225.85
622.46	2307.77
622.79	2237.55
623.12	2211.81
623.45	2204.78
623.78	2260.96
624.11	2153.29
624.44	2174.36
624.77	2193.08
625.10	2186.06
625.43	2167.34
625.75	2174.36
626.08	2127.55
626.41	2188.40
626.74	2232.87
627.07	2190.74
627.40	2253.94
627.73	2174.36
628.06	2125.21
628.38	2129.89
628.71	2193.08
629.04	2200.10
629.37	2193.08
629.70	2150.95
630.03	2148.61
630.36	2244.57
630.68	2183.72
631.01	2179.04
631.34	2265.64
631.67	2251.60
632.00	2167.34
632.32	2197.76
632.65	2232.87
632.98	2136.91
633.31	2223.51
633.64	2228.19
633.96	2139.25
634.29	2256.28
634.62	2202.44
634.95	2260.96
635.27	2193.08
635.60	2237.55
635.93	2136.91
636.26	2183.72
636.58	2214.15
636.91	2160.31
637.24	2160.31
637.57	2179.04
637.89	2188.40
638.22	2162.66
638.55	2120.53
638.87	2157.97
639.20	2115.84
639.53	2167.34
639.86	2118.18
640.18	2139.25
640.51	2134.57
640.84	2188.40
641.16	2176.70
641.49	2197.76
641.82	2153.29
642.14	2221.17
642.47	2293.72
642.80	2153.29
643.12	2195.42
643.45	2193.08
643.78	2188.40
644.10	2132.23
644.43	2169.68
644.75	2218.83
645.08	2155.63
645.41	2195.42
645.73	2134.57
646.06	2284.36
646.39	2258.62
646.71	2258.62
647.04	2242.23
647.36	2066.69
647.69	2113.50
648.01	2160.31
648.34	2136.91
648.67	2232.87
648.99	2157.97
649.32	2120.53
649.64	2148.61
649.97	2174.36
650.29	2111.16
650.62	2275.00
650.94	2176.70
651.27	2218.83
651.59	2179.04
651.92	2129.89
652.25	2300.75
652.57	2200.10
652.90	2183.72
653.22	2228.19
653.55	2232.87
653.87	2200.10
654.20	2244.57
654.52	2310.11
654.84	2197.76
655.17	2218.83
655.49	2272.66
655.82	2162.66
656.14	2181.38
656.47	2223.51
656.79	2267.98
657.12	2157.97
657.44	2230.53
657.77	2216.49
658.09	2148.61
658.41	2188.40
658.74	2270.32
659.06	2174.36
659.39	2148.61
659.71	2186.06
660.03	2186.06
660.36	2157.97
660.68	2141.59
661.01	2293.72
661.33	2251.60
661.65	2190.74
661.98	2326.49
662.30	2307.77
662.63	2249.25
662.95	2167.34
663.27	2146.27
663.60	2087.76
663.92	2125.21
664.24	2188.40
664.57	2242.23
664.89	2263.30
665.21	2221.17
665.54	2132.23
665.86	2218.83
666.18	2204.78
666.51	2190.74
666.83	2183.72
667.15	2317.13
667.47	2249.25
667.80	2218.83
668.12	2216.49
668.44	2099.46
668.77	2167.34
669.09	2235.21
669.41	2211.81
669.73	2200.10
670.06	2221.17
670.38	2167.34
670.70	2190.74
671.02	2179.04
671.35	2216.49
671.67	2179.04
671.99	2242.23
672.31	2282.02
672.63	2134.57
672.96	2279.68
673.28	2186.06
673.60	2195.42
673.92	2190.74
674.24	2183.72
674.57	2190.74
674.89	2218.83
675.21	2190.74
675.53	2193.08
675.85	2179.04
676.17	2183.72
676.50	2165.00
676.82	2216.49
677.14	2160.31
677.46	2317.13
677.78	2127.55
678.10	2197.76
678.42	2209.47
678.75	2232.87
679.07	2190.74
679.39	2193.08
679.71	2260.96
680.03	2305.43
680.35	2200.10
680.67	2094.78
680.99	2132.23
681.31	2186.06
681.63	2141.59
681.96	2286.70
682.28	2190.74
682.60	2190.74
682.92	2139.25
683.24	2143.93
683.56	2183.72
683.88	2174.36
684.20	2179.04
684.52	2195.42
684.84	2150.95
685.16	2230.53
685.48	2207.13
685.80	2232.87
686.12	2148.61
686.44	2237.55
686.76	2211.81
687.08	2200.10
687.40	2125.21
687.72	2228.19
688.04	2150.95
688.36	2263.30
688.68	2249.25
689.00	2216.49
689.32	2207.13
689.64	2186.06
689.96	2270.32
690.28	2202.44
690.60	2218.83
690.92	2148.61
691.24	2251.60
691.56	2260.96
691.88	2235.21
692.19	2216.49
692.51	2228.19
692.83	2190.74
693.15	2186.06
693.47	2148.61
693.79	2157.97
694.11	2253.94
694.43	2211.81
694.75	2153.29
695.06	2195.42
695.38	2260.96
695.70	2162.66
696.02	2239.89
696.34	2127.55
696.66	2176.70
696.98	2143.93
697.29	2169.68
697.61	2263.30
697.93	2258.62
698.25	2700.98
698.57	2244.57
698.89	2087.76
699.20	2172.02
699.52	2235.21
699.84	2111.16
700.16	2162.66
700.48	2150.95
700.79	2179.04
701.11	2228.19
701.43	2148.61
701.75	2094.78
702.07	2200.10
702.38	2195.42
702.70	2193.08
703.02	2176.70
703.34	2195.42
703.65	2310.11
703.97	2172.02
704.29	2122.87
704.61	2172.02
704.92	2228.19
705.24	2162.66
705.56	2258.62
705.87	2284.36
706.19	2179.04
706.51	2193.08
706.82	2253.94
707.14	2202.44
707.46	2230.53
707.78	2172.02
708.09	2202.44
708.41	2218.83
708.73	2258.62
709.04	2221.17
709.36	2146.27
709.68	2235.21
709.99	2225.85
710.31	2183.72
710.62	2244.57
710.94	2132.23
711.26	2218.83
711.57	2167.34
711.89	2071.37
712.21	2354.58
712.52	2190.74
712.84	2249.25
713.15	2214.15
713.47	2296.07
713.79	2139.25
714.10	2197.76
714.42	2099.46
714.73	2204.78
715.05	2183.72
715.36	2181.38
715.68	2125.21
715.99	2193.08
716.31	2218.83
716.63	2179.04
716.94	2225.85
717.26	2361.60
717.57	2193.08
717.89	2258.62
718.20	2172.02
718.52	2275.00
718.83	2179.04
719.15	2282.02
719.46	2272.66
719.78	2239.89
720.09	2193.08
720.41	2200.10
720.72	2129.89
721.04	2153.29
721.35	2202.44
721.67	2230.53
721.98	2197.76
722.29	2172.02
722.61	2150.95
722.92	2183.72
723.24	2118.18
723.55	2214.15
723.87	2141.59
724.18	2265.64
724.50	2122.87
724.81	2122.87
725.12	2190.74
725.44	2181.38
725.75	2216.49
726.07	2204.78
726.38	2176.70
726.69	2132.23
727.01	2235.21
727.32	2167.34
727.63	2176.70
727.95	2331.17
728.26	2181.38
728.58	2251.60
728.89	2214.15
729.20	2162.66
729.52	2179.04
729.83	2244.57
730.14	2209.47
730.46	2228.19
730.77	2272.66
731.08	2246.91
731.39	2246.91
731.71	2202.44
732.02	2193.08
732.33	2176.70
732.65	2202.44
732.96	2179.04
733.27	2225.85
733.59	2286.70
733.90	2228.19
734.21	2108.82
734.52	2209.47
734.84	2307.77
735.15	2188.40
735.46	2174.36
735.77	2179.04
736.09	2174.36
736.40	2256.28
736.71	2218.83
737.02	2155.63
737.33	2148.61
737.65	2146.27
737.96	2221.17
738.27	2221.17
738.58	2282.02
738.89	2143.93
739.21	2188.40
739.52	2155.63
739.83	2179.04
740.14	2162.66
740.45	2174.36
740.76	2148.61
741.08	2122.87
741.39	2153.29
741.70	2188.40
742.01	2188.40
742.32	2200.10
742.63	2190.74
742.94	2019.88
743.26	2256.28
743.57	2242.23
743.88	2202.44
744.19	2169.68
744.50	2172.02
744.81	2267.98
745.12	2232.87
745.43	2207.13
745.74	2303.09
746.05	2253.94
746.36	2104.14
746.67	2260.96
746.99	2204.78
747.30	2202.44
747.61	2228.19
747.92	2223.51
748.23	2275.00
748.54	2228.19
748.85	2165.00
749.16	2249.25
749.47	2195.42
749.78	2099.46
750.09	2165.00
750.40	2244.57
750.71	2188.40
751.02	2186.06
751.33	2179.04
751.64	2202.44
751.95	2218.83
752.26	2186.06
752.57	2209.47
752.88	2143.93
753.19	2211.81
753.50	2272.66
753.81	2200.10
754.11	2244.57
754.42	2366.28
754.73	2267.98
755.04	2181.38
755.35	2221.17
755.66	2298.41
755.97	2087.76
756.28	2179.04
756.59	2230.53
756.90	2342.88
757.21	2200.10
757.52	2272.66
757.82	2204.78
758.13	2146.27
758.44	2282.02
758.75	2225.85
759.06	2125.21
759.37	2134.57
759.68	2108.82
759.98	2139.25
760.29	2242.23
760.60	2211.81
760.91	2150.95
761.22	2202.44
761.53	2172.02
761.83	2186.06
762.14	2197.76
762.45	2204.78
762.76	2193.08
763.07	2197.76
763.37	2335.85
763.68	2275.00
763.99	2298.41
764.30	2225.85
764.60	2111.16
764.91	2200.10
765.22	2136.91
765.53	2256.28
765.84	2181.38
766.14	2242.23
766.45	2122.87
766.76	2310.11
767.06	2235.21
767.37	2230.53
767.68	2190.74
767.99	2157.97
768.29	2209.47
768.60	2172.02
768.91	2207.13
769.21	2272.66
769.52	2242.23
769.83	2193.08
770.13	2136.91
770.44	2181.38
770.75	2218.83
771.05	2162.66
771.36	2225.85
771.67	2244.57
771.97	2122.87
772.28	2179.04
772.59	2221.17
772.89	2298.41
773.20	2186.06
773.51	2157.97
773.81	2153.29
774.12	2207.13
774.42	2139.25
774.73	2228.19
775.04	2134.57
775.34	2380.32
775.65	2218.83
775.95	2279.68
776.26	2253.94
776.56	2179.04
776.87	2216.49
777.18	3293.13
777.48	2368.62
777.79	2218.83
778.09	2223.51
778.40	2157.97
778.70	2129.89
779.01	2286.70
779.31	2216.49
779.62	2218.83
779.92	2246.91
780.23	2176.70
780.53	2113.50
780.84	2218.83
781.14	2136.91
781.45	2221.17
781.75	2214.15
782.06	2101.80
782.36	2155.63
782.67	2104.14
782.97	2188.40
783.28	2214.15
783.58	2153.29
783.89	2146.27
784.19	2204.78
784.49	2223.51
784.80	2181.38
785.10	2300.75
785.41	2160.31
785.71	2223.51
786.02	2181.38
786.32	2356.92
786.62	2246.91
786.93	2190.74
787.23	2148.61
787.54	2183.72
787.84	2242.23
788.14	2150.95
788.45	2188.40
788.75	2120.53
789.05	2127.55
789.36	2181.38
789.66	2349.90
789.96	2251.60
790.27	2232.87
790.57	2188.40
790.87	2136.91
791.18	2188.40
791.48	2172.02
791.78	2209.47
792.09	2218.83
792.39	2225.85
792.69	2279.68
793.00	2193.08
793.30	2197.76
793.60	2146.27
793.90	2143.93
794.21	2237.55
794.51	2338.20
794.81	2218.83
795.11	2216.49
795.42	2249.25
795.72	2197.76
796.02	2251.60
796.32	2235.21
796.63	2242.23
796.93	2356.92
797.23	2251.60
797.53	2232.87
797.84	2134.57
798.14	2176.70
798.44	2162.66
798.74	2223.51
799.04	2214.15
799.34	2141.59
799.65	2293.72
799.95	2165.00
800.25	2195.42
800.55	2153.29
800.85	2176.70
801.15	2179.04
801.46	2165.00
801.76	2363.94
802.06	2160.31
802.36	2148.61
802.66	2172.02
802.96	2291.38
803.26	2246.91
803.56	2275.00
803.87	2312.45
804.17	2277.34
804.47	2260.96
804.77	2249.25
805.07	2235.21
805.37	2207.13
805.67	2174.36
805.97	2176.70
806.27	2253.94
806.57	2176.70
806.87	2200.10
807.17	2249.25
807.47	2307.77
807.77	2209.47
808.07	2143.93
808.37	2267.98
808.67	2183.72
808.98	2298.41
809.28	2188.40
809.58	2361.60
809.88	2347.56
810.18	2249.25
810.47	2204.78
810.77	2143.93
811.07	2244.57
811.37	2209.47
811.67	2235.21
811.97	2284.36
812.27	2193.08
812.57	2153.29
812.87	2239.89
813.17	2195.42
813.47	2150.95
813.77	2216.49
814.07	2277.34
814.37	2230.53
814.67	2143.93
814.97	2157.97
815.27	2172.02
815.56	2179.04
815.86	2244.57
816.16	2193.08
816.46	2190.74
816.76	2169.68
817.06	2186.06
817.36	2260.96
817.66	2216.49
817.95	2141.59
818.25	2204.78
818.55	2242.23
818.85	2218.83
819.15	2083.08
819.45	2303.09
819.75	2214.15
820.04	2195.42
820.34	2253.94
820.64	2176.70
820.94	2216.49
821.24	2214.15
821.53	2186.06
821.83	2218.83
822.13	2148.61
822.43	2172.02
822.72	2153.29
823.02	2195.42
823.32	2183.72
823.62	2223.51
823.91	2310.11
824.21	2211.81
824.51	2172.02
824.81	2090.10
825.10	2190.74
825.40	2195.42
825.70	2136.91
826.00	2291.38
826.29	2113.50
826.59	2239.89
826.89	2176.70
827.18	2183.72
827.48	2181.38
827.78	2190.74
828.07	2174.36
828.37	2167.34
828.67	2193.08
828.96	2132.23
829.26	2155.63
829.56	2296.07
829.85	2265.64
830.15	2216.49
830.45	2134.57
830.74	2267.98
831.04	2216.49
831.34	2244.57
831.63	2256.28
831.93	2300.75
832.22	2183.72
832.52	2204.78
832.82	2237.55
833.11	2127.55
833.41	2209.47
833.70	2188.40
834.00	2143.93
834.29	2113.50
834.59	2165.00
834.89	2207.13
835.18	2181.38
835.48	2272.66
835.77	2298.41
836.07	2193.08
836.36	2223.51
836.66	2244.57
836.95	2246.91
837.25	2181.38
837.54	2165.00
837.84	2157.97
838.13	2172.02
838.43	2146.27
838.72	2291.38
839.02	2253.94
839.31	2176.70
839.61	2211.81
839.90	2188.40
840.20	2167.34
840.49	2228.19
840.78	2279.68
841.08	2179.04
841.37	2176.70
841.67	2139.25
841.96	2188.40
842.26	2153.29
842.55	2181.38
842.84	2143.93
843.14	2209.47
843.43	2162.66
843.73	2216.49
844.02	2113.50
844.31	2179.04
844.61	2136.91
844.90	2277.34
845.20	2143.93
845.49	2139.25
845.78	2214.15
846.08	2188.40
846.37	2202.44
846.66	2099.46
846.96	2209.47
847.25	2256.28
847.54	2218.83
847.84	2197.76
848.13	2193.08
848.42	2174.36
848.72	2197.76
849.01	2197.76
849.30	2129.89
849.59	2202.44
849.89	2174.36
850.18	2232.87
850.47	2195.42
850.76	2326.49
851.06	2310.11
851.35	2225.85
851.64	2251.60
851.93	2223.51
852.23	2392.03
852.52	2167.34
852.81	2148.61
853.10	2195.42
853.40	2092.44
853.69	2125.21
853.98	2228.19
854.27	2270.32
854.56	2143.93
854.86	2172.02
855.15	2174.36
855.44	2188.40
855.73	2195.42
856.02	2160.31
856.31	2169.68
856.61	2183.72
856.90	2139.25
857.19	2204.78
857.48	2209.47
857.77	2162.66
858.06	2127.55
858.35	2087.76
858.65	2303.09
858.94	2202.44
859.23	2249.25
859.52	2211.81
859.81	2239.89
860.10	2179.04
860.39	2216.49
860.68	2136.91
860.97	2155.63
861.26	2090.10
861.55	2232.87
861.85	2186.06
862.14	2160.31
862.43	2216.49
862.72	2239.89
863.01	2120.53
863.30	2153.29
863.59	2228.19
863.88	2172.02
864.17	2169.68
864.46	2186.06
864.75	2296.07
865.04	2221.17
865.33	2090.10
865.62	2228.19
865.91	2200.10
866.20	2183.72
866.49	2141.59
866.78	2141.59
867.07	2202.44
867.36	2244.57
867.65	2235.21
867.93	2223.51
868.22	2139.25
868.51	2197.76
868.80	2200.10
869.09	2129.89
869.38	2115.84
869.67	2186.06
869.96	2186.06
870.25	2186.06
