178.76	1774.13
179.14	1774.13
179.52	1774.13
179.90	1708.59
180.28	1856.04
180.66	1830.30
181.04	1877.11
181.42	1809.23
181.80	1797.53
182.18	1893.49
182.55	1877.11
182.93	1834.98
183.31	1916.90
183.69	1907.54
184.07	1944.99
184.45	1905.20
184.83	1944.99
185.21	1919.24
185.59	1975.41
185.97	2092.44
186.35	2069.03
186.72	2017.54
187.10	2038.61
187.48	2155.63
187.86	2078.40
188.24	2090.10
188.62	2064.35
189.00	2148.61
189.38	2127.55
189.75	2146.27
190.13	2169.68
190.51	2092.44
190.89	2251.60
191.27	2342.88
191.65	2197.76
192.03	2209.47
192.40	2232.87
192.78	2162.66
193.16	2267.98
193.54	2204.78
193.92	2207.13
194.30	2134.57
194.67	2239.89
195.05	2188.40
195.43	2172.02
195.81	2115.84
196.19	2216.49
196.56	2197.76
196.94	2120.53
197.32	2244.57
197.70	2193.08
198.08	2195.42
198.45	2181.38
198.83	2120.53
199.21	2129.89
199.59	2179.04
199.97	2209.47
200.34	2122.87
200.72	2101.80
201.10	2270.32
201.48	2125.21
201.85	2118.18
202.23	2036.27
202.61	2143.93
202.99	2279.68
203.36	2155.63
203.74	2202.44
204.12	2181.38
204.49	2136.91
204.87	2223.51
205.25	2038.61
205.63	2080.74
206.00	2113.50
206.38	2146.27
206.76	2223.51
207.14	2008.18
207.51	2127.55
207.89	2204.78
208.27	2169.68
208.64	2115.84
209.02	2115.84
209.40	2113.50
209.77	2157.97
210.15	2232.87
210.53	2221.17
210.90	2239.89
211.28	2148.61
211.66	2195.42
212.03	2115.84
212.41	2094.78
212.79	2165.00
213.16	2139.25
213.54	2054.99
213.92	2108.82
214.29	2097.12
214.67	2113.50
215.05	2186.06
215.42	2181.38
215.80	2155.63
216.17	2155.63
216.55	2190.74
216.93	2143.93
217.30	2150.95
217.68	2155.63
218.05	2132.23
218.43	2104.14
218.81	2169.68
219.18	2223.51
219.56	2080.74
219.93	2157.97
220.31	2134.57
220.69	2125.21
221.06	2157.97
221.44	2141.59
221.81	2209.47
222.19	2108.82
222.56	2122.87
222.94	2115.84
223.32	2139.25
223.69	2118.18
224.07	2179.04
224.44	2186.06
224.82	2174.36
225.19	2190.74
225.57	2188.40
225.94	2115.84
226.32	2148.61
226.69	2230.53
227.07	2197.76
227.44	2153.29
227.82	2094.78
228.19	2125.21
228.57	2179.04
228.94	2181.38
229.32	2165.00
229.69	2167.34
230.07	2136.91
230.44	2101.80
230.82	2193.08
231.19	2193.08
231.57	2092.44
231.94	2113.50
232.32	2279.68
232.69	2296.07
233.07	2146.27
233.44	2157.97
233.82	2172.02
234.19	2143.93
234.57	2169.68
234.94	2141.59
235.31	2139.25
235.69	2169.68
236.06	2122.87
236.44	2195.42
236.81	2073.71
237.19	2176.70
237.56	2246.91
237.93	2172.02
238.31	2181.38
238.68	2186.06
239.06	2148.61
239.43	2155.63
239.81	2183.72
240.18	2113.50
240.55	2157.97
240.93	2186.06
241.30	2122.87
241.67	2155.63
242.05	2200.10
242.42	2237.55
242.80	2143.93
243.17	2186.06
243.54	2216.49
243.92	2155.63
244.29	2146.27
244.66	2193.08
245.04	2200.10
245.41	2293.72
245.78	2132.23
246.16	2169.68
246.53	2150.95
246.90	2169.68
247.28	2253.94
247.65	2162.66
248.02	2157.97
248.40	2209.47
248.77	2157.97
249.14	2167.34
249.52	2108.82
249.89	2195.42
250.26	2122.87
250.64	2195.42
251.01	2331.17
251.38	2160.31
251.75	2101.80
252.13	2097.12
252.50	2129.89
252.87	2225.85
253.25	2153.29
253.62	2209.47
253.99	2141.59
254.36	2223.51
254.74	2176.70
255.11	2136.91
255.48	2080.74
255.85	2204.78
256.23	2162.66
256.60	2129.89
256.97	2150.95
257.34	2183.72
257.71	2153.29
258.09	2165.00
258.46	2153.29
258.83	2270.32
259.20	2216.49
259.58	2230.53
259.95	2202.44
260.32	2202.44
260.69	2115.84
261.06	2190.74
261.44	2146.27
261.81	2216.49
262.18	2146.27
262.55	2150.95
262.92	2122.87
263.29	2169.68
263.67	2148.61
264.04	2155.63
264.41	2181.38
264.78	2167.34
265.15	2237.55
265.52	2284.36
265.90	2122.87
266.27	2188.40
266.64	2143.93
267.01	2094.78
267.38	2188.40
267.75	2134.57
268.12	2129.89
268.50	2225.85
268.87	2228.19
269.24	2134.57
269.61	2239.89
269.98	2120.53
270.35	2228.19
270.72	2122.87
271.09	2155.63
271.46	2150.95
271.83	2284.36
272.21	2197.76
272.58	2139.25
272.95	2193.08
273.32	2181.38
273.69	2221.17
274.06	2106.48
274.43	2167.34
274.80	2258.62
275.17	2211.81
275.54	2305.43
275.91	2193.08
276.28	2228.19
276.65	2193.08
277.02	2286.70
277.39	2207.13
277.76	2141.59
278.13	2216.49
278.50	2155.63
278.87	2132.23
279.24	2232.87
279.61	2204.78
279.98	2298.41
280.35	2225.85
280.72	2181.38
281.09	2200.10
281.46	2204.78
281.83	2214.15
282.20	2190.74
282.57	2188.40
282.94	2174.36
283.31	2172.02
283.68	2204.78
284.05	2155.63
284.42	2218.83
284.79	2221.17
285.16	2211.81
285.53	2186.06
285.90	2244.57
286.27	2310.11
286.64	2179.04
287.01	2136.91
287.38	2200.10
287.75	3075.46
288.12	2275.00
288.49	2359.26
288.86	2216.49
289.23	2188.40
289.59	2200.10
289.96	2188.40
290.33	2211.81
290.70	2190.74
291.07	2186.06
291.44	2155.63
291.81	2134.57
292.18	2249.25
292.55	2136.91
292.91	2242.23
293.28	2249.25
293.65	2263.30
294.02	2188.40
294.39	2244.57
294.76	2162.66
295.13	2104.14
295.50	2167.34
295.86	2228.19
296.23	2200.10
296.60	2202.44
296.97	2134.57
297.34	2214.15
297.71	2221.17
298.07	2202.44
298.44	2188.40
298.81	2202.44
299.18	2200.10
299.55	2277.34
299.91	2108.82
300.28	2176.70
300.65	2136.91
301.02	2122.87
301.39	2211.81
301.75	2272.66
302.12	2218.83
302.49	2188.40
302.86	2223.51
303.23	2165.00
303.59	2115.84
303.96	2352.24
304.33	2223.51
304.70	2317.13
305.06	2174.36
305.43	2244.57
305.80	2221.17
306.17	2237.55
306.53	1984.77
306.90	2361.60
307.27	2246.91
307.64	2291.38
308.00	2193.08
308.37	2244.57
308.74	2324.15
309.11	2225.85
309.47	2223.51
309.84	2132.23
310.21	2214.15
310.57	2207.13
310.94	2143.93
311.31	2190.74
311.67	2289.04
312.04	2186.06
312.41	2167.34
312.77	2253.94
313.14	2202.44
313.51	2228.19
313.87	2186.06
314.24	2190.74
314.61	2167.34
314.97	2211.81
315.34	2249.25
315.71	2232.87
316.07	2221.17
316.44	2204.78
316.81	2244.57
317.17	2197.76
317.54	2265.64
317.91	2216.49
318.27	2125.21
318.64	2228.19
319.00	2232.87
319.37	2169.68
319.74	2190.74
320.10	2263.30
320.47	2160.31
320.83	2218.83
321.20	2139.25
321.57	2132.23
321.93	2190.74
322.30	2218.83
322.66	2225.85
323.03	2223.51
323.40	2190.74
323.76	2221.17
324.13	2193.08
324.49	2120.53
324.86	2349.90
325.22	2272.66
325.59	2216.49
325.95	2183.72
326.32	2186.06
326.68	2221.17
327.05	2228.19
327.42	2157.97
327.78	2193.08
328.15	2237.55
328.51	2155.63
328.88	2108.82
329.24	2228.19
329.61	2127.55
329.97	2230.53
330.34	2160.31
330.70	2165.00
331.07	2225.85
331.43	2239.89
331.80	2300.75
332.16	2279.68
332.52	2188.40
332.89	2209.47
333.25	2150.95
333.62	2256.28
333.98	2200.10
334.35	2125.21
334.71	2216.49
335.08	2162.66
335.44	2277.34
335.81	2211.81
336.17	2267.98
336.53	2204.78
336.90	2165.00
337.26	2211.81
337.63	2296.07
337.99	2183.72
338.36	2157.97
338.72	2165.00
339.08	2188.40
339.45	2197.76
339.81	2282.02
340.18	2172.02
340.54	2253.94
340.90	2232.87
341.27	2190.74
341.63	2176.70
341.99	2155.63
342.36	2176.70
342.72	2214.15
343.09	2305.43
343.45	2022.22
343.81	2216.49
344.18	2162.66
344.54	2204.78
344.90	2230.53
345.27	2221.17
345.63	2186.06
345.99	2211.81
346.36	2167.34
346.72	2136.91
347.08	2169.68
347.45	2190.74
347.81	2216.49
348.17	2129.89
348.54	2118.18
348.90	2256.28
349.26	2305.43
349.62	2275.00
349.99	2129.89
350.35	2160.31
350.71	2221.17
351.08	2211.81
351.44	2047.97
351.80	2284.36
352.16	2209.47
352.53	2150.95
352.89	2225.85
353.25	2265.64
353.61	2221.17
353.98	2221.17
354.34	2223.51
354.70	2148.61
355.06	2104.14
355.43	2169.68
355.79	2197.76
356.15	2218.83
356.51	2200.10
356.88	2186.06
357.24	2204.78
357.60	2143.93
357.96	2225.85
358.32	2310.11
358.69	2115.84
359.05	2242.23
359.41	2165.00
359.77	2115.84
360.13	2237.55
360.49	2239.89
360.86	2326.49
361.22	2136.91
361.58	2197.76
361.94	2272.66
362.30	2207.13
362.66	2139.25
363.03	2179.04
363.39	2181.38
363.75	2134.57
364.11	2195.42
364.47	2186.06
364.83	2228.19
365.19	2197.76
365.56	2221.17
365.92	2190.74
366.28	2218.83
366.64	2146.27
367.00	2087.76
367.36	2141.59
367.72	2249.25
368.08	2244.57
368.44	2136.91
368.80	2188.40
369.17	2190.74
369.53	2179.04
369.89	2190.74
370.25	2235.21
370.61	2181.38
370.97	2211.81
371.33	2157.97
371.69	2282.02
372.05	2256.28
372.41	2141.59
372.77	2146.27
373.13	2190.74
373.49	2139.25
373.85	2202.44
374.21	2195.42
374.57	2183.72
374.93	2239.89
375.29	2223.51
375.65	2221.17
376.01	2195.42
376.37	2179.04
376.73	2216.49
377.09	2195.42
377.45	2272.66
377.81	2223.51
378.17	2148.61
378.53	2204.78
378.89	2246.91
379.25	2284.36
379.61	2382.67
379.97	2256.28
380.33	2106.48
380.69	2216.49
381.05	2165.00
381.41	2181.38
381.77	2211.81
382.13	2244.57
382.49	2232.87
382.85	2183.72
383.21	2249.25
383.57	2165.00
383.93	2251.60
384.28	2143.93
384.64	2216.49
385.00	2221.17
385.36	2090.10
385.72	2237.55
386.08	2193.08
386.44	2237.55
386.80	2244.57
387.16	2282.02
387.52	2239.89
387.87	2286.70
388.23	2202.44
388.59	2172.02
388.95	2134.57
389.31	2211.81
389.67	2160.31
390.03	2188.40
390.38	2216.49
390.74	2193.08
391.10	2197.76
391.46	2251.60
391.82	2186.06
392.18	2218.83
392.54	2179.04
392.89	2139.25
393.25	2218.83
393.61	2195.42
393.97	2146.27
394.33	2143.93
394.68	2157.97
395.04	2132.23
395.40	2209.47
395.76	2207.13
396.12	2225.85
396.47	2190.74
396.83	2172.02
397.19	2249.25
397.55	2195.42
397.90	2214.15
398.26	2179.04
398.62	2160.31
398.98	2155.63
399.33	2209.47
399.69	2420.11
400.05	2195.42
400.41	2162.66
400.76	2183.72
401.12	2230.53
401.48	2200.10
401.84	2232.87
402.19	2136.91
402.55	2165.00
402.91	2160.31
403.26	2174.36
403.62	2190.74
403.98	2221.17
404.34	2174.36
404.69	2195.42
405.05	2179.04
405.41	2338.20
405.76	2235.21
406.12	2263.30
406.48	2143.93
406.83	2167.34
407.19	2195.42
407.55	2228.19
407.90	2317.13
408.26	2239.89
408.62	2270.32
408.97	2232.87
409.33	2174.36
409.68	2195.42
410.04	2202.44
410.40	2162.66
410.75	2190.74
411.11	2183.72
411.47	2190.74
411.82	2235.21
412.18	2221.17
412.53	2272.66
412.89	2169.68
413.25	2197.76
413.60	2153.29
413.96	2146.27
414.31	2223.51
414.67	2303.09
415.03	2228.19
415.38	2165.00
415.74	2165.00
416.09	2195.42
416.45	2207.13
416.80	2183.72
417.16	2221.17
417.51	2193.08
417.87	2204.78
418.23	2209.47
418.58	2235.21
418.94	2146.27
419.29	2099.46
419.65	2232.87
420.00	2202.44
420.36	2260.96
420.71	2221.17
421.07	2188.40
421.42	2176.70
421.78	2188.40
422.13	2181.38
422.49	2174.36
422.84	2134.57
423.20	2204.78
423.55	2134.57
423.91	2179.04
424.26	2253.94
424.61	2155.63
424.97	2186.06
425.32	2216.49
425.68	2223.51
426.03	2172.02
426.39	2253.94
426.74	2223.51
427.10	2218.83
427.45	2162.66
427.80	2183.72
428.16	2214.15
428.51	2148.61
428.87	2179.04
429.22	2267.98
429.58	2338.20
429.93	2176.70
430.28	2195.42
430.64	2176.70
430.99	2160.31
431.35	2218.83
431.70	2204.78
432.05	2162.66
432.41	2172.02
432.76	2115.84
433.11	2183.72
433.47	2232.87
433.82	2300.75
434.17	2211.81
434.53	2258.62
434.88	2277.34
435.24	2223.51
435.59	2223.51
435.94	2160.31
436.30	2235.21
436.65	2197.76
437.00	2251.60
437.35	2321.81
437.71	2209.47
438.06	2148.61
438.41	2162.66
438.77	2275.00
439.12	2179.04
439.47	2221.17
439.83	2223.51
440.18	2146.27
440.53	2207.13
440.88	2275.00
441.24	2225.85
441.59	2139.25
441.94	2221.17
442.30	2195.42
442.65	2216.49
443.00	2223.51
443.35	2195.42
443.71	2160.31
444.06	2143.93
444.41	2172.02
444.76	2275.00
445.11	2176.70
445.47	2232.87
445.82	2239.89
446.17	2183.72
446.52	2193.08
446.88	2134.57
447.23	2162.66
447.58	2225.85
447.93	2132.23
448.28	2572.25
448.63	2235.21
448.99	2216.49
449.34	2209.47
449.69	2209.47
450.04	2228.19
450.39	2022.22
450.74	2195.42
451.10	2193.08
451.45	2211.81
451.80	2216.49
452.15	2253.94
452.50	2148.61
452.85	2216.49
453.21	2207.13
453.56	2172.02
453.91	2232.87
454.26	2186.06
454.61	2134.57
454.96	2143.93
455.31	2188.40
455.66	2176.70
456.01	2186.06
456.36	2174.36
456.72	2230.53
457.07	2195.42
457.42	2260.96
457.77	2232.87
458.12	2155.63
458.47	2188.40
458.82	2312.45
459.17	2228.19
459.52	2162.66
459.87	2572.25
460.22	2186.06
460.57	2239.89
460.92	2174.36
461.27	2179.04
461.62	2097.12
461.97	2228.19
462.32	2230.53
462.67	2235.21
463.02	2265.64
463.38	2272.66
463.73	2225.85
464.08	2263.30
464.43	2186.06
464.78	2174.36
465.12	2157.97
465.47	2186.06
465.82	2560.55
466.17	2200.10
466.52	2207.13
466.87	2190.74
467.22	2195.42
467.57	2120.53
467.92	2375.64
468.27	2256.28
468.62	2253.94
468.97	2181.38
469.32	2162.66
469.67	2265.64
470.02	2272.66
470.37	2176.70
470.72	2221.17
471.07	2169.68
471.42	2165.00
471.76	2157.97
472.11	2153.29
472.46	2235.21
472.81	2293.72
473.16	2193.08
473.51	2167.34
473.86	2122.87
474.21	2153.29
474.56	2094.78
474.90	2141.59
475.25	2256.28
475.60	2251.60
475.95	2132.23
476.30	2237.55
476.65	2232.87
477.00	2417.77
477.34	2232.87
477.69	2167.34
478.04	2225.85
478.39	2218.83
478.74	2174.36
479.09	2186.06
479.43	2363.94
479.78	2167.34
480.13	2300.75
480.48	2272.66
480.83	2162.66
481.17	2200.10
481.52	2279.68
481.87	2228.19
482.22	2181.38
482.57	2155.63
482.91	2249.25
483.26	2209.47
483.61	2183.72
483.96	2239.89
484.30	4262.12
484.65	2291.38
485.00	2122.87
485.35	2286.70
485.69	2122.87
486.04	2188.40
486.39	2204.78
486.74	2190.74
487.08	2169.68
487.43	2214.15
487.78	2153.29
488.12	2256.28
488.47	2113.50
488.82	2251.60
489.17	2181.38
489.51	2211.81
489.86	2230.53
490.21	2195.42
490.55	2218.83
490.90	2221.17
491.25	2230.53
491.59	2090.10
491.94	2190.74
492.29	2179.04
492.63	2188.40
492.98	2090.10
493.33	2202.44
493.67	2183.72
494.02	2167.34
494.37	2204.78
494.71	2202.44
495.06	2090.10
495.40	2249.25
495.75	2232.87
496.10	2265.64
496.44	2300.75
496.79	2155.63
497.13	2141.59
497.48	2317.13
497.83	2282.02
498.17	2303.09
498.52	2174.36
498.86	2232.87
499.21	2228.19
499.56	2218.83
499.90	2244.57
500.25	2132.23
500.59	2162.66
500.94	2244.57
501.28	2216.49
501.63	2251.60
501.97	2111.16
502.32	2267.98
502.67	2092.44
503.01	2092.44
503.36	2195.42
503.70	2200.10
504.05	2150.95
504.39	2223.51
504.74	2251.60
505.08	2246.91
505.43	2094.78
505.77	2195.42
506.12	2157.97
506.46	2115.84
506.81	2193.08
507.15	2153.29
507.49	2209.47
507.84	2204.78
508.18	2249.25
508.53	2221.17
508.87	2165.00
509.22	2179.04
509.56	13004.02
509.91	2722.04
510.25	2258.62
510.60	2183.72
510.94	2251.60
511.28	2197.76
511.63	2162.66
511.97	2258.62
512.32	2169.68
512.66	2129.89
513.00	2237.55
513.35	2249.25
513.69	2207.13
514.04	2242.23
514.38	2195.42
514.72	2169.68
515.07	2136.91
515.41	2120.53
515.76	2115.84
516.10	2200.10
516.44	2251.60
516.79	2122.87
517.13	2162.66
517.47	2244.57
517.82	2169.68
518.16	2218.83
518.50	2228.19
518.85	2150.95
519.19	2228.19
519.53	2242.23
519.88	2090.10
520.22	2197.76
520.56	2209.47
520.91	2132.23
521.25	2153.29
521.59	2207.13
521.93	2232.87
522.28	2230.53
522.62	2242.23
522.96	2314.79
523.31	2167.34
523.65	2237.55
523.99	2174.36
524.33	2214.15
524.68	2202.44
525.02	2172.02
525.36	2174.36
525.70	2174.36
526.05	2214.15
526.39	2230.53
526.73	2258.62
527.07	2179.04
527.41	2169.68
527.76	2139.25
528.10	2197.76
528.44	2160.31
528.78	2260.96
529.12	2195.42
529.47	2209.47
529.81	2218.83
530.15	2256.28
530.49	2195.42
530.83	2186.06
531.18	2216.49
531.52	2118.18
531.86	2108.82
532.20	2256.28
532.54	2275.00
532.88	2195.42
533.22	2193.08
533.57	2235.21
533.91	2202.44
534.25	2099.46
534.59	2284.36
534.93	2197.76
535.27	2157.97
535.61	2174.36
535.95	2267.98
536.30	2258.62
536.64	2162.66
536.98	2157.97
537.32	2132.23
537.66	2235.21
538.00	2225.85
538.34	2132.23
538.68	2148.61
539.02	2251.60
539.36	2186.06
539.70	2195.42
540.04	2153.29
540.39	2382.67
540.73	2209.47
541.07	2148.61
541.41	2223.51
541.75	2211.81
542.09	2167.34
542.43	2160.31
542.77	2186.06
543.11	2209.47
543.45	2160.31
543.79	2242.23
544.13	2200.10
544.47	2148.61
544.81	2207.13
545.15	2232.87
545.49	2181.38
545.83	2221.17
546.17	2162.66
546.51	2134.57
546.85	2134.57
547.19	2211.81
547.53	2085.42
547.87	2230.53
548.21	2197.76
548.54	2132.23
548.88	2202.44
549.22	2181.38
549.56	2146.27
549.90	2246.91
550.24	2120.53
550.58	2179.04
550.92	2211.81
551.26	2118.18
551.60	2277.34
551.94	2200.10
552.28	2237.55
552.61	2225.85
552.95	2225.85
553.29	2057.33
553.63	2235.21
553.97	2333.51
554.31	2200.10
554.65	2265.64
554.99	2204.78
555.32	2237.55
555.66	2188.40
556.00	2165.00
556.34	2286.70
556.68	2186.06
557.02	2225.85
557.36	2190.74
557.69	2197.76
558.03	2197.76
558.37	2275.00
558.71	2307.77
559.05	2225.85
559.38	2246.91
559.72	2115.84
560.06	2235.21
560.40	2186.06
560.74	2214.15
561.07	2230.53
561.41	2207.13
561.75	2260.96
562.09	2232.87
562.42	2242.23
562.76	2296.07
563.10	2223.51
563.44	2504.37
563.77	2246.91
564.11	2237.55
564.45	2160.31
564.79	2246.91
565.12	2218.83
565.46	2165.00
565.80	2155.63
566.14	2172.02
566.47	2221.17
566.81	2183.72
567.15	2179.04
567.48	2183.72
567.82	2216.49
568.16	2216.49
568.49	2235.21
568.83	2209.47
569.17	2193.08
569.50	2242.23
569.84	2246.91
570.18	2204.78
570.51	2267.98
570.85	2118.18
571.19	2190.74
571.52	2132.23
571.86	2172.02
572.20	2202.44
572.53	2249.25
572.87	2216.49
573.21	2106.48
573.54	2183.72
573.88	2230.53
574.21	2183.72
574.55	2186.06
574.89	2221.17
575.22	2235.21
575.56	2183.72
575.89	2225.85
576.23	2242.23
576.57	2188.40
576.90	2200.10
577.24	2202.44
577.57	2139.25
577.91	2232.87
578.24	2162.66
578.58	2141.59
578.91	2235.21
579.25	2134.57
579.59	2172.02
579.92	2216.49
580.26	2157.97
580.59	2172.02
580.93	2155.63
581.26	2169.68
581.60	2256.28
581.93	2148.61
582.27	2277.34
582.60	2197.76
582.94	2232.87
583.27	2132.23
583.61	2181.38
583.94	2225.85
584.28	2167.34
584.61	2167.34
584.94	2246.91
585.28	2188.40
585.61	2312.45
585.95	2228.19
586.28	2218.83
586.62	2286.70
586.95	2195.42
587.29	2239.89
587.62	2104.14
587.95	2183.72
588.29	2169.68
588.62	2209.47
588.96	2277.34
589.29	2167.34
589.62	2197.76
589.96	2157.97
590.29	2202.44
590.63	2169.68
590.96	2242.23
591.29	2256.28
591.63	2228.19
591.96	2150.95
592.29	2186.06
592.63	2153.29
592.96	2207.13
593.30	2211.81
593.63	2176.70
593.96	2153.29
594.30	2179.04
594.63	2190.74
594.96	2263.30
595.30	2186.06
595.63	2085.42
595.96	2148.61
596.29	2183.72
596.63	2181.38
596.96	2279.68
597.29	2176.70
597.63	2129.89
597.96	2230.53
598.29	2202.44
598.63	2256.28
598.96	2204.78
599.29	2181.38
599.62	2235.21
599.96	2183.72
600.29	2165.00
600.62	2204.78
600.95	2197.76
601.29	2157.97
601.62	2207.13
601.95	2207.13
602.28	2148.61
602.61	2761.83
602.95	2251.60
603.28	2275.00
603.61	1998.82
603.94	2129.89
604.27	2127.55
604.61	2251.60
604.94	2207.13
605.27	2232.87
605.60	2148.61
605.93	2179.04
606.27	2195.42
606.60	2134.57
606.93	2195.42
607.26	2251.60
607.59	2209.47
607.92	2228.19
608.26	2216.49
608.59	2139.25
608.92	2190.74
609.25	2202.44
609.58	2193.08
609.91	2214.15
610.24	2265.64
610.57	2216.49
610.90	2263.30
611.24	2146.27
611.57	2153.29
611.90	2239.89
612.23	2153.29
612.56	2223.51
612.89	2249.25
613.22	2221.17
613.55	2136.91
613.88	2197.76
614.21	2181.38
614.54	2211.81
614.87	2221.17
615.20	2188.40
615.53	2237.55
615.87	2150.95
616.20	2174.36
616.53	2272.66
616.86	2204.78
617.19	2188.40
617.52	2246.91
617.85	2197.76
618.18	2143.93
618.51	2125.21
618.84	2214.15
619.17	2197.76
619.50	2275.00
619.83	2179.04
620.16	2342.88
620.49	2153.29
620.82	2410.75
621.14	2216.49
621.47	2172.02
621.80	2296.07
622.13	2150.95
622.46	2317.13
622.79	2228.19
623.12	2160.31
623.45	2225.85
623.78	2223.51
624.11	2228.19
624.44	2188.40
624.77	2148.61
625.10	2181.38
625.43	2167.34
625.75	2193.08
626.08	2162.66
626.41	2148.61
626.74	2211.81
627.07	2218.83
627.40	2244.57
627.73	2165.00
628.06	2125.21
628.38	2132.23
628.71	2193.08
629.04	2204.78
629.37	2267.98
629.70	2179.04
630.03	2153.29
630.36	2202.44
630.68	2246.91
631.01	2253.94
631.34	2214.15
631.67	2193.08
632.00	2099.46
632.32	2183.72
632.65	2275.00
632.98	2214.15
633.31	2249.25
633.64	2324.15
633.96	2202.44
634.29	2193.08
634.62	2209.47
634.95	2136.91
635.27	2183.72
635.60	2221.17
635.93	2221.17
636.26	2141.59
636.58	2197.76
636.91	2272.66
637.24	2160.31
637.57	2155.63
637.89	2260.96
638.22	2195.42
638.55	2195.42
638.87	2153.29
639.20	2216.49
639.53	2214.15
639.86	2172.02
640.18	2186.06
640.51	2202.44
640.84	2172.02
641.16	2167.34
641.49	2239.89
641.82	2153.29
642.14	2136.91
642.47	2296.07
642.80	2181.38
643.12	2230.53
643.45	2179.04
643.78	2216.49
644.10	2179.04
644.43	2202.44
644.75	2188.40
645.08	2106.48
645.41	2153.29
645.73	2148.61
646.06	2310.11
646.39	2200.10
646.71	2155.63
647.04	2146.27
647.36	2143.93
647.69	2223.51
648.01	2239.89
648.34	2211.81
648.67	2211.81
648.99	2249.25
649.32	2186.06
649.64	2174.36
649.97	2211.81
650.29	2165.00
650.62	2310.11
650.94	2223.51
651.27	2235.21
651.59	2207.13
651.92	2193.08
652.25	2270.32
652.57	2172.02
652.90	2265.64
653.22	2242.23
653.55	2183.72
653.87	2157.97
654.20	2179.04
654.52	2249.25
654.84	2232.87
655.17	2155.63
655.49	2209.47
655.82	2186.06
656.14	2183.72
656.47	2195.42
656.79	2230.53
657.12	2221.17
657.44	2139.25
657.77	2197.76
658.09	2204.78
658.41	2179.04
658.74	2202.44
659.06	2204.78
659.39	2172.02
659.71	2214.15
660.03	2200.10
660.36	2080.74
660.68	2228.19
661.01	2319.47
661.33	2284.36
661.65	2146.27
661.98	2305.43
662.30	2300.75
662.63	2200.10
662.95	2165.00
663.27	2211.81
663.60	2141.59
663.92	2251.60
664.24	2174.36
664.57	2211.81
664.89	2141.59
665.21	2148.61
665.54	2237.55
665.86	2141.59
666.18	2202.44
666.51	2279.68
666.83	2195.42
667.15	2319.47
667.47	2190.74
667.80	2197.76
668.12	2139.25
668.44	2143.93
668.77	2256.28
669.09	2272.66
669.41	2139.25
669.73	2172.02
670.06	2230.53
670.38	2282.02
670.70	2167.34
671.02	2204.78
671.35	2211.81
671.67	2235.21
671.99	2237.55
672.31	2270.32
672.63	2209.47
672.96	2286.70
673.28	2195.42
673.60	2197.76
673.92	2200.10
674.24	2216.49
674.57	2188.40
674.89	2265.64
675.21	2218.83
675.53	2230.53
675.85	2186.06
676.17	2228.19
676.50	2160.31
676.82	2239.89
677.14	2188.40
677.46	2246.91
677.78	2169.68
678.10	2204.78
678.42	2179.04
678.75	2125.21
679.07	2122.87
679.39	2139.25
679.71	2232.87
680.03	2153.29
680.35	2221.17
680.67	2148.61
680.99	2228.19
681.31	2106.48
681.63	2193.08
681.96	2267.98
682.28	2214.15
682.60	2216.49
682.92	2169.68
683.24	2202.44
683.56	2188.40
683.88	2186.06
684.20	2186.06
684.52	2195.42
684.84	2169.68
685.16	1956.69
685.48	2186.06
685.80	2167.34
686.12	2209.47
686.44	2303.09
686.76	2160.31
687.08	2195.42
687.40	2101.80
687.72	2183.72
688.04	2193.08
688.36	2284.36
688.68	2270.32
689.00	2218.83
689.32	2225.85
689.64	2132.23
689.96	2225.85
690.28	2260.96
690.60	2249.25
690.92	2228.19
691.24	2223.51
691.56	2181.38
691.88	2256.28
692.19	2141.59
692.51	2239.89
692.83	2218.83
693.15	2258.62
693.47	2244.57
693.79	2218.83
694.11	2263.30
694.43	2244.57
694.75	2197.76
695.06	2176.70
695.38	2282.02
695.70	2176.70
696.02	2209.47
696.34	2176.70
696.66	2209.47
696.98	2214.15
697.29	2143.93
697.61	2235.21
697.93	2232.87
698.25	2670.55
698.57	2200.10
698.89	2155.63
699.20	2228.19
699.52	2246.91
699.84	2136.91
700.16	2197.76
700.48	2253.94
700.79	2146.27
701.11	2403.73
701.43	2239.89
701.75	2176.70
702.07	2153.29
702.38	2267.98
702.70	2162.66
703.02	2216.49
703.34	2265.64
703.65	2216.49
703.97	2179.04
704.29	2169.68
704.61	2214.15
704.92	2239.89
705.24	2125.21
705.56	2186.06
705.87	2251.60
706.19	2209.47
706.51	2183.72
706.82	2258.62
707.14	2186.06
707.46	2195.42
707.78	2118.18
708.09	2230.53
708.41	2197.76
708.73	2223.51
709.04	2204.78
709.36	2108.82
709.68	2150.95
709.99	2317.13
710.31	2228.19
710.62	2186.06
710.94	2165.00
711.26	2167.34
711.57	2134.57
711.89	2179.04
712.21	2345.22
712.52	2211.81
712.84	2260.96
713.15	2230.53
713.47	2251.60
713.79	2223.51
714.10	2113.50
714.42	2120.53
714.73	2249.25
715.05	2111.16
715.36	2237.55
715.68	2167.34
715.99	2111.16
716.31	2179.04
716.63	2256.28
716.94	2286.70
717.26	2406.07
717.57	2172.02
717.89	2232.87
718.20	2207.13
718.52	2253.94
718.83	2169.68
719.15	2314.79
719.46	2303.09
719.78	2265.64
720.09	2204.78
720.41	2167.34
720.72	2127.55
721.04	2113.50
721.35	2183.72
721.67	2186.06
721.98	2172.02
722.29	2235.21
722.61	2186.06
722.92	2183.72
723.24	2157.97
723.55	2244.57
723.87	2129.89
724.18	2223.51
724.50	2193.08
724.81	2195.42
725.12	2195.42
725.44	2148.61
725.75	2172.02
726.07	2319.47
726.38	2232.87
726.69	2186.06
727.01	2167.34
727.32	2197.76
727.63	2134.57
727.95	2200.10
728.26	2148.61
728.58	2139.25
728.89	2223.51
729.20	2207.13
729.52	2193.08
729.83	2237.55
730.14	2181.38
730.46	2115.84
730.77	2167.34
731.08	2239.89
731.39	2179.04
731.71	2221.17
732.02	2258.62
732.33	2223.51
732.65	2141.59
732.96	2284.36
733.27	2211.81
733.59	2282.02
733.90	2228.19
734.21	2143.93
734.52	2179.04
734.84	2328.83
735.15	2172.02
735.46	2225.85
735.77	2188.40
736.09	2190.74
736.40	2232.87
736.71	2225.85
737.02	2204.78
737.33	2218.83
737.65	2122.87
737.96	2218.83
738.27	2204.78
738.58	2279.68
738.89	2136.91
739.21	2172.02
739.52	2160.31
739.83	2125.21
740.14	2139.25
740.45	2174.36
740.76	2136.91
741.08	2181.38
741.39	2211.81
741.70	2139.25
742.01	2239.89
742.32	2286.70
742.63	2221.17
742.94	2136.91
743.26	2237.55
743.57	2183.72
743.88	2207.13
744.19	2216.49
744.50	2146.27
744.81	2272.66
745.12	2235.21
745.43	2256.28
745.74	2284.36
746.05	2197.76
746.36	2115.84
746.67	2218.83
746.99	2197.76
747.30	2253.94
747.61	2190.74
747.92	2160.31
748.23	2239.89
748.54	2195.42
748.85	2200.10
749.16	2202.44
749.47	2186.06
749.78	2155.63
750.09	2172.02
750.40	2211.81
750.71	2225.85
751.02	2186.06
751.33	2155.63
751.64	2146.27
751.95	2165.00
752.26	2246.91
752.57	2176.70
752.88	2221.17
753.19	2221.17
753.50	2202.44
753.81	2221.17
754.11	2204.78
754.42	2333.51
754.73	2239.89
755.04	2235.21
755.35	2197.76
755.66	2307.77
755.97	2155.63
756.28	2211.81
756.59	2218.83
756.90	2321.81
757.21	2064.35
757.52	2263.30
757.82	2179.04
758.13	2071.37
758.44	2225.85
758.75	2242.23
759.06	2246.91
759.37	2148.61
759.68	2221.17
759.98	2181.38
760.29	2214.15
760.60	2221.17
760.91	2148.61
761.22	2183.72
761.53	2249.25
761.83	2172.02
762.14	2179.04
762.45	2195.42
762.76	2188.40
763.07	2160.31
763.37	2422.45
763.68	2321.81
763.99	2289.04
764.30	2260.96
764.60	2157.97
764.91	2251.60
765.22	2202.44
765.53	2275.00
765.84	2190.74
766.14	2228.19
766.45	2214.15
766.76	2249.25
767.06	2221.17
767.37	2136.91
767.68	2141.59
767.99	2195.42
768.29	2174.36
768.60	2132.23
768.91	2150.95
769.21	2260.96
769.52	2326.49
769.83	2211.81
770.13	2200.10
770.44	2186.06
770.75	2265.64
771.05	2143.93
771.36	2263.30
771.67	2230.53
771.97	2120.53
772.28	2207.13
772.59	2197.76
772.89	2265.64
773.20	2216.49
773.51	2172.02
773.81	2200.10
774.12	2195.42
774.42	2207.13
774.73	2148.61
775.04	2127.55
775.34	2370.96
775.65	2237.55
775.95	2279.68
776.26	2275.00
776.56	2179.04
776.87	2225.85
777.18	5076.62
777.48	2377.98
777.79	2183.72
778.09	2209.47
778.40	2181.38
778.70	2225.85
779.01	2286.70
779.31	2150.95
779.62	2141.59
779.92	2155.63
780.23	2298.41
780.53	2155.63
780.84	2218.83
781.14	2186.06
781.45	2169.68
781.75	2242.23
782.06	2179.04
782.36	2179.04
782.67	2195.42
782.97	2125.21
783.28	2317.13
783.58	2125.21
783.89	2153.29
784.19	2223.51
784.49	2272.66
784.80	2134.57
785.10	2258.62
785.41	2169.68
785.71	2209.47
786.02	2232.87
786.32	2324.15
786.62	2230.53
786.93	2246.91
787.23	2169.68
787.54	2200.10
787.84	2221.17
788.14	2225.85
788.45	2160.31
788.75	2209.47
789.05	2174.36
789.36	2183.72
789.66	2345.22
789.96	2256.28
790.27	2150.95
790.57	2127.55
790.87	2155.63
791.18	2120.53
791.48	2118.18
791.78	2157.97
792.09	2239.89
792.39	2193.08
792.69	2223.51
793.00	2197.76
793.30	2228.19
793.60	2225.85
793.90	2235.21
794.21	2200.10
794.51	2312.45
794.81	2258.62
795.11	2204.78
795.42	2228.19
795.72	2235.21
796.02	2216.49
796.32	2225.85
796.63	2200.10
796.93	2197.76
797.23	2232.87
797.53	2172.02
797.84	2125.21
798.14	2155.63
798.44	2242.23
798.74	2157.97
799.04	2193.08
799.34	2183.72
799.65	2300.75
799.95	2172.02
800.25	2209.47
800.55	2155.63
800.85	2258.62
801.15	2120.53
801.46	2160.31
801.76	2366.28
802.06	2202.44
802.36	2216.49
802.66	2115.84
802.96	2214.15
803.26	2279.68
803.56	2305.43
803.87	2312.45
804.17	2155.63
804.47	2298.41
804.77	2232.87
805.07	2282.02
805.37	2216.49
805.67	2211.81
805.97	2195.42
806.27	2190.74
806.57	2134.57
806.87	2312.45
807.17	2216.49
807.47	2172.02
807.77	2235.21
808.07	2132.23
808.37	2225.85
808.67	2139.25
808.98	2296.07
809.28	2045.63
809.58	2420.11
809.88	2303.09
810.18	2293.72
810.47	2197.76
810.77	2186.06
811.07	2223.51
811.37	2188.40
811.67	2150.95
811.97	2153.29
812.27	2148.61
812.57	2134.57
812.87	2120.53
813.17	2143.93
813.47	2169.68
813.77	2139.25
814.07	2165.00
814.37	2195.42
814.67	2127.55
814.97	2223.51
815.27	2190.74
815.56	2244.57
815.86	2265.64
816.16	2239.89
816.46	2218.83
816.76	2150.95
817.06	2321.81
817.36	2235.21
817.66	2179.04
817.95	2155.63
818.25	2190.74
818.55	2244.57
818.85	2228.19
819.15	2176.70
819.45	2263.30
819.75	2160.31
820.04	2195.42
820.34	2286.70
820.64	2218.83
820.94	2237.55
821.24	2242.23
821.53	2157.97
821.83	2188.40
822.13	2225.85
822.43	2150.95
822.72	2172.02
823.02	2167.34
823.32	2129.89
823.62	2190.74
823.91	2214.15
824.21	2202.44
824.51	2106.48
824.81	2176.70
825.10	2165.00
825.40	2162.66
825.70	2160.31
826.00	2249.25
826.29	2129.89
826.59	2211.81
826.89	2253.94
827.18	2167.34
827.48	2150.95
827.78	2186.06
828.07	2207.13
828.37	2270.32
828.67	2153.29
828.96	2190.74
829.26	2195.42
829.56	2293.72
829.85	2097.12
830.15	2202.44
830.45	2202.44
830.74	2232.87
831.04	2183.72
831.34	2277.34
831.63	2296.07
831.93	2305.43
832.22	2256.28
832.52	2202.44
832.82	2150.95
833.11	2197.76
833.41	2188.40
833.70	2193.08
834.00	2235.21
834.29	2200.10
834.59	2134.57
834.89	2246.91
835.18	2150.95
835.48	2307.77
835.77	2277.34
836.07	2305.43
836.36	2202.44
836.66	2204.78
836.95	2246.91
837.25	2113.50
837.54	2174.36
837.84	2146.27
838.13	2223.51
838.43	2146.27
838.72	2228.19
839.02	2305.43
839.31	2160.31
839.61	2204.78
839.90	2188.40
840.20	2169.68
840.49	2165.00
840.78	2186.06
841.08	2228.19
841.37	2251.60
841.67	2223.51
841.96	2094.78
842.26	2237.55
842.55	2169.68
842.84	2120.53
843.14	2176.70
843.43	2172.02
843.73	2207.13
844.02	2148.61
844.31	2134.57
844.61	2115.84
844.90	2211.81
845.20	2190.74
845.49	2242.23
845.78	2207.13
846.08	2160.31
846.37	2132.23
846.66	2230.53
846.96	2204.78
847.25	2143.93
847.54	2101.80
847.84	2157.97
848.13	2183.72
848.42	2223.51
848.72	2179.04
849.01	2218.83
849.30	2190.74
849.59	2197.76
849.89	2223.51
850.18	2303.09
850.47	2202.44
850.76	2296.07
851.06	2326.49
851.35	2195.42
851.64	2174.36
851.93	2179.04
852.23	2394.37
852.52	2176.70
852.81	2143.93
853.10	2141.59
853.40	2246.91
853.69	2092.44
853.98	2204.78
854.27	2249.25
854.56	2190.74
854.86	2277.34
855.15	2237.55
855.44	2265.64
855.73	2169.68
856.02	2155.63
856.31	2216.49
856.61	2183.72
856.90	2216.49
857.19	2195.42
857.48	2104.14
857.77	2139.25
858.06	2165.00
858.35	2228.19
858.65	2256.28
858.94	2195.42
859.23	2176.70
859.52	2211.81
859.81	2291.38
860.10	2150.95
860.39	2228.19
860.68	2181.38
860.97	2085.42
861.26	2186.06
861.55	2218.83
861.85	2221.17
862.14	2216.49
862.43	2172.02
862.72	2195.42
863.01	2197.76
863.30	2141.59
863.59	2209.47
863.88	2188.40
864.17	2200.10
864.46	2129.89
864.75	2289.04
865.04	2188.40
865.33	2186.06
865.62	2244.57
865.91	2172.02
866.20	2265.64
866.49	2162.66
866.78	2125.21
867.07	2148.61
867.36	2183.72
867.65	2235.21
867.93	2239.89
868.22	2160.31
868.51	2237.55
868.80	2211.81
869.09	2129.89
869.38	2165.00
869.67	2242.23
869.96	2242.23
870.25	2242.23
