178.76	1769.44
179.14	1769.44
179.52	1769.44
179.90	1664.12
180.28	1849.02
180.66	1776.47
181.04	1877.11
181.42	1729.66
181.80	1769.44
182.18	1952.01
182.55	1783.49
182.93	1849.02
183.31	1881.79
183.69	1907.54
184.07	1886.47
184.45	1937.96
184.83	1956.69
185.21	1916.90
185.59	2008.18
185.97	2186.06
186.35	2094.78
186.72	2019.88
187.10	2050.31
187.48	2176.70
187.86	2083.08
188.24	2073.71
188.62	2106.48
189.00	2122.87
189.38	2078.40
189.75	2125.21
190.13	2148.61
190.51	2080.74
190.89	2237.55
191.27	2385.01
191.65	2113.50
192.03	2218.83
192.40	2202.44
192.78	2221.17
193.16	2270.32
193.54	2377.98
193.92	2169.68
194.30	2207.13
194.67	2174.36
195.05	2143.93
195.43	2169.68
195.81	2143.93
196.19	2246.91
196.56	2160.31
196.94	2141.59
197.32	2228.19
197.70	2132.23
198.08	2071.37
198.45	2143.93
198.83	2200.10
199.21	2146.27
199.59	2228.19
199.97	2263.30
200.34	2099.46
200.72	2132.23
201.10	2197.76
201.48	2207.13
201.85	2106.48
202.23	2179.04
202.61	2134.57
202.99	2321.81
203.36	2101.80
203.74	2174.36
204.12	2125.21
204.49	2183.72
204.87	2193.08
205.25	2129.89
205.63	2118.18
206.00	2108.82
206.38	2122.87
206.76	2239.89
207.14	2186.06
207.51	2090.10
207.89	2211.81
208.27	2111.16
208.64	2108.82
209.02	2176.70
209.40	2118.18
209.77	2132.23
210.15	2251.60
210.53	2146.27
210.90	2167.34
211.28	2174.36
211.66	2190.74
212.03	2097.12
212.41	2071.37
212.79	2111.16
213.16	2193.08
213.54	2150.95
213.92	2136.91
214.29	2174.36
214.67	2106.48
215.05	2052.65
215.42	2195.42
215.80	2197.76
216.17	2155.63
216.55	2183.72
216.93	2118.18
217.30	2195.42
217.68	2167.34
218.05	2132.23
218.43	2165.00
218.81	2165.00
219.18	2200.10
219.56	2129.89
219.93	2087.76
220.31	2169.68
220.69	2099.46
221.06	2141.59
221.44	2087.76
221.81	2225.85
222.19	2083.08
222.56	2080.74
222.94	2204.78
223.32	2146.27
223.69	2204.78
224.07	2148.61
224.44	2221.17
224.82	2232.87
225.19	2235.21
225.57	2157.97
225.94	2157.97
226.32	2113.50
226.69	2204.78
227.07	2279.68
227.44	2083.08
227.82	2204.78
228.19	2209.47
228.57	2186.06
228.94	2279.68
229.32	2176.70
229.69	2167.34
230.07	2122.87
230.44	2059.67
230.82	2143.93
231.19	2237.55
231.57	2270.32
231.94	2186.06
232.32	2267.98
232.69	2155.63
233.07	2090.10
233.44	2209.47
233.82	2204.78
234.19	2202.44
234.57	2165.00
234.94	2127.55
235.31	2155.63
235.69	2153.29
236.06	2174.36
236.44	2197.76
236.81	2155.63
237.19	2211.81
237.56	2207.13
237.93	2146.27
238.31	2209.47
238.68	2094.78
239.06	2132.23
239.43	2157.97
239.81	2197.76
240.18	2038.61
240.55	2181.38
240.93	2260.96
241.30	2204.78
241.67	2190.74
242.05	2214.15
242.42	2267.98
242.80	2134.57
243.17	2186.06
243.54	2174.36
243.92	2181.38
244.29	2193.08
244.66	2207.13
245.04	2228.19
245.41	2296.07
245.78	2174.36
246.16	2174.36
246.53	2246.91
246.90	2155.63
247.28	2225.85
247.65	2150.95
248.02	2099.46
248.40	2249.25
248.77	2225.85
249.14	2200.10
249.52	2228.19
249.89	2286.70
250.26	2024.56
250.64	2101.80
251.01	2324.15
251.38	2090.10
251.75	2155.63
252.13	2249.25
252.50	2232.87
252.87	2282.02
253.25	2136.91
253.62	2174.36
253.99	2179.04
254.36	2181.38
254.74	2125.21
255.11	2108.82
255.48	2122.87
255.85	2223.51
256.23	2108.82
256.60	2141.59
256.97	2221.17
257.34	2246.91
257.71	2172.02
258.09	2207.13
258.46	2190.74
258.83	2225.85
259.20	2324.15
259.58	2230.53
259.95	2214.15
260.32	2211.81
260.69	2195.42
261.06	2216.49
261.44	2118.18
261.81	2242.23
262.18	2221.17
262.55	2153.29
262.92	2143.93
263.29	2160.31
263.67	2120.53
264.04	2216.49
264.41	2165.00
264.78	2146.27
265.15	2232.87
265.52	2228.19
265.90	2204.78
266.27	2169.68
266.64	2108.82
267.01	2157.97
267.38	2216.49
267.75	2162.66
268.12	2153.29
268.50	2155.63
268.87	2139.25
269.24	2134.57
269.61	2183.72
269.98	2165.00
270.35	2235.21
270.72	2162.66
271.09	2179.04
271.46	2150.95
271.83	2160.31
272.21	2223.51
272.58	2179.04
272.95	2148.61
273.32	2256.28
273.69	2153.29
274.06	2167.34
274.43	2153.29
274.80	2162.66
275.17	2249.25
275.54	2221.17
275.91	2162.66
276.28	2197.76
276.65	2122.87
277.02	2244.57
277.39	2155.63
277.76	2155.63
278.13	2167.34
278.50	2214.15
278.87	2153.29
279.24	2216.49
279.61	2174.36
279.98	2242.23
280.35	2153.29
280.72	2202.44
281.09	2256.28
281.46	2179.04
281.83	2167.34
282.20	2183.72
282.57	2174.36
282.94	2202.44
283.31	2195.42
283.68	2209.47
284.05	2136.91
284.42	2160.31
284.79	2253.94
285.16	2214.15
285.53	2216.49
285.90	2291.38
286.27	2321.81
286.64	2167.34
287.01	2078.40
287.38	2265.64
287.75	3178.45
288.12	2235.21
288.49	2307.77
288.86	2127.55
289.23	2132.23
289.59	2092.44
289.96	2129.89
290.33	2153.29
290.70	2197.76
291.07	2167.34
291.44	2270.32
291.81	2153.29
292.18	2165.00
292.55	2200.10
292.91	2289.04
293.28	2157.97
293.65	2249.25
294.02	2183.72
294.39	2188.40
294.76	2190.74
295.13	2148.61
295.50	2211.81
295.86	2183.72
296.23	2195.42
296.60	2160.31
296.97	2195.42
297.34	2221.17
297.71	2249.25
298.07	2186.06
298.44	2204.78
298.81	2153.29
299.18	2239.89
299.55	2272.66
299.91	2139.25
300.28	2242.23
300.65	2141.59
301.02	2169.68
301.39	2223.51
301.75	2284.36
302.12	2204.78
302.49	2209.47
302.86	2275.00
303.23	2204.78
303.59	2179.04
303.96	2293.72
304.33	2267.98
304.70	2244.57
305.06	2223.51
305.43	2223.51
305.80	2197.76
306.17	2277.34
306.53	2195.42
306.90	2209.47
307.27	2204.78
307.64	2237.55
308.00	2207.13
308.37	2157.97
308.74	2324.15
309.11	2228.19
309.47	2202.44
309.84	2148.61
310.21	2237.55
310.57	2160.31
310.94	2221.17
311.31	2193.08
311.67	2232.87
312.04	2221.17
312.41	2186.06
312.77	2277.34
313.14	2207.13
313.51	2223.51
313.87	2193.08
314.24	2204.78
314.61	2174.36
314.97	2129.89
315.34	2157.97
315.71	2188.40
316.07	2232.87
316.44	2136.91
316.81	2237.55
317.17	2204.78
317.54	2279.68
317.91	2167.34
318.27	2202.44
318.64	2141.59
319.00	2289.04
319.37	2181.38
319.74	2181.38
320.10	2239.89
320.47	2186.06
320.83	2279.68
321.20	2188.40
321.57	2221.17
321.93	2174.36
322.30	2209.47
322.66	2251.60
323.03	2186.06
323.40	2146.27
323.76	2253.94
324.13	2202.44
324.49	2111.16
324.86	2326.49
325.22	2211.81
325.59	2129.89
325.95	2225.85
326.32	2223.51
326.68	2237.55
327.05	2211.81
327.42	2172.02
327.78	2167.34
328.15	2242.23
328.51	2169.68
328.88	2216.49
329.24	2263.30
329.61	2129.89
329.97	2242.23
330.34	2129.89
330.70	2195.42
331.07	2251.60
331.43	2237.55
331.80	2246.91
332.16	2214.15
332.52	2214.15
332.89	2228.19
333.25	2136.91
333.62	2277.34
333.98	2218.83
334.35	2204.78
334.71	2216.49
335.08	2207.13
335.44	2282.02
335.81	2263.30
336.17	2186.06
336.53	2176.70
336.90	2162.66
337.26	2209.47
337.63	2209.47
337.99	2256.28
338.36	2134.57
338.72	2183.72
339.08	2127.55
339.45	2225.85
339.81	2225.85
340.18	2155.63
340.54	2235.21
340.90	2211.81
341.27	2204.78
341.63	2214.15
341.99	2108.82
342.36	2186.06
342.72	2104.14
343.09	2270.32
343.45	2181.38
343.81	2221.17
344.18	2237.55
344.54	2190.74
344.90	2186.06
345.27	2235.21
345.63	2197.76
345.99	2230.53
346.36	2174.36
346.72	2181.38
347.08	2209.47
347.45	2167.34
347.81	2253.94
348.17	2146.27
348.54	2146.27
348.90	2188.40
349.26	2289.04
349.62	2284.36
349.99	2202.44
350.35	2174.36
350.71	2237.55
351.08	2186.06
351.44	2160.31
351.80	2291.38
352.16	2244.57
352.53	2211.81
352.89	2223.51
353.25	2298.41
353.61	2186.06
353.98	2157.97
354.34	2179.04
354.70	2157.97
355.06	2172.02
355.43	2223.51
355.79	2186.06
356.15	2162.66
356.51	2186.06
356.88	2183.72
357.24	2167.34
357.60	2181.38
357.96	2225.85
358.32	2363.94
358.69	2108.82
359.05	2251.60
359.41	2207.13
359.77	2186.06
360.13	2172.02
360.49	2179.04
360.86	2246.91
361.22	2293.72
361.58	2223.51
361.94	2239.89
362.30	2172.02
362.66	2202.44
363.03	2160.31
363.39	2125.21
363.75	2174.36
364.11	2193.08
364.47	2108.82
364.83	2223.51
365.19	2197.76
365.56	2225.85
365.92	2197.76
366.28	2230.53
366.64	2237.55
367.00	2143.93
367.36	2190.74
367.72	2195.42
368.08	2216.49
368.44	2211.81
368.80	2235.21
369.17	2202.44
369.53	2256.28
369.89	2143.93
370.25	2165.00
370.61	2139.25
370.97	2244.57
371.33	2249.25
371.69	2314.79
372.05	2253.94
372.41	2172.02
372.77	2195.42
373.13	2197.76
373.49	2207.13
373.85	2246.91
374.21	2179.04
374.57	2195.42
374.93	2186.06
375.29	2228.19
375.65	2104.14
376.01	2176.70
376.37	2237.55
376.73	2209.47
377.09	2132.23
377.45	2218.83
377.81	2214.15
378.17	2193.08
378.53	2282.02
378.89	2223.51
379.25	2221.17
379.61	2289.04
379.97	2183.72
380.33	2153.29
380.69	2120.53
381.05	2108.82
381.41	2167.34
381.77	2263.30
382.13	2183.72
382.49	2312.45
382.85	2207.13
383.21	2242.23
383.57	2181.38
383.93	2239.89
384.28	2211.81
384.64	2157.97
385.00	2190.74
385.36	2202.44
385.72	2225.85
386.08	2141.59
386.44	2242.23
386.80	2155.63
387.16	2277.34
387.52	2256.28
387.87	2242.23
388.23	2209.47
388.59	2239.89
388.95	2155.63
389.31	2160.31
389.67	2172.02
390.03	2211.81
390.38	2132.23
390.74	2202.44
391.10	2186.06
391.46	2211.81
391.82	2104.14
392.18	2157.97
392.54	2104.14
392.89	2153.29
393.25	2174.36
393.61	2162.66
393.97	2111.16
394.33	2223.51
394.68	2216.49
395.04	2188.40
395.40	2207.13
395.76	2242.23
396.12	2321.81
396.47	2087.76
396.83	2176.70
397.19	2157.97
397.55	2125.21
397.90	2165.00
398.26	2202.44
398.62	2172.02
398.98	2167.34
399.33	2169.68
399.69	2459.90
400.05	2183.72
400.41	2122.87
400.76	2232.87
401.12	2260.96
401.48	2176.70
401.84	2169.68
402.19	2204.78
402.55	2214.15
402.91	2265.64
403.26	2200.10
403.62	2134.57
403.98	2176.70
404.34	2195.42
404.69	2108.82
405.05	2160.31
405.41	2249.25
405.76	2157.97
406.12	2157.97
406.48	2174.36
406.83	2148.61
407.19	2253.94
407.55	2214.15
407.90	2270.32
408.26	2146.27
408.62	2143.93
408.97	2186.06
409.33	2209.47
409.68	2134.57
410.04	2249.25
410.40	2155.63
410.75	2214.15
411.11	2150.95
411.47	2094.78
411.82	2225.85
412.18	2160.31
412.53	2181.38
412.89	2200.10
413.25	2214.15
413.60	2157.97
413.96	2209.47
414.31	2118.18
414.67	2062.01
415.03	2143.93
415.38	2242.23
415.74	2174.36
416.09	2113.50
416.45	2253.94
416.80	2211.81
417.16	2143.93
417.51	2202.44
417.87	2176.70
418.23	2246.91
418.58	2282.02
418.94	2150.95
419.29	2179.04
419.65	2265.64
420.00	2230.53
420.36	2214.15
420.71	2223.51
421.07	2200.10
421.42	2225.85
421.78	2183.72
422.13	2157.97
422.49	2289.04
422.84	2183.72
423.20	2223.51
423.55	2165.00
423.91	2176.70
424.26	2321.81
424.61	2239.89
424.97	2251.60
425.32	2160.31
425.68	2195.42
426.03	2183.72
426.39	2328.83
426.74	2265.64
427.10	2251.60
427.45	2176.70
427.80	2169.68
428.16	2172.02
428.51	2272.66
428.87	2115.84
429.22	2275.00
429.58	2242.23
429.93	2272.66
430.28	2200.10
430.64	2118.18
430.99	2155.63
431.35	2176.70
431.70	2073.71
432.05	2216.49
432.41	2221.17
432.76	2286.70
433.11	2176.70
433.47	2195.42
433.82	2251.60
434.17	2286.70
434.53	2244.57
434.88	2326.49
435.24	2275.00
435.59	2223.51
435.94	2132.23
436.30	2228.19
436.65	2176.70
437.00	2277.34
437.35	2377.98
437.71	2176.70
438.06	2230.53
438.41	2260.96
438.77	2244.57
439.12	2150.95
439.47	2223.51
439.83	2141.59
440.18	2167.34
440.53	2195.42
440.88	2237.55
441.24	2260.96
441.59	2120.53
441.94	2148.61
442.30	2190.74
442.65	2324.15
443.00	2209.47
443.35	2218.83
443.71	2106.48
444.06	2127.55
444.41	2174.36
444.76	2328.83
445.11	2146.27
445.47	2258.62
445.82	2174.36
446.17	2076.06
446.52	2312.45
446.88	2197.76
447.23	2183.72
447.58	2249.25
447.93	2190.74
448.28	2548.84
448.63	2204.78
448.99	2165.00
449.34	2211.81
449.69	2216.49
450.04	2179.04
450.39	2167.34
450.74	2179.04
451.10	2202.44
451.45	2153.29
451.80	2153.29
452.15	2265.64
452.50	2214.15
452.85	2267.98
453.21	2183.72
453.56	2150.95
453.91	2197.76
454.26	2190.74
454.61	2179.04
454.96	2253.94
455.31	2218.83
455.66	2157.97
456.01	2249.25
456.36	2195.42
456.72	2162.66
457.07	2155.63
457.42	2172.02
457.77	2188.40
458.12	2176.70
458.47	2258.62
458.82	2225.85
459.17	2207.13
459.52	2167.34
459.87	2527.78
460.22	2253.94
460.57	2172.02
460.92	2181.38
461.27	2125.21
461.62	2197.76
461.97	2209.47
462.32	2314.79
462.67	2249.25
463.02	2333.51
463.38	2265.64
463.73	2235.21
464.08	2272.66
464.43	2225.85
464.78	2155.63
465.12	2188.40
465.47	2195.42
465.82	2523.10
466.17	2181.38
466.52	2249.25
466.87	2256.28
467.22	2242.23
467.57	2129.89
467.92	2155.63
468.27	2263.30
468.62	2314.79
468.97	2195.42
469.32	2092.44
469.67	2399.05
470.02	2312.45
470.37	2169.68
470.72	2200.10
471.07	2134.57
471.42	2197.76
471.76	2197.76
472.11	2120.53
472.46	2225.85
472.81	2324.15
473.16	2153.29
473.51	2186.06
473.86	2157.97
474.21	2167.34
474.56	2122.87
474.90	2132.23
475.25	2251.60
475.60	2293.72
475.95	2228.19
476.30	2279.68
476.65	2242.23
477.00	2284.36
477.34	2305.43
477.69	2150.95
478.04	2237.55
478.39	2209.47
478.74	2239.89
479.09	2136.91
479.43	2466.92
479.78	2113.50
480.13	2305.43
480.48	2207.13
480.83	2179.04
481.17	2125.21
481.52	2111.16
481.87	2197.76
482.22	2331.17
482.57	2228.19
482.91	2305.43
483.26	2251.60
483.61	2120.53
483.96	2174.36
484.30	4173.18
484.65	2267.98
485.00	2176.70
485.35	2153.29
485.69	2221.17
486.04	2209.47
486.39	2244.57
486.74	2162.66
487.08	2169.68
487.43	2216.49
487.78	2202.44
488.12	2284.36
488.47	2239.89
488.82	2237.55
489.17	2134.57
489.51	2183.72
489.86	2230.53
490.21	2141.59
490.55	2235.21
490.90	2207.13
491.25	2169.68
491.59	2165.00
491.94	2218.83
492.29	2232.87
492.63	2204.78
492.98	2195.42
493.33	2155.63
493.67	2150.95
494.02	2167.34
494.37	2181.38
494.71	2214.15
495.06	2267.98
495.40	2237.55
495.75	2139.25
496.10	2291.38
496.44	2218.83
496.79	2211.81
497.13	2146.27
497.48	2293.72
497.83	2279.68
498.17	2263.30
498.52	2235.21
498.86	2202.44
499.21	2207.13
499.56	2204.78
499.90	2200.10
500.25	2195.42
500.59	2150.95
500.94	2139.25
501.28	2078.40
501.63	2221.17
501.97	2162.66
502.32	2162.66
502.67	2270.32
503.01	2174.36
503.36	2118.18
503.70	2207.13
504.05	2202.44
504.39	2242.23
504.74	2188.40
505.08	2193.08
505.43	2129.89
505.77	2216.49
506.12	2167.34
506.46	2167.34
506.81	2239.89
507.15	2200.10
507.49	2228.19
507.84	2190.74
508.18	2228.19
508.53	2207.13
508.87	2188.40
509.22	2160.31
509.56	12908.05
509.91	2679.91
510.25	2232.87
510.60	2218.83
510.94	2275.00
511.28	2115.84
511.63	2239.89
511.97	2157.97
512.32	2230.53
512.66	2136.91
513.00	2193.08
513.35	2202.44
513.69	2157.97
514.04	2155.63
514.38	2225.85
514.72	2263.30
515.07	2253.94
515.41	2218.83
515.76	2127.55
516.10	2186.06
516.44	2214.15
516.79	2148.61
517.13	2127.55
517.47	2207.13
517.82	2218.83
518.16	2242.23
518.50	2209.47
518.85	2141.59
519.19	2237.55
519.53	2253.94
519.88	2237.55
520.22	2183.72
520.56	2242.23
520.91	2183.72
521.25	2186.06
521.59	2174.36
521.93	2235.21
522.28	2134.57
522.62	2253.94
522.96	2223.51
523.31	2197.76
523.65	2162.66
523.99	2160.31
524.33	2307.77
524.68	2223.51
525.02	2190.74
525.36	2160.31
525.70	2167.34
526.05	2195.42
526.39	2157.97
526.73	2216.49
527.07	2120.53
527.41	2251.60
527.76	2143.93
528.10	2237.55
528.44	2228.19
528.78	2223.51
529.12	2214.15
529.47	2169.68
529.81	2225.85
530.15	2216.49
530.49	2228.19
530.83	2129.89
531.18	2120.53
531.52	2218.83
531.86	2172.02
532.20	2160.31
532.54	2260.96
532.88	2153.29
533.22	2193.08
533.57	2160.31
533.91	2275.00
534.25	2153.29
534.59	2221.17
534.93	2230.53
535.27	2111.16
535.61	2310.11
535.95	2291.38
536.30	2197.76
536.64	2197.76
536.98	2139.25
537.32	2190.74
537.66	2134.57
538.00	2195.42
538.34	2237.55
538.68	2190.74
539.02	2258.62
539.36	2150.95
539.70	2181.38
540.04	2169.68
540.39	2427.14
540.73	2207.13
541.07	2246.91
541.41	2249.25
541.75	2162.66
542.09	2244.57
542.43	2256.28
542.77	2207.13
543.11	2235.21
543.45	2235.21
543.79	2246.91
544.13	2127.55
544.47	2143.93
544.81	2148.61
545.15	2214.15
545.49	2155.63
545.83	2146.27
546.17	2183.72
546.51	2092.44
546.85	2157.97
547.19	2277.34
547.53	2179.04
547.87	2225.85
548.21	2307.77
548.54	2176.70
548.88	2183.72
549.22	2129.89
549.56	2157.97
549.90	2153.29
550.24	2186.06
550.58	2146.27
550.92	2195.42
551.26	2157.97
551.60	2235.21
551.94	2176.70
552.28	2244.57
552.61	2176.70
552.95	2237.55
553.29	2101.80
553.63	2204.78
553.97	2326.49
554.31	2214.15
554.65	2221.17
554.99	2256.28
555.32	2134.57
555.66	2195.42
556.00	2228.19
556.34	2179.04
556.68	2211.81
557.02	2230.53
557.36	2246.91
557.69	2221.17
558.03	2167.34
558.37	2263.30
558.71	2296.07
559.05	2197.76
559.38	2249.25
559.72	2190.74
560.06	2228.19
560.40	2225.85
560.74	2209.47
561.07	2202.44
561.41	2207.13
561.75	2202.44
562.09	2251.60
562.42	2150.95
562.76	2169.68
563.10	2204.78
563.44	2436.50
563.77	2204.78
564.11	2186.06
564.45	2153.29
564.79	2214.15
565.12	2146.27
565.46	2223.51
565.80	2214.15
566.14	2202.44
566.47	2265.64
566.81	2188.40
567.15	2200.10
567.48	2176.70
567.82	2160.31
568.16	2183.72
568.49	2162.66
568.83	2183.72
569.17	2162.66
569.50	2204.78
569.84	2165.00
570.18	2216.49
570.51	2296.07
570.85	2244.57
571.19	2228.19
571.52	2249.25
571.86	2153.29
572.20	2221.17
572.53	2260.96
572.87	2197.76
573.21	2136.91
573.54	2183.72
573.88	2216.49
574.21	2246.91
574.55	2209.47
574.89	2244.57
575.22	2249.25
575.56	2200.10
575.89	2207.13
576.23	2169.68
576.57	2162.66
576.90	2169.68
577.24	2174.36
577.57	2120.53
577.91	2176.70
578.24	2272.66
578.58	2111.16
578.91	2221.17
579.25	2204.78
579.59	2209.47
579.92	2186.06
580.26	2186.06
580.59	2108.82
580.93	2204.78
581.26	2165.00
581.60	2190.74
581.93	2218.83
582.27	2296.07
582.60	2162.66
582.94	2183.72
583.27	2193.08
583.61	2141.59
583.94	2221.17
584.28	2155.63
584.61	2235.21
584.94	2235.21
585.28	2237.55
585.61	2263.30
585.95	2249.25
586.28	2260.96
586.62	2312.45
586.95	2253.94
587.29	2279.68
587.62	2249.25
587.95	2162.66
588.29	2202.44
588.62	2214.15
588.96	2218.83
589.29	2188.40
589.62	2183.72
589.96	2202.44
590.29	2153.29
590.63	2165.00
590.96	2214.15
591.29	2146.27
591.63	2239.89
591.96	2230.53
592.29	2179.04
592.63	2256.28
592.96	2193.08
593.30	2263.30
593.63	2169.68
593.96	2204.78
594.30	2235.21
594.63	2202.44
594.96	2237.55
595.30	2214.15
595.63	2176.70
595.96	2148.61
596.29	2136.91
596.63	2113.50
596.96	2195.42
597.29	2237.55
597.63	2167.34
597.96	2258.62
598.29	2260.96
598.63	2218.83
598.96	2165.00
599.29	2223.51
599.62	2197.76
599.96	2162.66
600.29	2174.36
600.62	2136.91
600.95	2167.34
601.29	2139.25
601.62	2221.17
601.95	2188.40
602.28	2113.50
602.61	2818.00
602.95	2111.16
603.28	2328.83
603.61	2167.34
603.94	2237.55
604.27	2230.53
604.61	2265.64
604.94	2218.83
605.27	2186.06
605.60	2197.76
605.93	2216.49
606.27	2258.62
606.60	2183.72
606.93	2242.23
607.26	2265.64
607.59	2214.15
607.92	2150.95
608.26	2141.59
608.59	2204.78
608.92	2165.00
609.25	2162.66
609.58	2200.10
609.91	2200.10
610.24	2265.64
610.57	2193.08
610.90	2310.11
611.24	2207.13
611.57	2104.14
611.90	2197.76
612.23	2146.27
612.56	2242.23
612.89	2251.60
613.22	2223.51
613.55	2120.53
613.88	2169.68
614.21	2181.38
614.54	2200.10
614.87	2186.06
615.20	2143.93
615.53	2232.87
615.87	2183.72
616.20	2207.13
616.53	2279.68
616.86	2235.21
617.19	2172.02
617.52	2230.53
617.85	2143.93
618.18	2242.23
618.51	2167.34
618.84	2235.21
619.17	2193.08
619.50	2403.73
619.83	2303.09
620.16	2293.72
620.49	2186.06
620.82	2277.34
621.14	2246.91
621.47	2150.95
621.80	2235.21
622.13	2200.10
622.46	2286.70
622.79	2197.76
623.12	2167.34
623.45	2204.78
623.78	2193.08
624.11	2160.31
624.44	2157.97
624.77	2204.78
625.10	2186.06
625.43	2150.95
625.75	2139.25
626.08	2111.16
626.41	2167.34
626.74	2181.38
627.07	2120.53
627.40	2228.19
627.73	2181.38
628.06	2143.93
628.38	2136.91
628.71	2246.91
629.04	2263.30
629.37	2221.17
629.70	2207.13
630.03	2146.27
630.36	2207.13
630.68	2270.32
631.01	2132.23
631.34	2265.64
631.67	2211.81
632.00	2195.42
632.32	2228.19
632.65	2228.19
632.98	2230.53
633.31	2230.53
633.64	2218.83
633.96	2179.04
634.29	2249.25
634.62	2179.04
634.95	2230.53
635.27	2282.02
635.60	2256.28
635.93	2146.27
636.26	2270.32
636.58	2136.91
636.91	2232.87
637.24	2188.40
637.57	2188.40
637.89	2284.36
638.22	2197.76
638.55	2195.42
638.87	2129.89
639.20	2162.66
639.53	2230.53
639.86	2190.74
640.18	2148.61
640.51	2237.55
640.84	2277.34
641.16	2188.40
641.49	2202.44
641.82	2232.87
642.14	2188.40
642.47	2319.47
642.80	2129.89
643.12	2202.44
643.45	2190.74
643.78	2172.02
644.10	2214.15
644.43	2190.74
644.75	2225.85
645.08	2160.31
645.41	2211.81
645.73	2115.84
646.06	2319.47
646.39	2260.96
646.71	2186.06
647.04	2141.59
647.36	2169.68
647.69	2200.10
648.01	2237.55
648.34	2200.10
648.67	2134.57
648.99	2176.70
649.32	2127.55
649.64	2197.76
649.97	2136.91
650.29	2225.85
650.62	2317.13
650.94	2122.87
651.27	2195.42
651.59	2211.81
651.92	2176.70
652.25	2246.91
652.57	2190.74
652.90	2223.51
653.22	2174.36
653.55	2148.61
653.87	2197.76
654.20	2193.08
654.52	2256.28
654.84	2225.85
655.17	2251.60
655.49	2232.87
655.82	2146.27
656.14	2291.38
656.47	2275.00
656.79	2242.23
657.12	2129.89
657.44	2141.59
657.77	2162.66
658.09	2188.40
658.41	2125.21
658.74	2232.87
659.06	2172.02
659.39	2207.13
659.71	2218.83
660.03	2249.25
660.36	2218.83
660.68	2272.66
661.01	2303.09
661.33	2230.53
661.65	2188.40
661.98	2352.24
662.30	2270.32
662.63	2141.59
662.95	2197.76
663.27	2237.55
663.60	2169.68
663.92	2167.34
664.24	2153.29
664.57	2176.70
664.89	2188.40
665.21	2209.47
665.54	2214.15
665.86	2244.57
666.18	2242.23
666.51	2270.32
666.83	2235.21
667.15	2340.54
667.47	2242.23
667.80	2232.87
668.12	2200.10
668.44	2340.54
668.77	2389.69
669.09	2284.36
669.41	2232.87
669.73	2165.00
670.06	2291.38
670.38	2216.49
670.70	2127.55
671.02	2228.19
671.35	2146.27
671.67	2312.45
671.99	2200.10
672.31	2286.70
672.63	2221.17
672.96	2221.17
673.28	2179.04
673.60	2202.44
673.92	2211.81
674.24	2216.49
674.57	2230.53
674.89	2246.91
675.21	2136.91
675.53	2253.94
675.85	2186.06
676.17	2202.44
676.50	2141.59
676.82	2165.00
677.14	2129.89
677.46	2246.91
677.78	2211.81
678.10	2242.23
678.42	2160.31
678.75	2181.38
679.07	2193.08
679.39	2165.00
679.71	2172.02
680.03	2162.66
680.35	2150.95
680.67	2211.81
680.99	2146.27
681.31	2221.17
681.63	2193.08
681.96	2265.64
682.28	2169.68
682.60	2225.85
682.92	2160.31
683.24	2155.63
683.56	2258.62
683.88	2223.51
684.20	2223.51
684.52	2204.78
684.84	2230.53
685.16	2155.63
685.48	2167.34
685.80	2256.28
686.12	2176.70
686.44	2319.47
686.76	2155.63
687.08	2209.47
687.40	2197.76
687.72	2200.10
688.04	2134.57
688.36	2291.38
688.68	2221.17
689.00	2209.47
689.32	2122.87
689.64	2216.49
689.96	2176.70
690.28	2235.21
690.60	2225.85
690.92	2172.02
691.24	2195.42
691.56	2111.16
691.88	2223.51
692.19	2073.71
692.51	2296.07
692.83	2218.83
693.15	2157.97
693.47	2265.64
693.79	2256.28
694.11	2244.57
694.43	2239.89
694.75	2143.93
695.06	2239.89
695.38	2267.98
695.70	2153.29
696.02	2202.44
696.34	2146.27
696.66	2141.59
696.98	2150.95
697.29	2136.91
697.61	2230.53
697.93	2253.94
698.25	2630.76
698.57	2218.83
698.89	2160.31
699.20	2174.36
699.52	2195.42
699.84	2122.87
700.16	2202.44
700.48	2134.57
700.79	2062.01
701.11	2190.74
701.43	2228.19
701.75	2183.72
702.07	2179.04
702.38	2258.62
702.70	2230.53
703.02	2155.63
703.34	2221.17
703.65	2223.51
703.97	2197.76
704.29	2165.00
704.61	2150.95
704.92	2174.36
705.24	2172.02
705.56	2331.17
705.87	2258.62
706.19	2228.19
706.51	2160.31
706.82	2249.25
707.14	2136.91
707.46	2150.95
707.78	2169.68
708.09	2237.55
708.41	2183.72
708.73	2183.72
709.04	2298.41
709.36	2200.10
709.68	2193.08
709.99	2244.57
710.31	2249.25
710.62	2167.34
710.94	2141.59
711.26	2202.44
711.57	2153.29
711.89	2197.76
712.21	2349.90
712.52	2148.61
712.84	2258.62
713.15	2165.00
713.47	2204.78
713.79	2165.00
714.10	2200.10
714.42	2155.63
714.73	2207.13
715.05	2134.57
715.36	2225.85
715.68	2141.59
715.99	2207.13
716.31	2265.64
716.63	2211.81
716.94	2265.64
717.26	2415.43
717.57	2195.42
717.89	2211.81
718.20	2155.63
718.52	2244.57
718.83	2146.27
719.15	2312.45
719.46	2291.38
719.78	2179.04
720.09	2265.64
720.41	2183.72
720.72	2127.55
721.04	2115.84
721.35	2129.89
721.67	2160.31
721.98	2174.36
722.29	2197.76
722.61	2183.72
722.92	2101.80
723.24	2148.61
723.55	2207.13
723.87	2167.34
724.18	2193.08
724.50	2157.97
724.81	2181.38
725.12	2162.66
725.44	2237.55
725.75	2230.53
726.07	2228.19
726.38	2258.62
726.69	2244.57
727.01	2202.44
727.32	2244.57
727.63	2179.04
727.95	2296.07
728.26	2157.97
728.58	2188.40
728.89	2162.66
729.20	2162.66
729.52	2150.95
729.83	2242.23
730.14	2228.19
730.46	2169.68
730.77	2239.89
731.08	2251.60
731.39	2153.29
731.71	2207.13
732.02	2172.02
732.33	2300.75
732.65	2275.00
732.96	2267.98
733.27	2209.47
733.59	2338.20
733.90	2228.19
734.21	2104.14
734.52	2230.53
734.84	2352.24
735.15	2209.47
735.46	2174.36
735.77	2181.38
736.09	2188.40
736.40	2277.34
736.71	2216.49
737.02	2108.82
737.33	2155.63
737.65	2176.70
737.96	2216.49
738.27	2167.34
738.58	2291.38
738.89	2197.76
739.21	2176.70
739.52	2195.42
739.83	2190.74
740.14	2167.34
740.45	2242.23
740.76	2200.10
741.08	2129.89
741.39	2160.31
741.70	2153.29
742.01	2214.15
742.32	2193.08
742.63	2209.47
742.94	2148.61
743.26	2249.25
743.57	2242.23
743.88	2244.57
744.19	2174.36
744.50	2181.38
744.81	2272.66
745.12	2214.15
745.43	2143.93
745.74	2342.88
746.05	2239.89
746.36	2200.10
746.67	2260.96
746.99	2193.08
747.30	2258.62
747.61	2296.07
747.92	2258.62
748.23	2181.38
748.54	2211.81
748.85	2146.27
749.16	2197.76
749.47	2211.81
749.78	2183.72
750.09	2221.17
750.40	2150.95
750.71	2209.47
751.02	2211.81
751.33	2216.49
751.64	2211.81
751.95	2111.16
752.26	2221.17
752.57	2188.40
752.88	2139.25
753.19	2183.72
753.50	2195.42
753.81	2165.00
754.11	2209.47
754.42	2420.11
754.73	2230.53
755.04	2172.02
755.35	2249.25
755.66	2305.43
755.97	2167.34
756.28	2221.17
756.59	2165.00
756.90	2300.75
757.21	2179.04
757.52	2246.91
757.82	2108.82
758.13	2202.44
758.44	2237.55
758.75	2298.41
759.06	2197.76
759.37	2160.31
759.68	2221.17
759.98	2183.72
760.29	2200.10
760.60	2167.34
760.91	2153.29
761.22	2174.36
761.53	2146.27
761.83	2183.72
762.14	2251.60
762.45	2230.53
762.76	2113.50
763.07	2155.63
763.37	2249.25
763.68	2246.91
763.99	2188.40
764.30	2246.91
764.60	2113.50
764.91	2197.76
765.22	2193.08
765.53	2186.06
765.84	2225.85
766.14	2157.97
766.45	2139.25
766.76	2197.76
767.06	2204.78
767.37	2260.96
767.68	2256.28
767.99	2237.55
768.29	2204.78
768.60	2237.55
768.91	2214.15
769.21	2258.62
769.52	2244.57
769.83	2232.87
770.13	2136.91
770.44	2204.78
770.75	2291.38
771.05	2209.47
771.36	2214.15
771.67	2183.72
771.97	2153.29
772.28	2162.66
772.59	2193.08
772.89	2186.06
773.20	2221.17
773.51	2211.81
773.81	2314.79
774.12	2249.25
774.42	2148.61
774.73	2113.50
775.04	2165.00
775.34	2399.05
775.65	2244.57
775.95	2289.04
776.26	2251.60
776.56	2183.72
776.87	2174.36
777.18	4999.38
777.48	2377.98
777.79	2125.21
778.09	2230.53
778.40	2019.88
778.70	2174.36
779.01	2300.75
779.31	2258.62
779.62	2188.40
779.92	2143.93
780.23	2239.89
780.53	2176.70
780.84	2193.08
781.14	2195.42
781.45	2188.40
781.75	2239.89
782.06	2157.97
782.36	2183.72
782.67	2111.16
782.97	2204.78
783.28	2244.57
783.58	2195.42
783.89	2169.68
784.19	2181.38
784.49	2340.54
784.80	2218.83
785.10	2270.32
785.41	2237.55
785.71	2169.68
786.02	2179.04
786.32	2263.30
786.62	2167.34
786.93	2239.89
787.23	2162.66
787.54	2200.10
787.84	2270.32
788.14	2209.47
788.45	2202.44
788.75	2174.36
789.05	2141.59
789.36	2176.70
789.66	2352.24
789.96	2263.30
790.27	2155.63
790.57	2181.38
790.87	2204.78
791.18	2197.76
791.48	2157.97
791.78	2207.13
792.09	2202.44
792.39	2092.44
792.69	2218.83
793.00	2214.15
793.30	2293.72
793.60	2300.75
793.90	2242.23
794.21	2179.04
794.51	2270.32
794.81	2249.25
795.11	2181.38
795.42	2195.42
795.72	2242.23
796.02	2186.06
796.32	2202.44
796.63	2258.62
796.93	2204.78
797.23	2265.64
797.53	2153.29
797.84	2179.04
798.14	2150.95
798.44	2200.10
798.74	2253.94
799.04	2155.63
799.34	2195.42
799.65	2307.77
799.95	2132.23
800.25	2176.70
800.55	2249.25
800.85	2204.78
801.15	2172.02
801.46	2129.89
801.76	2326.49
802.06	2202.44
802.36	2223.51
802.66	2179.04
802.96	2223.51
803.26	2223.51
803.56	2258.62
803.87	2368.62
804.17	2190.74
804.47	2246.91
804.77	2214.15
805.07	2183.72
805.37	2211.81
805.67	2263.30
805.97	2207.13
806.27	2200.10
806.57	2141.59
806.87	2221.17
807.17	2270.32
807.47	2256.28
807.77	2235.21
808.07	2129.89
808.37	2239.89
808.67	2265.64
808.98	2305.43
809.28	2209.47
809.58	2326.49
809.88	2239.89
810.18	2310.11
810.47	2160.31
810.77	2141.59
811.07	2190.74
811.37	2160.31
811.67	2172.02
811.97	2134.57
812.27	2181.38
812.57	2150.95
812.87	2190.74
813.17	2211.81
813.47	2197.76
813.77	2207.13
814.07	2214.15
814.37	2225.85
814.67	2127.55
814.97	2209.47
815.27	2176.70
815.56	2186.06
815.86	2265.64
816.16	2188.40
816.46	2127.55
816.76	2139.25
817.06	2256.28
817.36	2244.57
817.66	2129.89
817.95	2174.36
818.25	2204.78
818.55	2258.62
818.85	2186.06
819.15	2232.87
819.45	2342.88
819.75	2190.74
820.04	2183.72
820.34	2345.22
820.64	2157.97
820.94	2286.70
821.24	2216.49
821.53	2216.49
821.83	2134.57
822.13	2167.34
822.43	2155.63
822.72	2153.29
823.02	2139.25
823.32	2207.13
823.62	2064.35
823.91	2253.94
824.21	2127.55
824.51	2237.55
824.81	2181.38
825.10	2232.87
825.40	2176.70
825.70	2230.53
826.00	2286.70
826.29	2179.04
826.59	2195.42
826.89	2186.06
827.18	2169.68
827.48	2108.82
827.78	2153.29
828.07	2228.19
828.37	2246.91
828.67	2200.10
828.96	2197.76
829.26	2146.27
829.56	2211.81
829.85	2216.49
830.15	2263.30
830.45	2153.29
830.74	2282.02
831.04	2235.21
831.34	2204.78
831.63	2260.96
831.93	2253.94
832.22	2200.10
832.52	2214.15
832.82	2256.28
833.11	2204.78
833.41	2148.61
833.70	2174.36
834.00	2307.77
834.29	2244.57
834.59	2157.97
834.89	2162.66
835.18	2183.72
835.48	2298.41
835.77	2209.47
836.07	2228.19
836.36	2230.53
836.66	2282.02
836.95	2153.29
837.25	2136.91
837.54	2249.25
837.84	2216.49
838.13	2143.93
838.43	2108.82
838.72	2310.11
839.02	2267.98
839.31	2223.51
839.61	2207.13
839.90	2230.53
840.20	2200.10
840.49	2165.00
840.78	2181.38
841.08	2186.06
841.37	2169.68
841.67	2179.04
841.96	2230.53
842.26	2230.53
842.55	2125.21
842.84	2186.06
843.14	2186.06
843.43	2146.27
843.73	2193.08
844.02	2207.13
844.31	2176.70
844.61	2172.02
844.90	2258.62
845.20	2183.72
845.49	2143.93
845.78	2195.42
846.08	2239.89
846.37	2193.08
846.66	2253.94
846.96	2253.94
847.25	2218.83
847.54	2197.76
847.84	2179.04
848.13	2204.78
848.42	2186.06
848.72	2188.40
849.01	2186.06
849.30	2186.06
849.59	2223.51
849.89	2125.21
850.18	2270.32
850.47	2200.10
850.76	2326.49
851.06	2293.72
851.35	2132.23
851.64	2186.06
851.93	2221.17
852.23	2307.77
852.52	2174.36
852.81	2069.03
853.10	2172.02
853.40	2179.04
853.69	2181.38
853.98	2193.08
854.27	2230.53
854.56	2169.68
854.86	2190.74
855.15	2183.72
855.44	2221.17
855.73	2183.72
856.02	2172.02
856.31	2253.94
856.61	2165.00
856.90	2207.13
857.19	2179.04
857.48	2066.69
857.77	2148.61
858.06	2155.63
858.35	2181.38
858.65	2312.45
858.94	2223.51
859.23	2190.74
859.52	2225.85
859.81	2253.94
860.10	2221.17
860.39	2237.55
860.68	2188.40
860.97	2120.53
861.26	2143.93
861.55	2221.17
861.85	2235.21
862.14	2237.55
862.43	2265.64
862.72	2207.13
863.01	2165.00
863.30	2148.61
863.59	2146.27
863.88	2104.14
864.17	2115.84
864.46	2150.95
864.75	2251.60
865.04	2169.68
865.33	2101.80
865.62	2221.17
865.91	2242.23
866.20	2246.91
866.49	2162.66
866.78	2167.34
867.07	2174.36
867.36	2289.04
867.65	2267.98
867.93	2244.57
868.22	2106.48
868.51	2155.63
868.80	2275.00
869.09	2174.36
869.38	2228.19
869.67	2291.38
869.96	2291.38
870.25	2291.38
