178.76	1771.79
179.14	1771.79
179.52	1771.79
179.90	1734.34
180.28	1858.39
180.66	1827.96
181.04	1795.19
181.42	1860.73
181.80	1734.34
182.18	1867.75
182.55	1823.28
182.93	1933.28
183.31	1900.52
183.69	1884.13
184.07	1905.20
184.45	1923.92
184.83	1975.41
185.21	1902.86
185.59	1930.94
185.97	2050.31
186.35	2059.67
186.72	2001.16
187.10	2001.16
187.48	2099.46
187.86	2122.87
188.24	2090.10
188.62	2054.99
189.00	2172.02
189.38	2141.59
189.75	2078.40
190.13	2165.00
190.51	2134.57
190.89	2314.79
191.27	2232.87
191.65	2104.14
192.03	2076.06
192.40	2230.53
192.78	2113.50
193.16	2172.02
193.54	2289.04
193.92	2279.68
194.30	2193.08
194.67	2153.29
195.05	2235.21
195.43	2195.42
195.81	2143.93
196.19	2202.44
196.56	2188.40
196.94	2120.53
197.32	2186.06
197.70	2179.04
198.08	2122.87
198.45	2115.84
198.83	2186.06
199.21	2125.21
199.59	2214.15
199.97	2186.06
200.34	2122.87
200.72	2157.97
201.10	2258.62
201.48	2157.97
201.85	2092.44
202.23	2153.29
202.61	2125.21
202.99	2272.66
203.36	2134.57
203.74	2148.61
204.12	2127.55
204.49	2132.23
204.87	2172.02
205.25	2104.14
205.63	2120.53
206.00	2146.27
206.38	2190.74
206.76	2225.85
207.14	2106.48
207.51	2139.25
207.89	2113.50
208.27	2118.18
208.64	2111.16
209.02	2099.46
209.40	2139.25
209.77	2125.21
210.15	2165.00
210.53	2097.12
210.90	2235.21
211.28	1994.14
211.66	2136.91
212.03	2094.78
212.41	2094.78
212.79	2186.06
213.16	2113.50
213.54	2094.78
213.92	2125.21
214.29	2153.29
214.67	2083.08
215.05	2134.57
215.42	2209.47
215.80	2179.04
216.17	2165.00
216.55	2162.66
216.93	2062.01
217.30	2122.87
217.68	2157.97
218.05	2160.31
218.43	2127.55
218.81	2141.59
219.18	2260.96
219.56	2153.29
219.93	2087.76
220.31	2127.55
220.69	2186.06
221.06	2073.71
221.44	2155.63
221.81	2155.63
222.19	2141.59
222.56	2139.25
222.94	2106.48
223.32	2155.63
223.69	2239.89
224.07	2209.47
224.44	2134.57
224.82	2165.00
225.19	2141.59
225.57	2150.95
225.94	2150.95
226.32	2122.87
226.69	2263.30
227.07	2228.19
227.44	2125.21
227.82	2181.38
228.19	2129.89
228.57	2186.06
228.94	2235.21
229.32	2216.49
229.69	2239.89
230.07	2214.15
230.44	2190.74
230.82	2214.15
231.19	2125.21
231.57	2150.95
231.94	2139.25
232.32	2342.88
232.69	2134.57
233.07	2118.18
233.44	2167.34
233.82	2186.06
234.19	2188.40
234.57	2230.53
234.94	2193.08
235.31	2111.16
235.69	2148.61
236.06	2195.42
236.44	2150.95
236.81	2122.87
237.19	2242.23
237.56	2218.83
237.93	2157.97
238.31	2143.93
238.68	2139.25
239.06	2176.70
239.43	2169.68
239.81	2157.97
240.18	2136.91
240.55	2115.84
240.93	2307.77
241.30	2232.87
241.67	2195.42
242.05	2188.40
242.42	2263.30
242.80	2092.44
243.17	2176.70
243.54	2209.47
243.92	2204.78
244.29	2186.06
244.66	2162.66
245.04	2209.47
245.41	2258.62
245.78	2148.61
246.16	2162.66
246.53	2179.04
246.90	2188.40
247.28	2202.44
247.65	2176.70
248.02	2146.27
248.40	2157.97
248.77	2195.42
249.14	2258.62
249.52	2167.34
249.89	2122.87
250.26	2143.93
250.64	2172.02
251.01	2249.25
251.38	2143.93
251.75	2204.78
252.13	2146.27
252.50	2286.70
252.87	2211.81
253.25	2132.23
253.62	2148.61
253.99	2150.95
254.36	2165.00
254.74	2113.50
255.11	2153.29
255.48	2162.66
255.85	2284.36
256.23	2122.87
256.60	2186.06
256.97	2221.17
257.34	2239.89
257.71	2136.91
258.09	2209.47
258.46	2218.83
258.83	2197.76
259.20	2216.49
259.58	2183.72
259.95	2169.68
260.32	2230.53
260.69	2125.21
261.06	2242.23
261.44	2122.87
261.81	2298.41
262.18	2207.13
262.55	2113.50
262.92	2246.91
263.29	2176.70
263.67	2143.93
264.04	2176.70
264.41	2186.06
264.78	2216.49
265.15	2190.74
265.52	2225.85
265.90	2176.70
266.27	2143.93
266.64	2097.12
267.01	2272.66
267.38	2139.25
267.75	2097.12
268.12	2090.10
268.50	2179.04
268.87	2172.02
269.24	2153.29
269.61	2169.68
269.98	2188.40
270.35	2143.93
270.72	2155.63
271.09	2188.40
271.46	2265.64
271.83	2214.15
272.21	2225.85
272.58	2183.72
272.95	2111.16
273.32	2122.87
273.69	2153.29
274.06	2125.21
274.43	2211.81
274.80	2148.61
275.17	2143.93
275.54	2272.66
275.91	2249.25
276.28	2169.68
276.65	2246.91
277.02	2239.89
277.39	2125.21
277.76	2165.00
278.13	2260.96
278.50	2230.53
278.87	2263.30
279.24	2286.70
279.61	2230.53
279.98	2298.41
280.35	2193.08
280.72	2153.29
281.09	2146.27
281.46	2221.17
281.83	2190.74
282.20	2188.40
282.57	2104.14
282.94	2179.04
283.31	2193.08
283.68	2188.40
284.05	2204.78
284.42	2157.97
284.79	2204.78
285.16	2202.44
285.53	2167.34
285.90	2218.83
286.27	2260.96
286.64	2162.66
287.01	2150.95
287.38	2279.68
287.75	3110.57
288.12	2237.55
288.49	2314.79
288.86	2134.57
289.23	2176.70
289.59	2174.36
289.96	2183.72
290.33	2235.21
290.70	2132.23
291.07	2232.87
291.44	2244.57
291.81	2174.36
292.18	2200.10
292.55	2148.61
292.91	2237.55
293.28	2195.42
293.65	2277.34
294.02	2216.49
294.39	2129.89
294.76	2188.40
295.13	2186.06
295.50	2146.27
295.86	2143.93
296.23	2176.70
296.60	2204.78
296.97	2209.47
297.34	2244.57
297.71	2174.36
298.07	2181.38
298.44	2134.57
298.81	2160.31
299.18	2195.42
299.55	2230.53
299.91	2225.85
300.28	2141.59
300.65	2162.66
301.02	2209.47
301.39	2179.04
301.75	2242.23
302.12	2167.34
302.49	2286.70
302.86	2244.57
303.23	2134.57
303.59	2232.87
303.96	2157.97
304.33	2193.08
304.70	2354.58
305.06	2202.44
305.43	2228.19
305.80	2214.15
306.17	2239.89
306.53	2120.53
306.90	2272.66
307.27	2207.13
307.64	2275.00
308.00	2211.81
308.37	2153.29
308.74	2275.00
309.11	2289.04
309.47	2174.36
309.84	2122.87
310.21	2216.49
310.57	2253.94
310.94	2200.10
311.31	2291.38
311.67	2176.70
312.04	2162.66
312.41	2256.28
312.77	2202.44
313.14	2195.42
313.51	2228.19
313.87	2118.18
314.24	2183.72
314.61	2216.49
314.97	2228.19
315.34	2235.21
315.71	2169.68
316.07	2244.57
316.44	2195.42
316.81	2155.63
317.17	2176.70
317.54	2312.45
317.91	2176.70
318.27	2172.02
318.64	2225.85
319.00	2157.97
319.37	2183.72
319.74	2209.47
320.10	2239.89
320.47	2157.97
320.83	2251.60
321.20	2179.04
321.57	2136.91
321.93	2165.00
322.30	2251.60
322.66	2204.78
323.03	2181.38
323.40	2216.49
323.76	2118.18
324.13	2148.61
324.49	2200.10
324.86	2356.92
325.22	2218.83
325.59	2169.68
325.95	2176.70
326.32	2197.76
326.68	2242.23
327.05	2174.36
327.42	2153.29
327.78	2186.06
328.15	2251.60
328.51	2195.42
328.88	2169.68
329.24	2328.83
329.61	2186.06
329.97	2204.78
330.34	2162.66
330.70	2204.78
331.07	2237.55
331.43	2200.10
331.80	2298.41
332.16	2263.30
332.52	2195.42
332.89	2235.21
333.25	2160.31
333.62	2195.42
333.98	2143.93
334.35	2157.97
334.71	2190.74
335.08	2167.34
335.44	2260.96
335.81	2258.62
336.17	2251.60
336.53	2207.13
336.90	2143.93
337.26	2190.74
337.63	2249.25
337.99	2181.38
338.36	2204.78
338.72	2230.53
339.08	2188.40
339.45	2174.36
339.81	2230.53
340.18	2242.23
340.54	2235.21
340.90	2284.36
341.27	2193.08
341.63	2277.34
341.99	2129.89
342.36	2209.47
342.72	2216.49
343.09	2235.21
343.45	2174.36
343.81	2256.28
344.18	2202.44
344.54	2143.93
344.90	2125.21
345.27	2188.40
345.63	2169.68
345.99	2258.62
346.36	2207.13
346.72	2136.91
347.08	2148.61
347.45	2120.53
347.81	2267.98
348.17	2200.10
348.54	2179.04
348.90	2162.66
349.26	2251.60
349.62	2244.57
349.99	2094.78
350.35	2143.93
350.71	2272.66
351.08	2190.74
351.44	2162.66
351.80	2345.22
352.16	2253.94
352.53	2190.74
352.89	2277.34
353.25	2244.57
353.61	2176.70
353.98	2200.10
354.34	2249.25
354.70	2141.59
355.06	2195.42
355.43	2162.66
355.79	2183.72
356.15	2179.04
356.51	2209.47
356.88	2153.29
357.24	2160.31
357.60	2118.18
357.96	2148.61
358.32	2291.38
358.69	2183.72
359.05	2214.15
359.41	2211.81
359.77	2181.38
360.13	2204.78
360.49	2155.63
360.86	2251.60
361.22	2277.34
361.58	2244.57
361.94	2321.81
362.30	2113.50
362.66	2275.00
363.03	2179.04
363.39	2218.83
363.75	2197.76
364.11	2246.91
364.47	2193.08
364.83	2218.83
365.19	2230.53
365.56	2246.91
365.92	2225.85
366.28	2249.25
366.64	2183.72
367.00	2202.44
367.36	2272.66
367.72	2237.55
368.08	2296.07
368.44	2249.25
368.80	2197.76
369.17	2232.87
369.53	2160.31
369.89	2207.13
370.25	2188.40
370.61	2129.89
370.97	2242.23
371.33	2167.34
371.69	2270.32
372.05	2195.42
372.41	2153.29
372.77	2176.70
373.13	2200.10
373.49	2209.47
373.85	2232.87
374.21	2146.27
374.57	2172.02
374.93	2197.76
375.29	2150.95
375.65	2218.83
376.01	2136.91
376.37	2188.40
376.73	2307.77
377.09	2214.15
377.45	2244.57
377.81	2146.27
378.17	2172.02
378.53	2172.02
378.89	2200.10
379.25	2256.28
379.61	2286.70
379.97	2230.53
380.33	2141.59
380.69	2202.44
381.05	2197.76
381.41	2249.25
381.77	2230.53
382.13	2172.02
382.49	2239.89
382.85	2228.19
383.21	2235.21
383.57	2183.72
383.93	2244.57
384.28	2165.00
384.64	2160.31
385.00	2279.68
385.36	2239.89
385.72	2195.42
386.08	2141.59
386.44	2270.32
386.80	2246.91
387.16	2277.34
387.52	2256.28
387.87	2340.54
388.23	2186.06
388.59	2155.63
388.95	2197.76
389.31	2207.13
389.67	2193.08
390.03	2176.70
390.38	2155.63
390.74	2162.66
391.10	2279.68
391.46	2193.08
391.82	2139.25
392.18	2244.57
392.54	2122.87
392.89	2200.10
393.25	2239.89
393.61	2143.93
393.97	2162.66
394.33	2214.15
394.68	2094.78
395.04	2216.49
395.40	2197.76
395.76	2221.17
396.12	2186.06
396.47	2228.19
396.83	2223.51
397.19	2209.47
397.55	2155.63
397.90	2209.47
398.26	2197.76
398.62	2181.38
398.98	2127.55
399.33	2258.62
399.69	2478.63
400.05	2209.47
400.41	2169.68
400.76	2207.13
401.12	2197.76
401.48	2139.25
401.84	2165.00
402.19	2195.42
402.55	2251.60
402.91	2157.97
403.26	2106.48
403.62	2207.13
403.98	2209.47
404.34	2167.34
404.69	2195.42
405.05	2272.66
405.41	2303.09
405.76	2169.68
406.12	2186.06
406.48	2190.74
406.83	2246.91
407.19	2188.40
407.55	2279.68
407.90	2331.17
408.26	2225.85
408.62	2202.44
408.97	2214.15
409.33	2143.93
409.68	2207.13
410.04	2218.83
410.40	2258.62
410.75	2232.87
411.11	2150.95
411.47	2275.00
411.82	2150.95
412.18	2150.95
412.53	2115.84
412.89	2092.44
413.25	2244.57
413.60	2246.91
413.96	2143.93
414.31	2155.63
414.67	2214.15
415.03	2134.57
415.38	2169.68
415.74	2239.89
416.09	2286.70
416.45	2251.60
416.80	2122.87
417.16	2204.78
417.51	2216.49
417.87	2104.14
418.23	2190.74
418.58	2218.83
418.94	2111.16
419.29	2190.74
419.65	2228.19
420.00	2249.25
420.36	2230.53
420.71	2256.28
421.07	2193.08
421.42	2174.36
421.78	2160.31
422.13	2150.95
422.49	2179.04
422.84	2136.91
423.20	2179.04
423.55	2157.97
423.91	2181.38
424.26	2284.36
424.61	2188.40
424.97	2260.96
425.32	2181.38
425.68	2165.00
426.03	2179.04
426.39	2242.23
426.74	2284.36
427.10	2239.89
427.45	2155.63
427.80	2157.97
428.16	2172.02
428.51	2230.53
428.87	2136.91
429.22	2211.81
429.58	2251.60
429.93	2300.75
430.28	2282.02
430.64	2085.42
430.99	2165.00
431.35	2153.29
431.70	2153.29
432.05	2204.78
432.41	2181.38
432.76	2207.13
433.11	2249.25
433.47	2225.85
433.82	2275.00
434.17	2188.40
434.53	2218.83
434.88	2282.02
435.24	2139.25
435.59	2272.66
435.94	2153.29
436.30	2239.89
436.65	2223.51
437.00	2181.38
437.35	2260.96
437.71	2188.40
438.06	2207.13
438.41	2172.02
438.77	2141.59
439.12	2204.78
439.47	2167.34
439.83	2242.23
440.18	2202.44
440.53	2129.89
440.88	2270.32
441.24	2232.87
441.59	2148.61
441.94	2150.95
442.30	2186.06
442.65	2270.32
443.00	2172.02
443.35	2242.23
443.71	2120.53
444.06	2214.15
444.41	2153.29
444.76	2267.98
445.11	2176.70
445.47	2190.74
445.82	2176.70
446.17	2132.23
446.52	2221.17
446.88	2181.38
447.23	2169.68
447.58	2209.47
447.93	2101.80
448.28	2539.48
448.63	2305.43
448.99	2120.53
449.34	2136.91
449.69	2181.38
450.04	2193.08
450.39	2221.17
450.74	2092.44
451.10	2174.36
451.45	2202.44
451.80	2207.13
452.15	2244.57
452.50	2148.61
452.85	2230.53
453.21	2193.08
453.56	2232.87
453.91	2209.47
454.26	2209.47
454.61	2179.04
454.96	2221.17
455.31	2172.02
455.66	2197.76
456.01	2207.13
456.36	2209.47
456.72	2221.17
457.07	2155.63
457.42	2265.64
457.77	2260.96
458.12	2211.81
458.47	2197.76
458.82	2174.36
459.17	2136.91
459.52	2153.29
459.87	2675.23
460.22	2176.70
460.57	2188.40
460.92	2141.59
461.27	2230.53
461.62	2181.38
461.97	2143.93
462.32	2209.47
462.67	2228.19
463.02	2324.15
463.38	2314.79
463.73	2188.40
464.08	2277.34
464.43	2188.40
464.78	2197.76
465.12	2174.36
465.47	2186.06
465.82	2661.19
466.17	2223.51
466.52	2204.78
466.87	2174.36
467.22	2204.78
467.57	2141.59
467.92	2214.15
468.27	2279.68
468.62	2314.79
468.97	2214.15
469.32	2148.61
469.67	2307.77
470.02	2331.17
470.37	2165.00
470.72	2162.66
471.07	2162.66
471.42	2260.96
471.76	2183.72
472.11	2197.76
472.46	2202.44
472.81	2286.70
473.16	2228.19
473.51	2094.78
473.86	2223.51
474.21	2146.27
474.56	2239.89
474.90	2202.44
475.25	2321.81
475.60	2204.78
475.95	2146.27
476.30	2328.83
476.65	2267.98
477.00	2277.34
477.34	2279.68
477.69	2160.31
478.04	2204.78
478.39	2132.23
478.74	2127.55
479.09	2186.06
479.43	2424.80
479.78	2186.06
480.13	2232.87
480.48	2258.62
480.83	2260.96
481.17	2150.95
481.52	2157.97
481.87	2228.19
482.22	2291.38
482.57	2204.78
482.91	2237.55
483.26	2176.70
483.61	2136.91
483.96	2223.51
484.30	4095.94
484.65	2249.25
485.00	2162.66
485.35	2169.68
485.69	2214.15
486.04	2200.10
486.39	2216.49
486.74	2211.81
487.08	2157.97
487.43	2232.87
487.78	2202.44
488.12	2209.47
488.47	2174.36
488.82	2237.55
489.17	2223.51
489.51	2169.68
489.86	2165.00
490.21	2165.00
490.55	2249.25
490.90	2218.83
491.25	2223.51
491.59	2169.68
491.94	2239.89
492.29	2183.72
492.63	2132.23
492.98	2134.57
493.33	2129.89
493.67	2183.72
494.02	2193.08
494.37	2120.53
494.71	2216.49
495.06	2172.02
495.40	2202.44
495.75	2216.49
496.10	2214.15
496.44	2237.55
496.79	2244.57
497.13	2179.04
497.48	2246.91
497.83	2298.41
498.17	2244.57
498.52	2153.29
498.86	2186.06
499.21	2235.21
499.56	2218.83
499.90	2139.25
500.25	2127.55
500.59	2115.84
500.94	2289.04
501.28	2197.76
501.63	2237.55
501.97	2183.72
502.32	2188.40
502.67	2275.00
503.01	2148.61
503.36	2174.36
503.70	2197.76
504.05	2200.10
504.39	2221.17
504.74	2218.83
505.08	2296.07
505.43	2134.57
505.77	2127.55
506.12	2239.89
506.46	2165.00
506.81	2183.72
507.15	2193.08
507.49	2202.44
507.84	2207.13
508.18	2183.72
508.53	2165.00
508.87	2188.40
509.22	2118.18
509.56	12980.61
509.91	2670.55
510.25	2211.81
510.60	2195.42
510.94	2244.57
511.28	2186.06
511.63	2300.75
511.97	2230.53
512.32	2251.60
512.66	2218.83
513.00	2200.10
513.35	2246.91
513.69	2193.08
514.04	2293.72
514.38	2249.25
514.72	2249.25
515.07	2183.72
515.41	2104.14
515.76	2146.27
516.10	2230.53
516.44	2202.44
516.79	2202.44
517.13	2260.96
517.47	2291.38
517.82	2183.72
518.16	2165.00
518.50	2179.04
518.85	2167.34
519.19	2237.55
519.53	2253.94
519.88	2258.62
520.22	2176.70
520.56	2200.10
520.91	2113.50
521.25	2143.93
521.59	2146.27
521.93	2218.83
522.28	2118.18
522.62	2143.93
522.96	2244.57
523.31	2202.44
523.65	2202.44
523.99	2235.21
524.33	2277.34
524.68	2204.78
525.02	2150.95
525.36	2155.63
525.70	2129.89
526.05	2221.17
526.39	2204.78
526.73	2209.47
527.07	2155.63
527.41	2289.04
527.76	2150.95
528.10	2195.42
528.44	2141.59
528.78	2179.04
529.12	2228.19
529.47	2092.44
529.81	2237.55
530.15	2209.47
530.49	2214.15
530.83	2155.63
531.18	2134.57
531.52	2183.72
531.86	2211.81
532.20	2148.61
532.54	2277.34
532.88	2230.53
533.22	2174.36
533.57	2188.40
533.91	2260.96
534.25	2122.87
534.59	2296.07
534.93	2230.53
535.27	2157.97
535.61	2176.70
535.95	2275.00
536.30	2202.44
536.64	2169.68
536.98	2115.84
537.32	2176.70
537.66	2174.36
538.00	2221.17
538.34	2172.02
538.68	2258.62
539.02	2260.96
539.36	2202.44
539.70	2150.95
540.04	2183.72
540.39	2417.77
540.73	2204.78
541.07	2160.31
541.41	2298.41
541.75	2188.40
542.09	2225.85
542.43	2251.60
542.77	2228.19
543.11	2251.60
543.45	2162.66
543.79	2186.06
544.13	2162.66
544.47	2155.63
544.81	2242.23
545.15	2179.04
545.49	2153.29
545.83	2179.04
546.17	2090.10
546.51	2120.53
546.85	2209.47
547.19	2253.94
547.53	2214.15
547.87	2211.81
548.21	2246.91
548.54	2150.95
548.88	2120.53
549.22	2162.66
549.56	2118.18
549.90	2118.18
550.24	2176.70
550.58	2078.40
550.92	2225.85
551.26	2272.66
551.60	2160.31
551.94	2181.38
552.28	2174.36
552.61	2251.60
552.95	2181.38
553.29	2237.55
553.63	2207.13
553.97	2300.75
554.31	2223.51
554.65	2169.68
554.99	2258.62
555.32	2162.66
555.66	2214.15
556.00	2143.93
556.34	2120.53
556.68	2183.72
557.02	2253.94
557.36	2139.25
557.69	2188.40
558.03	2218.83
558.37	2272.66
558.71	2265.64
559.05	2289.04
559.38	2232.87
559.72	2113.50
560.06	2228.19
560.40	2211.81
560.74	2190.74
561.07	2190.74
561.41	2232.87
561.75	2188.40
562.09	2202.44
562.42	2150.95
562.76	2179.04
563.10	2172.02
563.44	2434.16
563.77	2263.30
564.11	2204.78
564.45	2251.60
564.79	2193.08
565.12	2263.30
565.46	2260.96
565.80	2162.66
566.14	2270.32
566.47	2207.13
566.81	2125.21
567.15	2195.42
567.48	2179.04
567.82	2186.06
568.16	2232.87
568.49	2136.91
568.83	2204.78
569.17	2251.60
569.50	2218.83
569.84	2218.83
570.18	2136.91
570.51	2218.83
570.85	2214.15
571.19	2146.27
571.52	2235.21
571.86	2225.85
572.20	2179.04
572.53	2256.28
572.87	2165.00
573.21	2172.02
573.54	2134.57
573.88	2162.66
574.21	2174.36
574.55	2165.00
574.89	2221.17
575.22	2207.13
575.56	2136.91
575.89	2160.31
576.23	2202.44
576.57	2136.91
576.90	2134.57
577.24	2197.76
577.57	2167.34
577.91	2239.89
578.24	2197.76
578.58	2127.55
578.91	2214.15
579.25	2181.38
579.59	2225.85
579.92	2251.60
580.26	2141.59
580.59	2232.87
580.93	2258.62
581.26	2162.66
581.60	2256.28
581.93	2181.38
582.27	2256.28
582.60	2094.78
582.94	2193.08
583.27	2132.23
583.61	2207.13
583.94	2183.72
584.28	2120.53
584.61	2197.76
584.94	1989.46
585.28	2228.19
585.61	2277.34
585.95	2214.15
586.28	2289.04
586.62	2307.77
586.95	2113.50
587.29	2211.81
587.62	2223.51
587.95	2125.21
588.29	2195.42
588.62	2214.15
588.96	2188.40
589.29	2181.38
589.62	2146.27
589.96	2223.51
590.29	2115.84
590.63	2167.34
590.96	2286.70
591.29	2174.36
591.63	2200.10
591.96	2221.17
592.29	2139.25
592.63	2132.23
592.96	2225.85
593.30	2314.79
593.63	2188.40
593.96	2204.78
594.30	2106.48
594.63	2270.32
594.96	2277.34
595.30	2157.97
595.63	2214.15
595.96	2174.36
596.29	2214.15
596.63	2197.76
596.96	2214.15
597.29	2218.83
597.63	2165.00
597.96	2260.96
598.29	2204.78
598.63	2237.55
598.96	2253.94
599.29	2193.08
599.62	2260.96
599.96	2204.78
600.29	2225.85
600.62	2157.97
600.95	2146.27
601.29	2143.93
601.62	2218.83
601.95	2190.74
602.28	2073.71
602.61	2712.68
602.95	2239.89
603.28	2230.53
603.61	2174.36
603.94	2218.83
604.27	2167.34
604.61	2188.40
604.94	2207.13
605.27	2230.53
605.60	2160.31
605.93	2153.29
606.27	2172.02
606.60	2204.78
606.93	2150.95
607.26	2237.55
607.59	2197.76
607.92	2230.53
608.26	2260.96
608.59	2101.80
608.92	2132.23
609.25	2162.66
609.58	2104.14
609.91	2204.78
610.24	2312.45
610.57	2176.70
610.90	2225.85
611.24	2190.74
611.57	2148.61
611.90	2263.30
612.23	2176.70
612.56	2204.78
612.89	2155.63
613.22	2232.87
613.55	2162.66
613.88	2228.19
614.21	2223.51
614.54	2249.25
614.87	2246.91
615.20	2197.76
615.53	2225.85
615.87	2134.57
616.20	2188.40
616.53	2235.21
616.86	2209.47
617.19	2162.66
617.52	2193.08
617.85	2209.47
618.18	2284.36
618.51	2174.36
618.84	2239.89
619.17	2239.89
619.50	2300.75
619.83	2258.62
620.16	2188.40
620.49	2267.98
620.82	2282.02
621.14	2293.72
621.47	2267.98
621.80	2228.19
622.13	2239.89
622.46	2237.55
622.79	2207.13
623.12	2202.44
623.45	2183.72
623.78	2211.81
624.11	2174.36
624.44	2214.15
624.77	2207.13
625.10	2183.72
625.43	2146.27
625.75	2202.44
626.08	2143.93
626.41	2106.48
626.74	2253.94
627.07	2193.08
627.40	2282.02
627.73	2197.76
628.06	2141.59
628.38	2129.89
628.71	2193.08
629.04	2260.96
629.37	2256.28
629.70	2181.38
630.03	2214.15
630.36	2296.07
630.68	2200.10
631.01	2235.21
631.34	2239.89
631.67	2167.34
632.00	2197.76
632.32	2211.81
632.65	2214.15
632.98	2169.68
633.31	2228.19
633.64	2246.91
633.96	2179.04
634.29	2162.66
634.62	2223.51
634.95	2249.25
635.27	2207.13
635.60	2181.38
635.93	2253.94
636.26	2181.38
636.58	2179.04
636.91	2162.66
637.24	2108.82
637.57	2237.55
637.89	2202.44
638.22	2059.67
638.55	2155.63
638.87	2207.13
639.20	2258.62
639.53	2211.81
639.86	2193.08
640.18	2193.08
640.51	2275.00
640.84	2188.40
641.16	2239.89
641.49	2230.53
641.82	2150.95
642.14	2113.50
642.47	2279.68
642.80	2216.49
643.12	2216.49
643.45	2232.87
643.78	2204.78
644.10	2129.89
644.43	2237.55
644.75	2176.70
645.08	2097.12
645.41	2209.47
645.73	2190.74
646.06	2319.47
646.39	2237.55
646.71	2221.17
647.04	2225.85
647.36	2202.44
647.69	2200.10
648.01	2150.95
648.34	2146.27
648.67	2162.66
648.99	2277.34
649.32	2141.59
649.64	2186.06
649.97	2108.82
650.29	2174.36
650.62	2361.60
650.94	2256.28
651.27	2349.90
651.59	2197.76
651.92	2211.81
652.25	2150.95
652.57	2183.72
652.90	2188.40
653.22	2232.87
653.55	2183.72
653.87	2190.74
654.20	2155.63
654.52	2237.55
654.84	2190.74
655.17	2165.00
655.49	2221.17
655.82	2127.55
656.14	2188.40
656.47	2225.85
656.79	2160.31
657.12	2193.08
657.44	2188.40
657.77	2195.42
658.09	2200.10
658.41	2181.38
658.74	2216.49
659.06	2162.66
659.39	2204.78
659.71	2141.59
660.03	2179.04
660.36	2172.02
660.68	2286.70
661.01	2298.41
661.33	2260.96
661.65	2125.21
661.98	2267.98
662.30	2258.62
662.63	2237.55
662.95	2190.74
663.27	2094.78
663.60	2076.06
663.92	2197.76
664.24	2291.38
664.57	2127.55
664.89	2190.74
665.21	2190.74
665.54	2279.68
665.86	2181.38
666.18	2249.25
666.51	2253.94
666.83	2211.81
667.15	2382.67
667.47	2235.21
667.80	2150.95
668.12	2228.19
668.44	2235.21
668.77	2200.10
669.09	2204.78
669.41	2167.34
669.73	2165.00
670.06	2172.02
670.38	2113.50
670.70	2186.06
671.02	2242.23
671.35	2239.89
671.67	2282.02
671.99	2214.15
672.31	2260.96
672.63	2157.97
672.96	2221.17
673.28	2190.74
673.60	2181.38
673.92	2209.47
674.24	2186.06
674.57	2165.00
674.89	2169.68
675.21	2160.31
675.53	2202.44
675.85	2232.87
676.17	2207.13
676.50	2125.21
676.82	2256.28
677.14	2253.94
677.46	2265.64
677.78	2176.70
678.10	2282.02
678.42	2272.66
678.75	2218.83
679.07	2193.08
679.39	2270.32
679.71	2181.38
680.03	2139.25
680.35	2141.59
680.67	2188.40
680.99	2181.38
681.31	2150.95
681.63	2162.66
681.96	2251.60
682.28	2218.83
682.60	2221.17
682.92	2246.91
683.24	2165.00
683.56	2181.38
683.88	2150.95
684.20	2165.00
684.52	2211.81
684.84	2244.57
685.16	2136.91
685.48	2176.70
685.80	2188.40
686.12	2272.66
686.44	2200.10
686.76	2165.00
687.08	2148.61
687.40	2087.76
687.72	2148.61
688.04	2132.23
688.36	2361.60
688.68	2204.78
689.00	2244.57
689.32	2223.51
689.64	2172.02
689.96	2216.49
690.28	2237.55
690.60	2237.55
690.92	2176.70
691.24	2211.81
691.56	2143.93
691.88	2136.91
692.19	2136.91
692.51	2204.78
692.83	2211.81
693.15	2235.21
693.47	2141.59
693.79	2197.76
694.11	2265.64
694.43	2174.36
694.75	2232.87
695.06	2218.83
695.38	2228.19
695.70	2165.00
696.02	2193.08
696.34	2204.78
696.66	2132.23
696.98	2127.55
697.29	2235.21
697.61	2277.34
697.93	2275.00
698.25	2658.85
698.57	2221.17
698.89	2167.34
699.20	2043.29
699.52	2253.94
699.84	2155.63
700.16	2160.31
700.48	2228.19
700.79	2122.87
701.11	2270.32
701.43	2179.04
701.75	2115.84
702.07	2165.00
702.38	2228.19
702.70	2167.34
703.02	2115.84
703.34	2197.76
703.65	2253.94
703.97	2258.62
704.29	2162.66
704.61	2197.76
704.92	2303.09
705.24	2129.89
705.56	2277.34
705.87	2244.57
706.19	2162.66
706.51	2179.04
706.82	2167.34
707.14	2150.95
707.46	2195.42
707.78	2141.59
708.09	2218.83
708.41	2242.23
708.73	2242.23
709.04	2223.51
709.36	2139.25
709.68	2197.76
709.99	2303.09
710.31	2186.06
710.62	2172.02
710.94	2097.12
711.26	2204.78
711.57	2239.89
711.89	2181.38
712.21	2253.94
712.52	2160.31
712.84	2298.41
713.15	2207.13
713.47	2300.75
713.79	2218.83
714.10	2176.70
714.42	2190.74
714.73	2228.19
715.05	2223.51
715.36	2202.44
715.68	2228.19
715.99	2160.31
716.31	2258.62
716.63	2209.47
716.94	2272.66
717.26	2361.60
717.57	2214.15
717.89	2277.34
718.20	2193.08
718.52	2172.02
718.83	2239.89
719.15	2321.81
719.46	2160.31
719.78	2216.49
720.09	2136.91
720.41	2193.08
720.72	2188.40
721.04	2200.10
721.35	2176.70
721.67	2127.55
721.98	2127.55
722.29	2153.29
722.61	2202.44
722.92	2134.57
723.24	2183.72
723.55	2165.00
723.87	2183.72
724.18	2221.17
724.50	2216.49
724.81	2216.49
725.12	2211.81
725.44	2216.49
725.75	2202.44
726.07	2265.64
726.38	2186.06
726.69	2132.23
727.01	2209.47
727.32	2216.49
727.63	2146.27
727.95	2275.00
728.26	2186.06
728.58	2235.21
728.89	2172.02
729.20	2188.40
729.52	2155.63
729.83	2331.17
730.14	2256.28
730.46	2165.00
730.77	2218.83
731.08	2193.08
731.39	2150.95
731.71	2272.66
732.02	2249.25
732.33	2202.44
732.65	2216.49
732.96	2284.36
733.27	2218.83
733.59	2272.66
733.90	2239.89
734.21	2209.47
734.52	2169.68
734.84	2361.60
735.15	2200.10
735.46	2197.76
735.77	2230.53
736.09	2181.38
736.40	2150.95
736.71	2202.44
737.02	2204.78
737.33	2146.27
737.65	2221.17
737.96	2200.10
738.27	2272.66
738.58	2223.51
738.89	2165.00
739.21	2179.04
739.52	2211.81
739.83	2218.83
740.14	2200.10
740.45	2202.44
740.76	2190.74
741.08	2136.91
741.39	2174.36
741.70	2118.18
742.01	2174.36
742.32	2183.72
742.63	2258.62
742.94	2165.00
743.26	2239.89
743.57	2183.72
743.88	2141.59
744.19	2188.40
744.50	2136.91
744.81	2282.02
745.12	2216.49
745.43	2223.51
745.74	2293.72
746.05	2183.72
746.36	2129.89
746.67	2284.36
746.99	2157.97
747.30	2202.44
747.61	2183.72
747.92	2256.28
748.23	2324.15
748.54	2181.38
748.85	2174.36
749.16	2230.53
749.47	2174.36
749.78	2136.91
750.09	2165.00
750.40	2277.34
750.71	2197.76
751.02	2207.13
751.33	2155.63
751.64	2155.63
751.95	2165.00
752.26	2204.78
752.57	2214.15
752.88	2132.23
753.19	2202.44
753.50	2239.89
753.81	2195.42
754.11	2176.70
754.42	2340.54
754.73	2216.49
755.04	2211.81
755.35	2190.74
755.66	2246.91
755.97	2183.72
756.28	2162.66
756.59	2211.81
756.90	2352.24
757.21	2267.98
757.52	2272.66
757.82	2272.66
758.13	2221.17
758.44	2216.49
758.75	2197.76
759.06	2148.61
759.37	2167.34
759.68	2216.49
759.98	2157.97
760.29	2148.61
760.60	2200.10
760.91	2157.97
761.22	2190.74
761.53	2181.38
761.83	2242.23
762.14	2202.44
762.45	2186.06
762.76	2118.18
763.07	2165.00
763.37	2293.72
763.68	2239.89
763.99	2218.83
764.30	2300.75
764.60	2113.50
764.91	2211.81
765.22	2193.08
765.53	2193.08
765.84	2186.06
766.14	2218.83
766.45	2108.82
766.76	2267.98
767.06	2221.17
767.37	2167.34
767.68	2221.17
767.99	2197.76
768.29	2174.36
768.60	2221.17
768.91	2265.64
769.21	2216.49
769.52	2260.96
769.83	2183.72
770.13	2207.13
770.44	2193.08
770.75	2246.91
771.05	2223.51
771.36	2244.57
771.67	2172.02
771.97	2150.95
772.28	2169.68
772.59	2195.42
772.89	2228.19
773.20	2165.00
773.51	2139.25
773.81	2218.83
774.12	2195.42
774.42	2193.08
774.73	2197.76
775.04	2101.80
775.34	2324.15
775.65	2186.06
775.95	2216.49
776.26	2232.87
776.56	2115.84
776.87	2267.98
777.18	4901.08
777.48	2480.97
777.79	2200.10
778.09	2253.94
778.40	2183.72
778.70	2162.66
779.01	2267.98
779.31	2169.68
779.62	2195.42
779.92	2235.21
780.23	2183.72
780.53	2183.72
780.84	2204.78
781.14	2083.08
781.45	2129.89
781.75	2211.81
782.06	2155.63
782.36	2162.66
782.67	2153.29
782.97	2157.97
783.28	2310.11
783.58	2169.68
783.89	2193.08
784.19	2249.25
784.49	2293.72
784.80	2143.93
785.10	2237.55
785.41	2080.74
785.71	2179.04
786.02	2179.04
786.32	2291.38
786.62	2263.30
786.93	2244.57
787.23	2176.70
787.54	2134.57
787.84	2335.85
788.14	2232.87
788.45	2279.68
788.75	2157.97
789.05	2122.87
789.36	2265.64
789.66	2289.04
789.96	2251.60
790.27	2214.15
790.57	2157.97
790.87	2113.50
791.18	2260.96
791.48	2134.57
791.78	2237.55
792.09	2265.64
792.39	2092.44
792.69	2101.80
793.00	2207.13
793.30	2211.81
793.60	2193.08
793.90	2125.21
794.21	2232.87
794.51	2387.35
794.81	2277.34
795.11	2216.49
795.42	2221.17
795.72	2181.38
796.02	2225.85
796.32	2277.34
796.63	2284.36
796.93	2197.76
797.23	2193.08
797.53	2237.55
797.84	2174.36
798.14	2179.04
798.44	2242.23
798.74	2216.49
799.04	2179.04
799.34	2169.68
799.65	2382.67
799.95	2139.25
800.25	2148.61
800.55	2204.78
800.85	2186.06
801.15	2153.29
801.46	2162.66
801.76	2377.98
802.06	2181.38
802.36	2181.38
802.66	2165.00
802.96	2239.89
803.26	2193.08
803.56	2342.88
803.87	2370.96
804.17	2202.44
804.47	2225.85
804.77	2272.66
805.07	2207.13
805.37	2141.59
805.67	2239.89
805.97	2209.47
806.27	2265.64
806.57	2200.10
806.87	2256.28
807.17	2146.27
807.47	2314.79
807.77	2300.75
808.07	2197.76
808.37	2310.11
808.67	2165.00
808.98	2314.79
809.28	2181.38
809.58	2293.72
809.88	2218.83
810.18	2286.70
810.47	2221.17
810.77	2146.27
811.07	2263.30
811.37	2263.30
811.67	2197.76
811.97	2136.91
812.27	2216.49
812.57	2167.34
812.87	2167.34
813.17	2125.21
813.47	2127.55
813.77	2143.93
814.07	2134.57
814.37	2195.42
814.67	2169.68
814.97	2197.76
815.27	2132.23
815.56	2197.76
815.86	2242.23
816.16	2162.66
816.46	2134.57
816.76	2181.38
817.06	2284.36
817.36	2321.81
817.66	2188.40
817.95	2141.59
818.25	2160.31
818.55	2282.02
818.85	2193.08
819.15	2153.29
819.45	2298.41
819.75	2157.97
820.04	2176.70
820.34	2282.02
820.64	2267.98
820.94	2251.60
821.24	2214.15
821.53	2260.96
821.83	2153.29
822.13	2239.89
822.43	2050.31
822.72	2279.68
823.02	2204.78
823.32	2216.49
823.62	2193.08
823.91	2370.96
824.21	2139.25
824.51	2167.34
824.81	2186.06
825.10	2155.63
825.40	2197.76
825.70	2167.34
826.00	2265.64
826.29	2111.16
826.59	2235.21
826.89	2256.28
827.18	2242.23
827.48	2127.55
827.78	2190.74
828.07	2223.51
828.37	2188.40
828.67	2157.97
828.96	2244.57
829.26	2160.31
829.56	2223.51
829.85	2139.25
830.15	2204.78
830.45	2167.34
830.74	2218.83
831.04	2214.15
831.34	2223.51
831.63	2279.68
831.93	2200.10
832.22	2211.81
832.52	2228.19
832.82	2181.38
833.11	2172.02
833.41	2108.82
833.70	2221.17
834.00	2263.30
834.29	2211.81
834.59	2193.08
834.89	2244.57
835.18	2179.04
835.48	2293.72
835.77	2202.44
836.07	2174.36
836.36	2143.93
836.66	2246.91
836.95	2230.53
837.25	2207.13
837.54	2127.55
837.84	2174.36
838.13	2179.04
838.43	2150.95
838.72	2298.41
839.02	2235.21
839.31	2136.91
839.61	2284.36
839.90	2172.02
840.20	2209.47
840.49	2195.42
840.78	2249.25
841.08	2230.53
841.37	2211.81
841.67	2132.23
841.96	2209.47
842.26	2179.04
842.55	2169.68
842.84	2174.36
843.14	2200.10
843.43	2127.55
843.73	2214.15
844.02	2181.38
844.31	2174.36
844.61	2174.36
844.90	2197.76
845.20	2176.70
845.49	2155.63
845.78	2179.04
846.08	2179.04
846.37	2195.42
846.66	2237.55
846.96	2197.76
847.25	2200.10
847.54	2190.74
847.84	2260.96
848.13	2179.04
848.42	2246.91
848.72	2225.85
849.01	2146.27
849.30	2256.28
849.59	2176.70
849.89	2150.95
850.18	2279.68
850.47	2165.00
850.76	2239.89
851.06	2298.41
851.35	2214.15
851.64	2101.80
851.93	2174.36
852.23	2352.24
852.52	2162.66
852.81	2260.96
853.10	2176.70
853.40	2108.82
853.69	2169.68
853.98	2258.62
854.27	2265.64
854.56	2176.70
854.86	2183.72
855.15	2190.74
855.44	2216.49
855.73	2127.55
856.02	2237.55
856.31	2272.66
856.61	2141.59
856.90	2167.34
857.19	2188.40
857.48	2174.36
857.77	2157.97
858.06	2139.25
858.35	2186.06
858.65	2223.51
858.94	2244.57
859.23	2167.34
859.52	2167.34
859.81	2275.00
860.10	2134.57
860.39	2214.15
860.68	2134.57
860.97	2172.02
861.26	2230.53
861.55	2305.43
861.85	2106.48
862.14	2202.44
862.43	2239.89
862.72	2267.98
863.01	2216.49
863.30	2150.95
863.59	2193.08
863.88	2160.31
864.17	2230.53
864.46	2218.83
864.75	2289.04
865.04	2165.00
865.33	2115.84
865.62	2249.25
865.91	2099.46
866.20	2251.60
866.49	2038.61
866.78	2183.72
867.07	2174.36
867.36	2202.44
867.65	2260.96
867.93	2218.83
868.22	2221.17
868.51	2202.44
868.80	2183.72
869.09	2200.10
869.38	2160.31
869.67	2282.02
869.96	2282.02
870.25	2282.02
