178.76	1692.21
179.14	1692.21
179.52	1692.21
179.90	1600.93
180.28	11169.04
180.66	6282.00
181.04	8470.40
181.42	7356.30
181.80	6307.74
182.18	11236.91
182.55	5956.66
182.93	7588.02
183.31	7250.98
183.69	8084.21
184.07	8479.76
184.45	7108.21
184.83	7396.09
185.21	6843.73
185.59	6768.83
185.97	16861.22
186.35	12233.98
186.72	7211.19
187.10	7234.60
187.48	11915.67
187.86	9518.96
188.24	6773.51
188.62	6377.96
189.00	11159.67
189.38	8093.57
189.75	7475.67
190.13	8252.73
190.51	6251.57
190.89	15435.83
191.27	21495.48
191.65	7119.91
192.03	8065.49
192.40	10504.32
192.78	7625.47
193.16	8854.25
193.54	12531.23
193.92	11140.95
194.30	6883.52
194.67	9713.22
195.05	8566.36
195.43	7428.86
195.81	7136.29
196.19	10998.18
196.56	7798.66
196.94	7346.94
197.32	11763.53
197.70	6527.75
198.08	8748.92
198.45	6822.66
198.83	7695.68
199.21	6956.07
199.59	12617.83
199.97	8219.96
200.34	5982.41
200.72	6836.70
201.10	14288.97
201.48	10317.08
201.85	6354.55
202.23	6991.18
202.61	6682.23
202.99	16695.04
203.36	6677.55
203.74	9254.48
204.12	7232.26
204.49	6576.91
204.87	9013.40
205.25	7159.70
205.63	5664.10
206.00	6553.50
206.38	7957.82
206.76	9643.01
207.14	6581.59
207.51	5961.34
207.89	11105.84
208.27	6546.48
208.64	5451.11
209.02	6710.32
209.40	6937.35
209.77	5731.97
210.15	16297.15
210.53	6054.97
210.90	11229.89
211.28	6195.40
211.66	12402.50
212.03	6609.67
212.41	6005.81
212.79	7325.88
213.16	6150.93
213.54	7733.13
213.92	8002.29
214.29	5678.14
214.67	6736.06
215.05	6808.62
215.42	9533.00
215.80	6942.03
216.17	6768.83
216.55	7995.27
216.93	5923.90
217.30	9125.75
217.68	6413.07
218.05	6780.53
218.43	6546.48
218.81	7035.65
219.18	11435.86
219.56	6892.88
219.93	6705.63
220.31	6588.61
220.69	6019.86
221.06	6263.27
221.44	7698.02
221.81	6326.47
222.19	5729.63
222.56	6401.37
222.94	6888.20
223.32	7805.69
223.69	6492.65
224.07	8999.36
224.44	12704.43
224.82	7705.04
225.19	8416.57
225.57	7606.74
225.94	6640.10
226.32	7506.10
226.69	12308.88
227.07	8704.45
227.44	6782.87
227.82	7978.89
228.19	7157.36
228.57	8837.86
228.94	11805.66
229.32	9858.34
229.69	9088.30
230.07	6988.84
230.44	6256.25
230.82	10932.64
231.19	9682.80
231.57	5650.05
231.94	5926.24
232.32	9303.63
232.69	6801.60
233.07	7543.55
233.44	8472.74
233.82	7019.27
234.19	7667.60
234.57	10190.69
234.94	6459.88
235.31	6888.20
235.69	7368.01
236.06	7627.81
236.44	8865.95
236.81	5951.98
237.19	7882.92
237.56	11896.94
237.93	6614.35
238.31	7974.21
238.68	7199.49
239.06	7688.66
239.43	9020.42
239.81	8252.73
240.18	6155.61
240.55	6326.47
240.93	12968.91
241.30	7981.23
241.67	7391.41
242.05	8631.90
242.42	9741.31
242.80	6017.52
243.17	7943.78
243.54	7868.88
243.92	9397.25
244.29	7288.43
244.66	7662.91
245.04	10396.66
245.41	16603.76
245.78	6146.25
246.16	7115.23
246.53	8992.34
246.90	7316.51
247.28	13317.65
247.65	7087.14
248.02	7346.94
248.40	10256.23
248.77	7742.49
249.14	8589.77
249.52	6995.86
249.89	8734.88
250.26	6319.45
250.64	7576.31
251.01	15775.21
251.38	5858.36
251.75	7557.59
252.13	6817.98
252.50	9158.52
252.87	13699.16
253.25	6010.50
253.62	8063.15
253.99	5900.49
254.36	9509.60
254.74	6630.74
255.11	6237.53
255.48	5689.84
255.85	14368.55
256.23	5738.99
256.60	5423.02
256.97	6930.33
257.34	8397.84
257.71	7616.10
258.09	6827.34
258.46	7899.31
258.83	11470.97
259.20	9982.38
259.58	7138.63
259.95	7267.36
260.32	9483.85
260.69	6045.60
261.06	10984.13
261.44	6338.17
261.81	13474.46
262.18	7875.90
262.55	6445.84
262.92	7435.88
263.29	6752.45
263.67	5891.13
264.04	6672.87
264.41	7059.06
264.78	6588.61
265.15	10455.17
265.52	12678.68
265.90	7616.10
266.27	6658.82
266.64	5846.66
267.01	5509.62
267.38	8334.65
267.75	6244.55
268.12	5198.33
268.50	7246.30
268.87	6572.22
269.24	6377.96
269.61	7763.56
269.98	8376.78
270.35	8222.30
270.72	6298.38
271.09	7080.12
271.46	6686.91
271.83	8056.12
272.21	9387.89
272.58	5973.05
272.95	6579.25
273.32	7407.80
273.69	7452.27
274.06	5804.53
274.43	6317.11
274.80	7185.44
275.17	7810.37
275.54	18192.98
275.91	7618.44
276.28	7353.96
276.65	7779.94
277.02	11377.34
277.39	6265.61
277.76	6282.00
278.13	8608.49
278.50	8858.93
278.87	10670.50
279.24	9444.06
279.61	8400.18
279.98	10092.39
280.35	6392.00
280.72	7630.15
281.09	7124.59
281.46	7384.39
281.83	6359.24
282.20	8037.40
282.57	6729.04
282.94	8311.24
283.31	6459.88
283.68	7964.84
284.05	5813.89
284.42	5453.45
284.79	7901.65
285.16	8713.81
285.53	7400.77
285.90	7332.90
286.27	15161.99
286.64	5628.99
287.01	6314.77
287.38	8669.34
287.75	59742.17
288.12	8580.40
288.49	17022.72
288.86	6094.76
289.23	6106.46
289.59	6331.15
289.96	6076.03
290.33	6532.44
290.70	6771.17
291.07	8648.28
291.44	8067.83
291.81	5937.94
292.18	7447.58
292.55	6738.40
292.91	12924.44
293.28	8308.90
293.65	11021.58
294.02	7976.55
294.39	5626.65
294.76	7222.89
295.13	7653.55
295.50	7103.53
295.86	7033.31
296.23	6743.08
296.60	6010.50
296.97	6619.04
297.34	7185.44
297.71	9092.98
298.07	7435.88
298.44	5521.32
298.81	8147.40
299.18	7522.48
299.55	10806.25
299.91	7052.03
300.28	7611.42
300.65	5544.73
301.02	7737.81
301.39	8184.85
301.75	13713.20
302.12	8301.88
302.49	7000.54
302.86	10574.54
303.23	7440.56
303.59	6099.44
303.96	17717.86
304.33	9788.12
304.70	15180.71
305.06	6750.10
305.43	10527.73
305.80	8285.50
306.17	9221.71
306.53	6422.43
306.90	9654.71
307.27	7456.95
307.64	10801.57
308.00	6658.82
308.37	6597.97
308.74	12313.56
309.11	9095.32
309.47	6422.43
309.84	5736.65
310.21	7190.13
310.57	7740.15
310.94	6759.47
311.31	7463.97
311.67	7817.39
312.04	5610.26
312.41	10139.20
312.77	8278.47
313.14	6410.73
313.51	7126.93
313.87	6579.25
314.24	6649.46
314.61	6476.26
314.97	6590.95
315.34	7197.15
315.71	5715.59
316.07	9149.15
316.44	5813.89
316.81	8854.25
317.17	6314.77
317.54	16257.36
317.91	6597.97
318.27	5483.88
318.64	6979.48
319.00	8973.61
319.37	5579.84
319.74	9451.08
320.10	9858.34
320.47	6778.19
320.83	11094.14
321.20	7122.25
321.57	6207.10
321.93	6644.78
322.30	7777.60
322.66	6457.54
323.03	8954.89
323.40	8208.26
323.76	6572.22
324.13	6693.93
324.49	5565.79
324.86	19154.94
325.22	7597.38
325.59	6878.83
325.95	8091.23
326.32	9727.27
326.68	9233.41
327.05	7059.06
327.42	6099.44
327.78	6621.38
328.15	9827.91
328.51	6565.20
328.88	8723.18
329.24	11445.22
329.61	7323.54
329.97	8823.82
330.34	6537.12
330.70	7485.03
331.07	11000.52
331.43	8503.17
331.80	13495.53
332.16	10530.07
332.52	6216.46
332.89	8446.99
333.25	5596.22
333.62	12629.53
333.98	7049.69
334.35	7037.99
334.71	7468.65
335.08	5870.06
335.44	12355.69
335.81	12257.39
336.17	10284.31
336.53	7382.05
336.90	6026.88
337.26	8594.45
337.63	9654.71
337.99	7808.03
338.36	6118.16
338.72	9039.15
339.08	7534.18
339.45	5975.39
339.81	9729.61
340.18	6801.60
340.54	10832.00
340.90	6539.46
341.27	7136.29
341.63	8475.08
341.99	5308.34
342.36	10562.84
342.72	5959.00
343.09	10684.55
343.45	6396.68
343.81	10960.73
344.18	5680.48
344.54	7133.95
344.90	8002.29
345.27	7478.01
345.63	7016.93
345.99	9095.32
346.36	7449.93
346.72	6155.61
347.08	6183.70
347.45	5612.60
347.81	10162.61
348.17	7854.84
348.54	5823.25
348.90	9095.32
349.26	9760.03
349.62	11084.78
349.99	5399.62
350.35	5282.59
350.71	7934.42
351.08	7358.64
351.44	5404.30
351.80	13631.28
352.16	12149.72
352.53	6066.67
352.89	8652.96
353.25	11480.33
353.61	6785.21
353.98	8894.04
354.34	10356.87
354.70	6621.38
355.06	5413.66
355.43	7377.37
355.79	6930.33
356.15	6719.68
356.51	5989.43
356.88	6274.98
357.24	6916.28
357.60	5685.16
357.96	5345.78
358.32	15826.70
358.69	5586.86
359.05	8336.99
359.41	7651.21
359.77	5989.43
360.13	6305.40
360.49	6094.76
360.86	9137.45
361.22	11494.37
361.58	7831.43
361.94	11197.12
362.30	6031.56
362.66	8517.21
363.03	5224.08
363.39	5439.40
363.75	6349.87
364.11	10277.29
364.47	6455.20
364.83	10787.53
365.19	7660.57
365.56	9041.49
365.92	5458.13
366.28	8753.60
366.64	10090.05
367.00	5465.15
367.36	5500.26
367.72	9973.02
368.08	9664.07
368.44	6740.74
368.80	8542.96
369.17	6572.22
369.53	6775.85
369.89	6106.46
370.25	6139.23
370.61	6366.26
370.97	10956.05
371.33	6516.05
371.69	13132.75
372.05	8542.96
372.41	6008.16
372.77	6565.20
373.13	7627.81
373.49	5233.44
373.85	8341.67
374.21	7714.41
374.57	5825.59
374.93	8833.18
375.29	9453.42
375.65	7665.25
376.01	7459.29
376.37	10417.72
376.73	8739.56
377.09	5738.99
377.45	10228.14
377.81	6998.20
378.17	6061.99
378.53	5303.65
378.89	8746.58
379.25	11229.89
379.61	14656.43
379.97	9525.98
380.33	6539.46
380.69	6176.67
381.05	5776.44
381.41	9263.84
381.77	7433.54
382.13	8758.28
382.49	15344.55
382.85	7721.43
383.21	9114.05
383.57	5558.77
383.93	10626.03
384.28	5188.97
384.64	6572.22
385.00	7709.72
385.36	7499.08
385.72	9177.24
386.08	5961.34
386.44	9111.71
386.80	9160.86
387.16	11012.22
387.52	9767.06
387.87	14085.34
388.23	8212.94
388.59	6310.08
388.95	5624.31
389.31	6902.24
389.67	6810.96
390.03	6420.09
390.38	6644.78
390.74	5097.69
391.10	9336.40
391.46	7662.91
391.82	6118.16
392.18	8402.52
392.54	5032.15
392.89	5933.26
393.25	8669.34
393.61	5935.60
393.97	5813.89
394.33	8051.44
394.68	6932.67
395.04	5643.03
395.40	7454.61
395.76	9504.92
396.12	7585.68
396.47	5776.44
396.83	7190.13
397.19	5675.80
397.55	5858.36
397.90	7510.78
398.26	7328.22
398.62	5685.16
398.98	5071.94
399.33	6825.00
399.69	24915.00
400.05	8561.68
400.41	5928.58
400.76	8856.59
401.12	10164.95
401.48	8077.19
401.84	6136.88
402.19	6518.39
402.55	7918.03
402.91	7279.07
403.26	5533.03
403.62	8571.04
403.98	7019.27
404.34	4887.04
404.69	7087.14
405.05	9345.76
405.41	14356.85
405.76	5944.96
406.12	6111.14
406.48	7169.06
406.83	6186.04
407.19	8262.09
407.55	8166.13
407.90	14436.42
408.26	8631.90
408.62	9259.16
408.97	7171.40
409.33	5474.51
409.68	5933.26
410.04	7637.17
410.40	6040.92
410.75	8269.11
411.11	5944.96
411.47	7648.87
411.82	6684.57
412.18	7473.33
412.53	7028.63
412.89	6429.45
413.25	6803.94
413.60	7426.52
413.96	5352.81
414.31	6619.04
414.67	7513.12
415.03	5317.70
415.38	5680.48
415.74	6633.08
416.09	6616.69
416.45	8809.78
416.80	6059.65
417.16	8636.58
417.51	6960.75
417.87	6539.46
418.23	8133.36
418.58	8311.24
418.94	5125.77
419.29	6300.72
419.65	7957.82
420.00	8903.40
420.36	8308.90
420.71	8308.90
421.07	5633.67
421.42	7253.32
421.78	9345.76
422.13	6773.51
422.49	5425.36
422.84	7438.22
423.20	5294.29
423.55	5675.80
423.91	5462.81
424.26	14160.24
424.61	8524.23
424.97	11693.32
425.32	6064.33
425.68	6726.70
426.03	7808.03
426.39	10391.98
426.74	10197.71
427.10	9638.33
427.45	6146.25
427.80	7815.05
428.16	6841.39
428.51	6925.65
428.87	7831.43
429.22	9605.56
429.58	10480.92
429.93	10326.44
430.28	6207.10
430.64	6324.13
430.99	5376.21
431.35	7747.17
431.70	6574.56
432.05	6902.24
432.41	8561.68
432.76	7992.93
433.11	7995.27
433.47	7932.08
433.82	10853.06
434.17	8205.92
434.53	8093.57
434.88	14452.81
435.24	7815.05
435.59	7337.58
435.94	5757.72
436.30	8603.81
436.65	6431.79
437.00	9685.14
437.35	16449.28
437.71	6672.87
438.06	6509.03
438.41	6256.25
438.77	8070.17
439.12	5334.08
439.47	4854.27
439.83	7894.63
440.18	5376.21
440.53	6850.75
440.88	12582.72
441.24	8964.25
441.59	5755.38
441.94	6757.13
442.30	8439.97
442.65	13095.30
443.00	7199.49
443.35	10494.96
443.71	6745.42
444.06	9685.14
444.41	8140.38
444.76	11747.15
445.11	7042.67
445.47	10574.54
445.82	9282.56
446.17	6094.76
446.52	10686.89
446.88	7478.01
447.23	5378.55
447.58	8154.43
447.93	6101.78
448.28	30810.81
448.63	10972.43
448.99	6951.39
449.34	8596.79
449.69	8964.25
450.04	6228.17
450.39	6256.25
450.74	7185.44
451.10	7037.99
451.45	7414.82
451.80	7833.77
452.15	10464.54
452.50	8472.74
452.85	10106.43
453.21	9083.62
453.56	8088.89
453.91	6918.62
454.26	7510.78
454.61	5954.32
454.96	8535.93
455.31	6897.56
455.66	6406.05
456.01	8170.81
456.36	6462.22
456.72	6282.00
457.07	7939.10
457.42	10464.54
457.77	9413.63
458.12	6087.73
458.47	7529.50
458.82	9958.98
459.17	7199.49
459.52	7499.08
459.87	12407.18
460.22	5741.33
460.57	7339.92
460.92	6317.11
461.27	8446.99
461.62	6803.94
461.97	6050.28
462.32	12313.56
462.67	10874.13
463.02	14097.05
463.38	13631.28
463.73	9083.62
464.08	12524.21
464.43	7705.04
464.78	5790.49
465.12	8236.35
465.47	8835.52
465.82	28554.54
466.17	6738.40
466.52	8809.78
466.87	6403.71
467.22	6085.39
467.57	5296.63
467.92	7967.18
468.27	11236.91
468.62	15183.06
468.97	6939.69
469.32	5060.24
469.67	16231.62
470.02	14457.49
470.37	6104.12
470.72	7805.69
471.07	5458.13
471.42	6792.23
471.76	7005.22
472.11	6827.34
472.46	8627.21
472.81	15496.69
473.16	6043.26
473.51	6054.97
473.86	5423.02
474.21	6801.60
474.56	6452.86
474.90	6380.30
475.25	10097.07
475.60	8924.46
475.95	6347.53
476.30	11508.41
476.65	10626.03
477.00	15573.92
477.34	11564.59
477.69	5797.51
478.04	9678.12
478.39	7492.05
478.74	6085.39
479.09	5380.89
479.43	7356.30
479.78	5018.11
480.13	12734.85
480.48	10413.04
480.83	7447.58
481.17	5598.56
481.52	7370.35
481.87	6658.82
482.22	12187.17
482.57	6857.77
482.91	9448.74
483.26	8016.33
483.61	6466.90
483.96	7625.47
484.30	65535.00
484.65	12861.24
485.00	6040.92
485.35	7021.61
485.69	6029.22
486.04	6649.46
486.39	7892.29
486.74	7763.56
487.08	5315.36
487.43	8194.22
487.78	5071.94
488.12	8208.26
488.47	6289.02
488.82	10953.71
489.17	5956.66
489.51	5350.46
489.86	8196.56
490.21	5359.83
490.55	7932.08
490.90	5380.89
491.25	6590.95
491.59	5565.79
491.94	13107.00
492.29	6471.58
492.63	7325.88
492.98	4795.76
493.33	7578.65
493.67	6471.58
494.02	5600.90
494.37	5692.18
494.71	8479.76
495.06	6300.72
495.40	10707.95
495.75	6181.35
496.10	10745.40
496.44	6904.58
496.79	8461.04
497.13	5898.15
497.48	14883.47
497.83	10518.37
498.17	8411.89
498.52	6272.64
498.86	8910.42
499.21	6848.41
499.56	5987.09
499.90	6665.85
500.25	5423.02
500.59	7049.69
500.94	7999.95
501.28	8795.73
501.63	10225.80
501.97	6747.76
502.32	5933.26
502.67	7995.27
503.01	5350.46
503.36	6373.28
503.70	6380.30
504.05	8547.64
504.39	9275.54
504.74	6932.67
505.08	11206.48
505.43	4830.87
505.77	5764.74
506.12	7559.93
506.46	6712.66
506.81	5834.96
507.15	5811.55
507.49	6745.42
507.84	5884.11
508.18	7730.79
508.53	7487.37
508.87	7082.46
509.22	6656.48
509.56	65535.00
509.91	19491.98
510.25	7236.94
510.60	5130.45
510.94	9242.78
511.28	5118.75
511.63	9603.22
511.97	8006.97
512.32	9336.40
512.66	5928.58
513.00	7419.50
513.35	9568.11
513.69	5558.77
514.04	8521.89
514.38	9210.01
514.72	7798.66
515.07	5849.00
515.41	6052.63
515.76	6012.84
516.10	7311.83
516.44	8990.00
516.79	6342.85
517.13	5593.88
517.47	9593.86
517.82	7585.68
518.16	7023.95
518.50	7564.61
518.85	7812.71
519.19	10256.23
519.53	14045.55
519.88	9153.84
520.22	6607.33
520.56	7269.70
520.91	5430.04
521.25	5699.20
521.59	6960.75
521.93	8046.76
522.28	6829.68
522.62	7852.50
522.96	9502.58
523.31	6853.09
523.65	8271.45
523.99	8870.63
524.33	11885.24
524.68	8470.40
525.02	5493.24
525.36	7943.78
525.70	5294.29
526.05	6174.33
526.39	5603.24
526.73	8477.42
527.07	7573.97
527.41	11056.69
527.76	5916.87
528.10	6614.35
528.44	8196.56
528.78	7117.57
529.12	8784.03
529.47	6747.76
529.81	9427.68
530.15	9521.30
530.49	8470.40
530.83	5193.65
531.18	5748.36
531.52	6869.47
531.86	5390.25
532.20	7274.38
532.54	9998.77
532.88	4983.00
533.22	6581.59
533.57	6160.29
533.91	9785.78
534.25	5544.73
534.59	11269.68
534.93	8779.35
535.27	5961.34
535.61	6822.66
535.95	11260.32
536.30	5317.70
536.64	7073.10
536.98	4746.61
537.32	6722.02
537.66	5102.37
538.00	8372.10
538.34	8561.68
538.68	8231.66
539.02	12004.61
539.36	6274.98
539.70	5394.93
540.04	6867.13
540.39	20482.03
540.73	5872.40
541.07	7145.66
541.41	7772.92
541.75	7901.65
542.09	10480.92
542.43	8142.72
542.77	7281.41
543.11	7763.56
543.45	7164.38
543.79	9479.17
544.13	6759.47
544.47	6670.53
544.81	5947.30
545.15	8320.60
545.49	6946.71
545.83	5727.29
546.17	6656.48
546.51	4861.29
546.85	6193.06
547.19	11162.01
547.53	5500.26
547.87	9013.40
548.21	12379.09
548.54	7297.79
548.88	6289.02
549.22	5935.60
549.56	5284.93
549.90	6251.57
550.24	7101.19
550.58	5856.02
550.92	9893.44
551.26	6544.14
551.60	11159.67
551.94	6567.54
552.28	6558.18
552.61	8599.13
552.95	6607.33
553.29	6139.23
553.63	7353.96
553.97	11431.18
554.31	9717.90
554.65	10504.32
554.99	10565.18
555.32	6300.72
555.66	8446.99
556.00	4917.47
556.34	6780.53
556.68	7555.25
557.02	9430.02
557.36	7529.50
557.69	7300.13
558.03	6303.06
558.37	13053.17
558.71	15126.88
559.05	10736.04
559.38	11871.20
559.72	5942.62
560.06	9078.94
560.40	8482.10
560.74	9980.04
561.07	8166.13
561.41	9254.48
561.75	7981.23
562.09	6279.66
562.42	9284.91
562.76	8578.06
563.10	7517.80
563.44	25376.09
563.77	7864.20
564.11	8425.93
564.45	9991.75
564.79	8241.03
565.12	7410.14
565.46	7510.78
565.80	7997.61
566.14	7829.09
566.47	9724.93
566.81	5888.79
567.15	7538.87
567.48	8362.73
567.82	8578.06
568.16	7934.42
568.49	6026.88
568.83	5717.93
569.17	7037.99
569.50	8105.28
569.84	11028.60
570.18	8009.31
570.51	11585.65
570.85	7021.61
571.19	6740.74
571.52	6022.20
571.86	7606.74
572.20	6581.59
572.53	11054.35
572.87	6171.99
573.21	5872.40
573.54	5547.07
573.88	7824.41
574.21	7461.63
574.55	7023.95
574.89	6466.90
575.22	9371.50
575.56	6352.21
575.89	6232.85
576.23	6729.04
576.57	7929.74
576.90	6162.63
577.24	7588.02
577.57	5617.29
577.91	7817.39
578.24	5385.57
578.58	6860.11
578.91	8393.16
579.25	6157.95
579.59	7370.35
579.92	6906.92
580.26	5537.71
580.59	8042.08
580.93	7957.82
581.26	6569.88
581.60	8201.24
581.93	8561.68
582.27	11367.98
582.60	5806.87
582.94	7644.19
583.27	5713.25
583.61	6679.89
583.94	7665.25
584.28	5184.29
584.61	6684.57
584.94	8437.63
585.28	8257.41
585.61	8908.08
585.95	8524.23
586.28	11990.56
586.62	13488.51
586.95	7197.15
587.29	12283.13
587.62	15934.37
587.95	5738.99
588.29	7653.55
588.62	8444.65
588.96	9589.17
589.29	6392.00
589.62	6373.28
589.96	6871.81
590.29	6368.60
590.63	5394.93
590.96	8870.63
591.29	9109.36
591.63	10005.79
591.96	5746.02
592.29	6832.02
592.63	6427.11
592.96	7805.69
593.30	12053.76
593.63	8205.92
593.96	5982.41
594.30	6544.14
594.63	8009.31
594.96	12053.76
595.30	7279.07
595.63	6569.88
595.96	6078.37
596.29	7995.27
596.63	6656.48
596.96	8973.61
597.29	8547.64
597.63	5221.74
597.96	10473.90
598.29	9987.07
598.63	9661.73
598.96	5951.98
599.29	6207.10
599.62	6221.14
599.96	6188.38
600.29	6920.96
600.62	5804.53
600.95	6490.31
601.29	6988.84
601.62	7815.05
601.95	7248.64
602.28	6083.05
602.61	22972.36
602.95	7358.64
603.28	12727.83
603.61	6008.16
603.94	9694.50
604.27	6015.18
604.61	8699.77
604.94	8168.47
605.27	7742.49
605.60	5696.86
605.93	6342.85
606.27	9420.66
606.60	6024.54
606.93	5455.79
607.26	11482.67
607.59	7208.85
607.92	10239.84
608.26	6207.10
608.59	6108.80
608.92	6810.96
609.25	5694.52
609.58	7976.55
609.91	8681.05
610.24	13734.26
610.57	8379.12
610.90	9991.75
611.24	5305.99
611.57	5507.28
611.90	9256.82
612.23	7183.10
612.56	9144.47
612.89	8720.84
613.22	9055.53
613.55	5364.51
613.88	9757.69
614.21	5991.77
614.54	8149.75
614.87	5980.07
615.20	4917.47
615.53	10183.67
615.87	6232.85
616.20	7302.47
616.53	10485.60
616.86	7150.34
617.19	8308.90
617.52	6394.34
617.85	6518.39
618.18	6050.28
618.51	6736.06
618.84	8762.97
619.17	7140.97
619.50	11119.89
619.83	10604.97
620.16	8875.31
620.49	6509.03
620.82	14628.35
621.14	10817.96
621.47	6806.28
621.80	9856.00
622.13	7702.70
622.46	14988.79
622.79	8659.98
623.12	5628.99
623.45	9455.76
623.78	8730.20
624.11	5909.85
624.44	7852.50
624.77	5722.61
625.10	6008.16
625.43	5827.93
625.75	7496.74
626.08	6225.82
626.41	5951.98
626.74	7087.14
627.07	6651.80
627.40	12578.04
627.73	6560.52
628.06	6029.22
628.38	4847.25
628.71	9081.28
629.04	10232.82
629.37	8978.30
629.70	7679.30
630.03	6043.26
630.36	9958.98
630.68	9252.14
631.01	6373.28
631.34	11208.83
631.67	6370.94
632.00	4975.98
632.32	9275.54
632.65	10260.91
632.98	7824.41
633.31	7250.98
633.64	9334.06
633.96	5893.47
634.29	11466.28
634.62	7405.46
634.95	7953.14
635.27	7815.05
635.60	8716.16
635.93	8046.76
636.26	8091.23
636.58	6623.72
636.91	6572.22
637.24	6223.48
637.57	7428.86
637.89	8774.67
638.22	6384.98
638.55	7646.53
638.87	7840.79
639.20	9128.09
639.53	8142.72
639.86	6223.48
640.18	5823.25
640.51	7770.58
640.84	8100.59
641.16	5888.79
641.49	7761.22
641.82	5825.59
642.14	5844.32
642.47	14551.11
642.80	7239.28
643.12	9458.10
643.45	7150.34
643.78	7487.37
644.10	6363.92
644.43	7253.32
644.75	10431.77
645.08	5448.77
645.41	8430.61
645.73	5879.43
646.06	15817.34
646.39	9439.38
646.71	6555.84
647.04	6122.84
647.36	5160.88
647.69	8655.30
648.01	7749.51
648.34	6359.24
648.67	10010.47
648.99	10787.53
649.32	6113.48
649.64	5701.54
649.97	4861.29
650.29	5479.19
650.62	15051.99
650.94	7524.82
651.27	11513.10
651.59	7117.57
651.92	6251.57
652.25	8308.90
652.57	5982.41
652.90	6047.94
653.22	7936.76
653.55	7925.05
653.87	5121.09
654.20	7506.10
654.52	11339.90
654.84	6923.30
655.17	8355.71
655.49	11779.92
655.82	6736.06
656.14	7852.50
656.47	8697.43
656.79	11983.54
657.12	6780.53
657.44	6712.66
657.77	9170.22
658.09	7805.69
658.41	7131.61
658.74	8844.88
659.06	5741.33
659.39	7143.32
659.71	6356.90
660.03	7307.15
660.36	6722.02
660.68	10090.05
661.01	13923.85
661.33	10918.60
661.65	6445.84
661.98	14490.26
662.30	10925.62
662.63	7407.80
662.95	6836.70
663.27	6338.17
663.60	5589.20
663.92	7169.06
664.24	6991.18
664.57	5919.21
664.89	6410.73
665.21	6523.07
665.54	9788.12
665.86	7536.52
666.18	7721.43
666.51	10565.18
666.83	6633.08
667.15	15826.70
667.47	9888.76
667.80	8627.21
668.12	6202.42
668.44	7480.35
668.77	8922.12
669.09	10342.83
669.41	9380.87
669.73	5481.53
670.06	7356.30
670.38	6967.77
670.70	5401.96
671.02	8498.49
671.35	6614.35
671.67	10766.46
671.99	6920.96
672.31	10572.20
672.63	7981.23
672.96	11435.86
673.28	6537.12
673.60	7698.02
673.92	7421.84
674.24	6179.01
674.57	6333.49
674.89	10253.89
675.21	7117.57
675.53	9305.97
675.85	10342.83
676.17	10588.58
676.50	6003.47
676.82	10305.38
677.14	7716.75
677.46	15222.84
677.78	5474.51
678.10	9813.87
678.42	7222.89
678.75	6527.75
679.07	5867.72
679.39	7344.60
679.71	6729.04
680.03	6651.80
680.35	6406.05
680.67	6726.70
680.99	6132.20
681.31	5495.58
681.63	8336.99
681.96	10520.71
682.28	6609.67
682.60	5961.34
682.92	8826.16
683.24	5607.92
683.56	8912.76
683.88	6377.96
684.20	6937.35
684.52	6581.59
684.84	6471.58
685.16	6761.81
685.48	9312.99
685.80	8086.55
686.12	8901.06
686.44	12173.13
686.76	7122.25
687.08	5504.94
687.40	5884.11
687.72	9465.13
688.04	6925.65
688.36	14867.08
688.68	11367.98
689.00	8177.83
689.32	6846.07
689.64	6516.05
689.96	7155.02
690.28	10076.01
690.60	10499.64
690.92	6401.37
691.24	8737.22
691.56	6817.98
691.88	7080.12
692.19	6085.39
692.51	9591.52
692.83	8255.07
693.15	9322.35
693.47	8320.60
693.79	7492.05
694.11	9853.66
694.43	8168.47
694.75	7110.55
695.06	7485.03
695.38	10473.90
695.70	7658.23
696.02	7536.52
696.34	6600.31
696.66	6581.59
696.98	5303.65
697.29	7473.33
697.61	11690.98
697.93	10258.57
698.25	14391.95
698.57	8290.18
698.89	5558.77
699.20	7059.06
699.52	11417.13
699.84	5193.65
700.16	7307.15
700.48	11037.97
700.79	5933.26
701.11	12283.13
701.43	9624.28
701.75	6380.30
702.07	6930.33
702.38	12311.22
702.70	6307.74
703.02	6176.67
703.34	9057.87
703.65	7838.45
703.97	6963.09
704.29	5036.83
704.61	5874.74
704.92	9437.04
705.24	6986.50
705.56	9811.53
705.87	10253.89
706.19	7386.73
706.51	5516.64
706.82	10375.59
707.14	6242.21
707.46	5390.25
707.78	5891.13
708.09	8685.73
708.41	10029.20
708.73	7873.56
709.04	10457.51
709.36	6771.17
709.68	7180.76
709.99	13544.68
710.31	10633.05
710.62	7655.89
710.94	6743.08
711.26	8311.24
711.57	6913.94
711.89	5893.47
712.21	15925.00
712.52	7618.44
712.84	10944.34
713.15	8004.63
713.47	9455.76
713.79	5760.06
714.10	6352.21
714.42	6850.75
714.73	11180.74
715.05	5591.54
715.36	5905.17
715.68	6375.62
715.99	6885.86
716.31	9701.52
716.63	8830.84
716.94	9778.76
717.26	20379.04
717.57	9750.67
717.89	11850.13
718.20	6349.87
718.52	8791.05
718.83	7260.34
719.15	15133.90
719.46	14698.56
719.78	7889.95
720.09	7239.28
720.41	6286.68
720.72	5720.27
721.04	5914.53
721.35	7194.81
721.67	7052.03
721.98	6801.60
722.29	6621.38
722.61	6384.98
722.92	5256.84
723.24	6935.01
723.55	7742.49
723.87	7903.99
724.18	9153.84
724.50	5706.23
724.81	7218.21
725.12	7356.30
725.44	8545.30
725.75	7667.60
726.07	10977.11
726.38	8418.91
726.69	6927.99
727.01	9114.05
727.32	9041.49
727.63	6754.79
727.95	11157.33
728.26	6471.58
728.58	9296.61
728.89	6609.67
729.20	7513.12
729.52	6066.67
729.83	14017.47
730.14	8975.95
730.46	7323.54
730.77	10256.23
731.08	8812.12
731.39	7000.54
731.71	7461.63
732.02	9420.66
732.33	7227.57
732.65	6892.88
732.96	11281.38
733.27	9631.30
733.59	14869.42
733.90	10057.28
734.21	5830.27
734.52	7150.34
734.84	18012.76
735.15	6719.68
735.46	6916.28
735.77	7634.83
736.09	7456.95
736.40	11527.14
736.71	9371.50
737.02	5720.27
737.33	6806.28
737.65	7148.00
737.96	7674.62
738.27	8077.19
738.58	13984.70
738.89	9055.53
739.21	6558.18
739.52	5514.30
739.83	8837.86
740.14	6455.20
740.45	7473.33
740.76	6759.47
741.08	5872.40
741.39	7290.77
741.70	6712.66
742.01	8138.04
742.32	10590.92
742.63	7946.12
742.94	6179.01
743.26	8938.51
743.57	8442.31
743.88	9612.58
744.19	8135.70
744.50	7037.99
744.81	13064.87
745.12	7325.88
745.43	7190.13
745.74	16250.34
746.05	11665.23
746.36	5425.36
746.67	12573.36
746.99	6995.86
747.30	8678.71
747.61	6686.91
747.92	8102.93
748.23	10455.17
748.54	7005.22
748.85	7023.95
749.16	7665.25
749.47	6090.07
749.78	6647.12
750.09	6588.61
750.40	8156.77
750.71	7971.86
751.02	8617.85
751.33	7351.62
751.64	8500.83
751.95	7496.74
752.26	8936.17
752.57	9221.71
752.88	7028.63
753.19	7721.43
753.50	10771.15
753.81	7068.42
754.11	7590.36
754.42	17525.93
754.73	7616.10
755.04	8065.49
755.35	8091.23
755.66	14450.47
755.97	6003.47
756.28	6005.81
756.59	9053.19
756.90	17940.21
757.21	8458.70
757.52	11559.91
757.82	8379.12
758.13	6612.01
758.44	10230.48
758.75	8903.40
759.06	6633.08
759.37	6153.27
759.68	8325.29
759.98	6647.12
760.29	9078.94
760.60	7981.23
760.91	5675.80
761.22	7131.61
761.53	7992.93
761.83	6459.88
762.14	7723.77
762.45	6686.91
762.76	5771.76
763.07	8683.39
763.37	16512.48
763.68	11817.36
763.99	13558.72
764.30	12156.74
764.60	6750.10
764.91	10480.92
765.22	7791.64
765.53	14017.47
765.84	8065.49
766.14	7262.68
766.45	5561.11
766.76	11503.73
767.06	12327.60
767.37	7110.55
767.68	7695.68
767.99	7042.67
768.29	6516.05
768.60	7480.35
768.91	10537.09
769.21	13806.82
769.52	11447.56
769.83	7478.01
770.13	7562.27
770.44	7166.72
770.75	9348.10
771.05	7480.35
771.36	9296.61
771.67	7953.14
771.97	7157.36
772.28	7293.11
772.59	8035.06
772.89	9809.19
773.20	6469.24
773.51	6534.78
773.81	12407.18
774.12	6176.67
774.42	7475.67
774.73	6279.66
775.04	6466.90
775.34	22527.66
775.65	8814.46
775.95	13092.96
776.26	8439.97
776.56	6871.81
776.87	8699.77
777.18	65535.00
777.48	18368.52
777.79	7915.69
778.09	11279.04
778.40	7033.31
778.70	7037.99
779.01	11124.57
779.31	7878.24
779.62	6993.52
779.92	9383.21
780.23	8903.40
780.53	5774.10
780.84	7513.12
781.14	6813.30
781.45	6635.42
781.75	9841.95
782.06	6389.66
782.36	8304.22
782.67	6179.01
782.97	6623.72
783.28	13760.01
783.58	6839.05
783.89	6803.94
784.19	8849.57
784.49	13345.73
784.80	7447.58
785.10	13481.49
785.41	6403.71
785.71	9107.02
786.02	8542.96
786.32	14459.83
786.62	9832.59
786.93	12280.79
787.23	6792.23
787.54	7204.17
787.84	13027.42
788.14	8858.93
788.45	5490.90
788.75	8875.31
789.05	6033.90
789.36	7452.27
789.66	14504.30
789.96	9516.62
790.27	7824.41
790.57	7630.15
790.87	6298.38
791.18	6509.03
791.48	6328.81
791.78	8678.71
792.09	9078.94
792.39	6712.66
792.69	9987.07
793.00	8844.88
793.30	9163.20
793.60	6253.91
793.90	5535.37
794.21	8805.10
794.51	17741.26
794.81	11173.72
795.11	7707.38
795.42	6888.20
795.72	11735.45
796.02	9575.13
796.32	8837.86
796.63	8840.20
796.93	10565.18
797.23	9474.49
797.53	8322.94
797.84	10633.05
798.14	6574.56
798.44	8458.70
798.74	8826.16
799.04	8269.11
799.34	5996.45
799.65	16610.78
799.95	8159.11
800.25	7344.60
800.55	6878.83
800.85	8360.39
801.15	6518.39
801.46	7475.67
801.76	18485.55
802.06	7026.29
802.36	9664.07
802.66	7047.35
802.96	9666.41
803.26	11108.18
803.56	13724.90
803.87	16985.27
804.17	7461.63
804.47	10017.49
804.77	10579.22
805.07	10960.73
805.37	9954.30
805.67	9195.96
805.97	7239.28
806.27	7655.89
806.57	7073.10
806.87	12238.66
807.17	8301.88
807.47	11690.98
807.77	11482.67
808.07	6965.43
808.37	11887.58
808.67	7784.62
808.98	15985.86
809.28	7236.94
809.58	16629.51
809.88	10939.66
810.18	15180.71
810.47	7447.58
810.77	7646.53
811.07	9729.61
811.37	8753.60
811.67	6399.02
811.97	5561.11
812.27	6197.74
812.57	5680.48
812.87	6785.21
813.17	6614.35
813.47	6555.84
813.77	6986.50
814.07	6843.73
814.37	10218.78
814.67	6576.91
814.97	7407.80
815.27	6462.22
815.56	8966.59
815.86	11576.29
816.16	8336.99
816.46	6125.18
816.76	6719.68
817.06	10630.71
817.36	12545.27
817.66	7803.35
817.95	6204.76
818.25	8622.53
818.55	10157.92
818.85	9654.71
819.15	6965.43
819.45	13832.57
819.75	7599.72
820.04	7506.10
820.34	16428.22
820.64	10183.67
820.94	13074.23
821.24	7316.51
821.53	7227.57
821.83	6754.79
822.13	6085.39
822.43	7204.17
822.72	5827.93
823.02	6607.33
823.32	6225.82
823.62	8241.03
823.91	15475.62
824.21	5991.77
824.51	8659.98
824.81	7239.28
825.10	5820.91
825.40	9528.32
825.70	7969.52
826.00	12861.24
826.29	6785.21
826.59	8514.87
826.89	7199.49
827.18	6509.03
827.48	6581.59
827.78	6179.01
828.07	7784.62
828.37	9598.54
828.67	8348.69
828.96	7749.51
829.26	6443.49
829.56	11023.92
829.85	6888.20
830.15	8599.13
830.45	5959.00
830.74	12744.22
831.04	9736.63
831.34	10457.51
831.63	13991.72
831.93	10106.43
832.22	9561.09
832.52	7819.73
832.82	6003.47
833.11	6024.54
833.41	6408.39
833.70	6888.20
834.00	10548.79
834.29	7997.61
834.59	5781.12
834.89	8837.86
835.18	7353.96
835.48	13406.59
835.77	9280.22
836.07	9483.85
836.36	9186.60
836.66	10789.87
836.95	7604.40
837.25	6532.44
837.54	7627.81
837.84	6794.58
838.13	7934.42
838.43	6607.33
838.72	14174.28
839.02	11023.92
839.31	6417.75
839.61	10864.77
839.90	5781.12
840.20	7889.95
840.49	6122.84
840.78	8627.21
841.08	9240.44
841.37	7129.27
841.67	6043.26
841.96	9078.94
842.26	8182.51
842.55	5923.90
842.84	6319.45
843.14	10237.50
843.43	5870.06
843.73	7627.81
844.02	5888.79
844.31	7384.39
844.61	6946.71
844.90	8615.51
845.20	7925.05
845.49	5385.57
845.78	7115.23
846.08	6092.41
846.37	5188.97
846.66	8706.79
846.96	9256.82
847.25	8830.84
847.54	5809.21
847.84	9210.01
848.13	7360.98
848.42	10143.88
848.72	6654.14
849.01	9277.88
849.30	6530.09
849.59	6289.02
849.89	6548.82
850.18	12821.45
850.47	6186.04
850.76	16669.30
851.06	14899.85
851.35	8603.81
851.64	9914.51
851.93	8042.08
852.23	11047.33
852.52	7040.33
852.81	6967.77
853.10	6480.94
853.40	5619.63
853.69	5657.07
853.98	7449.93
854.27	10094.73
854.56	6743.08
854.86	9027.45
855.15	7819.73
855.44	8341.67
855.73	5507.28
856.02	6668.19
856.31	10043.24
856.61	8456.36
856.90	6995.86
857.19	6059.65
857.48	5741.33
857.77	5987.09
858.06	5399.62
858.35	5867.72
858.65	11705.02
858.94	9373.85
859.23	7377.37
859.52	9483.85
859.81	12264.41
860.10	6696.27
860.39	9107.02
860.68	7744.83
860.97	6209.44
861.26	6382.64
861.55	12332.28
861.85	7826.75
862.14	9355.12
862.43	9729.61
862.72	7943.78
863.01	5760.06
863.30	6977.14
863.59	7478.01
863.88	7417.16
864.17	7503.76
864.46	6382.64
864.75	15033.26
865.04	7981.23
865.33	5980.07
865.62	11220.53
865.91	6590.95
866.20	9034.47
866.49	7049.69
866.78	7063.74
867.07	6815.64
867.36	10328.78
867.65	10122.82
867.93	9364.48
868.22	7695.68
868.51	7300.13
868.80	7829.09
869.09	7159.70
869.38	6443.49
869.67	12734.85
869.96	12734.85
870.25	12734.85
