178.76	1682.85
179.14	1682.85
179.52	1682.85
179.90	1661.78
180.28	11068.39
180.66	6216.46
181.04	8486.78
181.42	7494.40
181.80	6389.66
182.18	11138.61
182.55	5933.26
182.93	7475.67
183.31	7101.19
183.69	8126.34
184.07	8421.25
184.45	7087.14
184.83	7461.63
185.21	6740.74
185.59	6925.65
185.97	16875.26
186.35	12102.91
186.72	7080.12
187.10	7468.65
187.48	11899.28
187.86	9245.12
188.24	6768.83
188.62	6270.30
189.00	11239.25
189.38	8035.06
189.75	7503.76
190.13	7955.48
190.51	6394.34
190.89	15484.98
191.27	21301.22
191.65	7049.69
192.03	8074.85
192.40	10431.77
192.78	7683.98
193.16	8765.31
193.54	12720.81
193.92	11070.73
194.30	6682.23
194.67	9741.31
195.05	8638.92
195.43	7414.82
195.81	7063.74
196.19	10920.94
196.56	7962.50
196.94	7353.96
197.32	11845.45
197.70	6628.40
198.08	8510.19
198.45	6806.28
198.83	7705.04
199.21	7056.72
199.59	12477.40
199.97	8325.29
200.34	5942.62
200.72	6574.56
201.10	14225.78
201.48	10237.50
201.85	6363.92
202.23	6853.09
202.61	6906.92
202.99	41390.03
203.36	6965.43
203.74	9507.26
204.12	7192.47
204.49	6572.22
204.87	8957.23
205.25	7229.91
205.63	5884.11
206.00	6597.97
206.38	7815.05
206.76	9661.73
207.14	6640.10
207.51	5959.00
207.89	10902.22
208.27	6300.72
208.64	5497.92
209.02	6766.49
209.40	7007.56
209.77	5851.34
210.15	15239.23
210.53	5877.09
210.90	11262.66
211.28	6352.21
211.66	12135.68
212.03	6628.40
212.41	6019.86
212.79	7258.00
213.16	6141.57
213.54	7866.54
213.92	8086.55
214.29	5657.07
214.67	6710.32
215.05	6832.02
215.42	9547.05
215.80	6899.90
216.17	6803.94
216.55	7845.48
216.93	5856.02
217.30	9109.36
217.68	6429.45
218.05	6815.64
218.43	6677.55
218.81	6834.36
219.18	11227.55
219.56	6825.00
219.93	6616.69
220.31	6612.01
220.69	6008.16
221.06	6218.80
221.44	7520.14
221.81	6300.72
222.19	5746.02
222.56	6197.74
222.94	6963.09
223.32	7866.54
223.69	6420.09
224.07	9142.13
224.44	12828.48
224.82	7784.62
225.19	8564.02
225.57	7662.91
225.94	6820.32
226.32	7440.56
226.69	12526.55
227.07	8683.39
227.44	6853.09
227.82	8126.34
228.19	7157.36
228.57	8887.01
228.94	12006.95
229.32	9612.58
229.69	9027.45
230.07	6885.86
230.44	6195.40
230.82	11094.14
231.19	9535.34
231.57	5680.48
231.94	5743.67
232.32	9221.71
232.69	7267.36
233.07	7620.78
233.44	8547.64
233.82	6904.58
234.19	7473.33
234.57	10188.35
234.94	6401.37
235.31	6864.79
235.69	7316.51
236.06	7604.40
236.44	8765.31
236.81	5973.05
237.19	8021.02
237.56	11805.66
237.93	6452.86
238.31	7932.08
238.68	7098.84
239.06	7826.75
239.43	8990.00
239.81	8128.68
240.18	5858.36
240.55	6298.38
240.93	13039.12
241.30	7861.86
241.67	7258.00
242.05	8739.56
242.42	9755.35
242.80	5935.60
243.17	7948.46
243.54	7903.99
243.92	9423.00
244.29	7140.97
244.66	7557.59
245.04	10333.47
245.41	16269.06
245.78	5954.32
246.16	6843.73
246.53	8798.07
246.90	7162.04
247.28	13125.72
247.65	7089.48
248.02	7183.10
248.40	10190.69
248.77	7590.36
249.14	8741.90
249.52	7098.84
249.89	8610.83
250.26	6347.53
250.64	7625.47
251.01	15569.24
251.38	5923.90
251.75	7499.08
252.13	6775.85
252.50	9207.67
252.87	13446.38
253.25	6085.39
253.62	8025.70
253.99	5860.70
254.36	9516.62
254.74	6574.56
255.11	6087.73
255.48	5713.25
255.85	14246.84
256.23	5870.06
256.60	5437.06
256.97	6935.01
257.34	8283.16
257.71	7691.00
258.09	6883.52
258.46	7756.54
258.83	11286.06
259.20	9928.55
259.58	7054.37
259.95	7543.55
260.32	9563.43
260.69	6010.50
261.06	11056.69
261.44	6445.84
261.81	13383.18
262.18	7882.92
262.55	6523.07
262.92	7482.69
263.29	6637.76
263.67	5781.12
264.04	6691.59
264.41	6956.07
264.78	6429.45
265.15	10431.77
265.52	12540.59
265.90	7489.71
266.27	6438.81
266.64	5860.70
267.01	5572.82
267.38	8196.56
267.75	6274.98
268.12	5383.23
268.50	7042.67
268.87	6307.74
269.24	6361.58
269.61	7772.92
269.98	8376.78
270.35	8203.58
270.72	6113.48
271.09	6932.67
271.46	6677.55
271.83	8116.98
272.21	9097.66
272.58	6078.37
272.95	6413.07
273.32	7468.65
273.69	7534.18
274.06	5687.50
274.43	6354.55
274.80	7197.15
275.17	7920.37
275.54	16149.70
275.91	7592.70
276.28	7255.66
276.65	7700.36
277.02	11222.87
277.39	6335.83
277.76	6115.82
278.13	8465.72
278.50	8814.46
278.87	10373.25
279.24	9287.25
279.61	8381.46
279.98	9916.85
280.35	6600.31
280.72	7585.68
281.09	7070.76
281.46	7510.78
281.83	6214.12
282.20	7964.84
282.57	6696.27
282.94	8269.11
283.31	6710.32
283.68	8018.68
284.05	5678.14
284.42	5385.57
284.79	7918.03
285.16	8571.04
285.53	7307.15
285.90	7475.67
286.27	14836.66
286.64	5579.84
287.01	6291.36
287.38	8622.53
287.75	59323.22
288.12	8538.27
288.49	16844.84
288.86	6050.28
289.23	6097.10
289.59	6225.82
289.96	5942.62
290.33	6354.55
290.70	6677.55
291.07	8498.49
291.44	7772.92
291.81	5940.28
292.18	7325.88
292.55	6766.49
292.91	12863.58
293.28	8334.65
293.65	11080.10
294.02	7901.65
294.39	5533.03
294.76	7122.25
295.13	7337.58
295.50	7026.29
295.86	6953.73
296.23	6555.84
296.60	5804.53
296.97	6492.65
297.34	7077.78
297.71	8828.50
298.07	7478.01
298.44	5371.53
298.81	7873.56
299.18	7473.33
299.55	10679.86
299.91	7129.27
300.28	7368.01
300.65	5380.89
301.02	7506.10
301.39	8140.38
301.75	13294.24
302.12	8231.66
302.49	6946.71
302.86	10326.44
303.23	7391.41
303.59	5961.34
303.96	17603.17
304.33	9668.75
304.70	14986.45
305.06	6572.22
305.43	10448.15
305.80	8241.03
306.17	8837.86
306.53	6370.94
306.90	9626.62
307.27	7356.30
307.64	10675.18
308.00	6373.28
308.37	6394.34
308.74	12191.85
309.11	8922.12
309.47	6392.00
309.84	5593.88
310.21	7112.89
310.57	7468.65
310.94	6771.17
311.31	7353.96
311.67	7775.26
312.04	5570.48
312.41	9886.42
312.77	8147.40
313.14	6300.72
313.51	7110.55
313.87	6438.81
314.24	6331.15
314.61	6326.47
314.97	6612.01
315.34	7204.17
315.71	5687.50
316.07	9060.21
316.44	5781.12
316.81	8774.67
317.17	6389.66
317.54	15620.74
317.91	6530.09
318.27	5453.45
318.64	6799.26
319.00	8898.72
319.37	5523.66
319.74	9324.69
320.10	9521.30
320.47	6710.32
320.83	11126.91
321.20	6855.43
321.57	5998.79
321.93	6588.61
322.30	7377.37
322.66	6291.36
323.03	8769.99
323.40	8131.02
323.76	6487.96
324.13	6420.09
324.49	5544.73
324.86	18972.38
325.22	7489.71
325.59	7042.67
325.95	7840.79
326.32	9551.73
326.68	9104.68
327.05	7042.67
327.42	6129.86
327.78	6544.14
328.15	9640.67
328.51	6464.56
328.88	8479.76
329.24	11281.38
329.61	7370.35
329.97	8697.43
330.34	6441.15
330.70	7382.05
331.07	10843.70
331.43	8657.64
331.80	13408.93
332.16	10169.63
332.52	6193.06
332.89	8386.14
333.25	5575.16
333.62	12510.16
333.98	7735.47
334.35	7049.69
334.71	7335.24
335.08	5912.19
335.44	12065.46
335.81	12121.63
336.17	10249.21
336.53	7162.04
336.90	5977.73
337.26	8486.78
337.63	9591.52
337.99	7747.17
338.36	5947.30
338.72	9048.51
339.08	7274.38
339.45	5921.56
339.81	9507.26
340.18	6761.81
340.54	10504.32
340.90	6345.19
341.27	7007.56
341.63	8365.07
341.99	5418.34
342.36	10464.54
342.72	5902.83
343.09	10509.01
343.45	6408.39
343.81	10672.84
344.18	5551.75
344.54	7185.44
344.90	7995.27
345.27	7190.13
345.63	7159.70
345.99	9074.26
346.36	7110.55
346.72	5966.03
347.08	5970.71
347.45	5490.90
347.81	10085.37
348.17	7742.49
348.54	5811.55
348.90	9231.07
349.26	9741.31
349.62	10623.69
349.99	5385.57
350.35	5224.08
350.71	7922.71
351.08	7227.57
351.44	5280.25
351.80	13619.58
352.16	11878.22
352.53	6106.46
352.89	8456.36
353.25	11199.46
353.61	6712.66
353.98	8725.52
354.34	10286.65
354.70	6523.07
355.06	5305.99
355.43	7398.43
355.79	6743.08
356.15	6707.98
356.51	6029.22
356.88	6197.74
357.24	6878.83
357.60	5619.63
357.96	5298.97
358.32	15389.02
358.69	5483.88
359.05	7995.27
359.41	7679.30
359.77	5886.45
360.13	6164.97
360.49	6188.38
360.86	9266.18
361.22	11391.39
361.58	7911.01
361.94	11225.21
362.30	5951.98
362.66	8477.42
363.03	5219.39
363.39	5399.62
363.75	6251.57
364.11	10120.48
364.47	6328.81
364.83	10682.20
365.19	7686.32
365.56	9006.38
365.92	5432.38
366.28	8690.41
366.64	9921.53
367.00	5610.26
367.36	5437.06
367.72	9907.49
368.08	9500.23
368.44	6441.15
368.80	8334.65
369.17	6534.78
369.53	6883.52
369.89	6080.71
370.25	6003.47
370.61	6326.47
370.97	10614.33
371.33	6490.31
371.69	13097.64
372.05	8311.24
372.41	6015.18
372.77	6548.82
373.13	7613.76
373.49	5114.07
373.85	8042.08
374.21	7517.80
374.57	5846.66
374.93	8690.41
375.29	9200.65
375.65	7562.27
376.01	7337.58
376.37	10377.94
376.73	8737.22
377.09	5809.21
377.45	10120.48
377.81	6857.77
378.17	5991.77
378.53	5156.20
378.89	8491.46
379.25	10965.41
379.61	14375.57
379.97	9626.62
380.33	6558.18
380.69	6289.02
381.05	5792.83
381.41	9301.29
381.77	7440.56
382.13	8716.16
382.49	14984.11
382.85	7499.08
383.21	9001.70
383.57	5514.30
383.93	10689.23
384.28	5252.16
384.64	6691.59
385.00	7658.23
385.36	7487.37
385.72	9029.79
386.08	5989.43
386.44	8992.34
386.80	9097.66
387.16	12676.34
387.52	9755.35
387.87	13518.93
388.23	8028.04
388.59	6319.45
388.95	5577.50
389.31	6799.26
389.67	6761.81
390.03	6277.32
390.38	6733.72
390.74	5004.07
391.10	9434.70
391.46	7683.98
391.82	6033.90
392.18	8479.76
392.54	4985.34
392.89	5724.95
393.25	8571.04
393.61	5710.91
393.97	5528.35
394.33	7920.37
394.68	7190.13
395.04	5603.24
395.40	7393.75
395.76	9404.27
396.12	7730.79
396.47	5788.14
396.83	7026.29
397.19	5575.16
397.55	5832.62
397.90	7311.83
398.26	7276.73
398.62	5818.57
398.98	4990.02
399.33	6719.68
399.69	25046.07
400.05	8409.54
400.41	5823.25
400.76	8858.93
401.12	10391.98
401.48	7871.22
401.84	6097.10
402.19	6551.16
402.55	8025.70
402.91	7145.66
403.26	5416.00
403.62	8442.31
403.98	7283.75
404.34	4856.61
404.69	7117.57
405.05	9174.90
405.41	14501.96
405.76	5998.79
406.12	6108.80
406.48	6860.11
406.83	6293.70
407.19	8395.50
407.55	7981.23
407.90	14539.41
408.26	8730.20
408.62	9149.15
408.97	7068.42
409.33	5453.45
409.68	5806.87
410.04	7747.17
410.40	5980.07
410.75	8231.66
411.11	5813.89
411.47	7693.34
411.82	6637.76
412.18	7377.37
412.53	6813.30
412.89	6237.53
413.25	6904.58
413.60	7403.11
413.96	5296.63
414.31	6492.65
414.67	7393.75
415.03	5280.25
415.38	5729.63
415.74	6478.60
416.09	6609.67
416.45	8627.21
416.80	6218.80
417.16	8578.06
417.51	6789.89
417.87	6513.71
418.23	7892.29
418.58	8259.75
418.94	4978.32
419.29	6237.53
419.65	7733.13
420.00	8990.00
420.36	8465.72
420.71	8379.12
421.07	5624.31
421.42	7201.83
421.78	9247.46
422.13	6958.41
422.49	5619.63
422.84	7250.98
423.20	5277.91
423.55	5584.52
423.91	5563.45
424.26	14040.87
424.61	8444.65
424.97	11449.90
425.32	6015.18
425.68	6803.94
426.03	7770.58
426.39	10178.99
426.74	10019.83
427.10	9408.95
427.45	6085.39
427.80	7683.98
428.16	6677.55
428.51	6939.69
428.87	7674.62
429.22	9692.16
429.58	10406.02
429.93	10164.95
430.28	6143.91
430.64	6244.55
430.99	5446.43
431.35	7709.72
431.70	6492.65
432.05	6733.72
432.41	8339.33
432.76	7808.03
433.11	8032.72
433.47	7925.05
433.82	10778.17
434.17	8168.47
434.53	7768.24
434.88	14391.95
435.24	7695.68
435.59	7431.20
435.94	5598.56
436.30	8313.58
436.65	6583.93
437.00	9486.19
437.35	16650.57
437.71	6612.01
438.06	6284.34
438.41	6214.12
438.77	8147.40
439.12	5256.84
439.47	4762.99
439.83	7702.70
440.18	5280.25
440.53	6644.78
440.88	12386.12
441.24	8613.17
441.59	5748.36
441.94	6485.62
442.30	8351.03
442.65	12884.65
443.00	6991.18
443.35	10553.48
443.71	6909.26
444.06	9738.97
444.41	8161.45
444.76	11590.33
445.11	7187.79
445.47	10132.18
445.82	9121.07
446.17	5926.24
446.52	10310.06
446.88	7335.24
447.23	5263.86
447.58	8021.02
447.93	6186.04
448.28	29820.77
448.63	10892.85
448.99	6874.15
449.34	8430.61
449.69	8945.53
450.04	6368.60
450.39	6225.82
450.74	7183.10
451.10	7049.69
451.45	7208.85
451.80	7777.60
452.15	10136.86
452.50	8194.22
452.85	10033.88
453.21	9041.49
453.56	7845.48
453.91	6857.77
454.26	7370.35
454.61	5949.64
454.96	8407.20
455.31	6869.47
455.66	6319.45
456.01	8166.13
456.36	6384.98
456.72	5970.71
457.07	7896.97
457.42	10366.23
457.77	9504.92
458.12	5895.81
458.47	7550.57
458.82	9755.35
459.17	7407.80
459.52	7346.94
459.87	12044.40
460.22	5701.54
460.57	7126.93
460.92	6153.27
461.27	8304.22
461.62	6815.64
461.97	5849.00
462.32	12205.89
462.67	10923.28
463.02	13919.17
463.38	13600.85
463.73	9071.92
464.08	12596.76
464.43	7747.17
464.78	5650.05
465.12	8379.12
465.47	8760.63
465.82	28423.47
466.17	6586.27
466.52	8819.14
466.87	6429.45
467.22	6010.50
467.57	5352.81
467.92	7845.48
468.27	11110.52
468.62	14974.75
468.97	6771.17
469.32	4961.94
469.67	16184.80
470.02	14431.74
470.37	6099.44
470.72	7819.73
471.07	5610.26
471.42	6773.51
471.76	6825.00
472.11	6796.92
472.46	8601.47
472.81	15482.64
473.16	6132.20
473.51	6251.57
473.86	5362.17
474.21	6773.51
474.56	6408.39
474.90	6129.86
475.25	9863.02
475.60	9104.68
475.95	6174.33
476.30	11225.21
476.65	10438.79
477.00	15358.60
477.34	11412.45
477.69	5771.76
478.04	9537.68
478.39	7524.82
478.74	6061.99
479.09	6059.65
479.43	7302.47
479.78	5046.20
480.13	12545.27
480.48	10387.30
480.83	7482.69
481.17	5441.75
481.52	7295.45
481.87	6626.06
482.22	12095.89
482.57	6780.53
482.91	9401.93
483.26	7922.71
483.61	6525.41
483.96	7590.36
484.30	65535.00
484.65	6237.53
485.00	5778.78
485.35	6785.21
485.69	5851.34
486.04	6558.18
486.39	7913.35
486.74	7665.25
487.08	5322.38
487.43	8152.09
487.78	5064.92
488.12	8479.76
488.47	6263.27
488.82	10569.86
489.17	5959.00
489.51	5240.46
489.86	8098.25
490.21	5357.49
490.55	7796.32
490.90	5420.68
491.25	6413.07
491.59	5540.05
491.94	13076.57
492.29	6450.52
492.63	7103.53
492.98	4917.47
493.33	7489.71
493.67	6211.78
494.02	5652.39
494.37	5621.97
494.71	8456.36
495.06	6186.04
495.40	10677.52
495.75	5973.05
496.10	10509.01
496.44	6930.33
496.79	8322.94
497.13	5799.85
497.48	14532.39
497.83	10434.11
498.17	8372.10
498.52	6171.99
498.86	8734.88
499.21	6780.53
499.56	5977.73
499.90	6668.19
500.25	5357.49
500.59	7159.70
500.94	7978.89
501.28	8716.16
501.63	10764.12
501.97	6626.06
502.32	5799.85
502.67	8053.78
503.01	5497.92
503.36	6291.36
503.70	6244.55
504.05	8514.87
504.39	9186.60
504.74	6761.81
505.08	11124.57
505.43	4725.54
505.77	5584.52
506.12	7482.69
506.46	6654.14
506.81	5816.23
507.15	5949.64
507.49	6572.22
507.84	5685.16
508.18	7854.84
508.53	7342.26
508.87	7199.49
509.22	6827.34
509.56	65535.00
509.91	19386.66
510.25	7253.32
510.60	4959.60
510.94	9181.92
511.28	4952.57
511.63	9329.38
511.97	7882.92
512.32	9137.45
512.66	5799.85
513.00	7150.34
513.35	9675.77
513.69	5554.09
514.04	8690.41
514.38	8973.61
514.72	7756.54
515.07	5912.19
515.41	5834.96
515.76	5998.79
516.10	7939.10
516.44	9034.47
516.79	6310.08
517.13	5530.69
517.47	9469.81
517.82	7534.18
518.16	6799.26
518.50	7360.98
518.85	7569.29
519.19	10429.43
519.53	13589.15
519.88	9018.08
520.22	6612.01
520.56	7250.98
520.91	5446.43
521.25	5678.14
521.59	6878.83
521.93	8035.06
522.28	6492.65
522.62	7513.12
522.96	9207.67
523.31	6590.95
523.65	7983.57
523.99	8744.24
524.33	11791.62
524.68	8383.80
525.02	5530.69
525.36	8037.40
525.70	5221.74
526.05	6005.81
526.39	5673.46
526.73	8425.93
527.07	7335.24
527.41	10958.39
527.76	5860.70
528.10	6518.39
528.44	8198.90
528.78	6867.13
529.12	8772.33
529.47	6616.69
529.81	9327.03
530.15	9474.49
530.49	8308.90
530.83	5100.03
531.18	5579.84
531.52	6710.32
531.86	5362.17
532.20	7246.30
532.54	9769.40
532.88	5039.17
533.22	6731.38
533.57	7386.73
533.91	9453.42
534.25	5547.07
534.59	11040.31
534.93	8610.83
535.27	5844.32
535.61	6773.51
535.95	11150.31
536.30	9088.30
536.64	7283.75
536.98	4636.60
537.32	6670.53
537.66	4992.36
538.00	8219.96
538.34	8423.59
538.68	8306.56
539.02	11740.13
539.36	6331.15
539.70	5357.49
540.04	6825.00
540.39	20266.70
540.73	5769.42
541.07	7150.34
541.41	7758.88
541.75	7712.07
542.09	10307.72
542.43	8006.97
542.77	7082.46
543.11	7578.65
543.45	7073.10
543.79	9659.39
544.13	6326.47
544.47	6778.19
544.81	5870.06
545.15	8491.46
545.49	6796.92
545.83	5738.99
546.17	6546.48
546.51	4908.10
546.85	6054.97
547.19	11367.98
547.53	5394.93
547.87	8685.73
548.21	12182.49
548.54	7241.62
548.88	6106.46
549.22	5811.55
549.56	5350.46
549.90	6157.95
550.24	6993.52
550.58	5877.09
550.92	9909.83
551.26	6384.98
551.60	11178.40
551.94	6420.09
552.28	6455.20
552.61	8327.63
552.95	6452.86
553.29	6162.63
553.63	7339.92
553.97	11346.92
554.31	9432.36
554.65	10497.30
554.99	10431.77
555.32	6462.22
555.66	8344.01
556.00	4844.91
556.34	6654.14
556.68	7346.94
557.02	9392.57
557.36	7515.46
557.69	6923.30
558.03	6310.08
558.37	12769.96
558.71	14991.13
559.05	10611.99
559.38	11571.61
559.72	5951.98
560.06	8741.90
560.40	8573.38
560.74	10078.35
561.07	8273.79
561.41	9090.64
561.75	8065.49
562.09	6179.01
562.42	9071.92
562.76	8393.16
563.10	7304.81
563.44	24767.55
563.77	7918.03
564.11	8339.33
564.45	10031.54
564.79	8212.94
565.12	7255.66
565.46	7686.32
565.80	7831.43
566.14	7831.43
566.47	9490.87
566.81	5909.85
567.15	7665.25
567.48	8013.99
567.82	8477.42
568.16	7339.92
568.49	5975.39
568.83	5481.53
569.17	7173.74
569.50	7868.88
569.84	11002.86
570.18	7903.99
570.51	11543.52
570.85	6981.82
571.19	6665.85
571.52	6120.50
571.86	9448.74
572.20	6626.06
572.53	10949.03
572.87	6026.88
573.21	5856.02
573.54	5596.22
573.88	7765.90
574.21	7353.96
574.55	6965.43
574.89	9900.47
575.22	9132.77
575.56	6239.87
575.89	6216.46
576.23	6761.81
576.57	7911.01
576.90	6127.52
577.24	7634.83
577.57	5638.35
577.91	7777.60
578.24	5315.36
578.58	6965.43
578.91	8393.16
579.25	5970.71
579.59	7419.50
579.92	6937.35
580.26	5418.34
580.59	8023.36
580.93	7826.75
581.26	6384.98
581.60	8063.15
581.93	8505.51
582.27	11311.81
582.60	5853.68
582.94	7581.00
583.27	5455.79
583.61	6736.06
583.94	7543.55
584.28	5268.55
584.61	6548.82
584.94	8388.48
585.28	8182.51
585.61	8772.33
585.95	8444.65
586.28	11740.13
586.62	13399.57
586.95	7131.61
587.29	12365.05
587.62	15627.76
587.95	5727.29
588.29	7744.83
588.62	8411.89
588.96	9390.23
589.29	6420.09
589.62	6338.17
589.96	6761.81
590.29	6319.45
590.63	5362.17
590.96	8833.18
591.29	9130.43
591.63	9832.59
591.96	5666.44
592.29	6586.27
592.63	6361.58
592.96	8002.29
593.30	12126.32
593.63	7894.63
593.96	5879.43
594.30	6567.54
594.63	7812.71
594.96	13287.22
595.30	7304.81
595.63	6513.71
595.96	6193.06
596.29	8056.12
596.63	6654.14
596.96	8816.80
597.29	8304.22
597.63	5200.67
597.96	10387.30
598.29	9797.48
598.63	9895.78
598.96	6129.86
599.29	6314.77
599.62	6108.80
599.96	6239.87
600.29	6953.73
600.62	5762.40
600.95	6417.75
601.29	6867.13
601.62	7719.09
601.95	7101.19
602.28	6150.93
602.61	23110.45
602.95	7255.66
603.28	12194.19
603.61	6071.35
603.94	9598.54
604.27	6001.13
604.61	8554.66
604.94	7882.92
605.27	7536.52
605.60	5736.65
605.93	6298.38
606.27	9399.59
606.60	6939.69
606.93	5558.77
607.26	11393.73
607.59	7302.47
607.92	10010.47
608.26	6518.39
608.59	6282.00
608.92	6761.81
609.25	5806.87
609.58	7899.31
609.91	8615.51
610.24	13685.11
610.57	8086.55
610.90	9682.80
611.24	5224.08
611.57	5446.43
611.90	9109.36
612.23	7115.23
612.56	9205.33
612.89	8774.67
613.22	8945.53
613.55	5348.12
613.88	9631.30
614.21	5816.23
614.54	7903.99
614.87	5982.41
615.20	4903.42
615.53	10111.11
615.87	6190.72
616.20	7379.71
616.53	10459.85
616.86	7157.36
617.19	8231.66
617.52	9041.49
617.85	6621.38
618.18	5975.39
618.51	6736.06
618.84	8727.86
619.17	6862.45
619.50	10965.41
619.83	10445.81
620.16	8585.08
620.49	6457.54
620.82	14335.78
621.14	10857.75
621.47	7681.64
621.80	10001.11
622.13	7606.74
622.46	15023.90
622.79	8678.71
623.12	5692.18
623.45	9387.89
623.78	8762.97
624.11	5912.19
624.44	7903.99
624.77	6120.50
625.10	6024.54
625.43	5657.07
625.75	7470.99
626.08	6274.98
626.41	5813.89
626.74	7082.46
627.07	6504.35
627.40	12379.09
627.73	6719.68
628.06	6111.14
628.38	4798.10
628.71	9081.28
629.04	9898.13
629.37	8903.40
629.70	7667.60
630.03	5926.24
630.36	9921.53
630.68	8980.64
631.01	6377.96
631.34	10942.00
631.67	6242.21
632.00	4985.34
632.32	9224.05
632.65	10253.89
632.98	7915.69
633.31	7176.08
633.64	9249.80
633.96	5858.36
634.29	11063.71
634.62	7349.28
634.95	7845.48
635.27	7669.94
635.60	8683.39
635.93	7943.78
636.26	7964.84
636.58	6560.52
636.91	6331.15
637.24	6029.22
637.57	7316.51
637.89	8322.94
638.22	6366.26
638.55	7229.91
638.87	7889.95
639.20	8926.80
639.53	8086.55
639.86	6242.21
640.18	5806.87
640.51	7503.76
640.84	7948.46
641.16	5523.66
641.49	7761.22
641.82	5816.23
642.14	5912.19
642.47	14256.20
642.80	6906.92
643.12	9425.34
643.45	6775.85
643.78	7433.54
644.10	6258.59
644.43	7157.36
644.75	10410.70
645.08	5420.68
645.41	8044.42
645.73	5912.19
646.06	15892.24
646.39	9322.35
646.71	6410.73
647.04	6162.63
647.36	5097.69
647.69	8575.72
648.01	7241.62
648.34	6188.38
648.67	10099.41
648.99	10504.32
649.32	6251.57
649.64	5472.17
649.97	4678.73
650.29	5345.78
650.62	14822.61
650.94	7316.51
651.27	11253.30
651.59	7049.69
651.92	6181.35
652.25	8058.46
652.57	5856.02
652.90	5961.34
653.22	7599.72
653.55	7796.32
653.87	5046.20
654.20	7428.86
654.52	11412.45
654.84	6848.41
655.17	8421.25
655.49	11634.80
655.82	6651.80
656.14	7824.41
656.47	11239.25
656.79	11936.73
657.12	6782.87
657.44	6670.53
657.77	9123.41
658.09	7620.78
658.41	6967.77
658.74	8575.72
659.06	5668.78
659.39	7035.65
659.71	6232.85
660.03	7112.89
660.36	6789.89
660.68	10111.11
661.01	13879.38
661.33	10747.74
661.65	6380.30
661.98	14162.58
662.30	13877.04
662.63	7447.58
662.95	6836.70
663.27	6207.10
663.60	5626.65
663.92	7094.16
664.24	6984.16
664.57	5844.32
664.89	6195.40
665.21	6363.92
665.54	9741.31
665.86	7637.17
666.18	7655.89
666.51	10499.64
666.83	6417.75
667.15	15410.09
667.47	10087.71
667.80	8505.51
668.12	6169.65
668.44	7508.44
668.77	9004.04
669.09	10354.53
669.41	9053.19
669.73	5451.11
670.06	7253.32
670.38	6825.00
670.70	5418.34
671.02	8329.97
671.35	6443.49
671.67	10682.20
671.99	7042.67
672.31	10406.02
672.63	7925.05
672.96	11452.24
673.28	6518.39
673.60	7585.68
673.92	7377.37
674.24	6071.35
674.57	6200.08
674.89	10141.54
675.21	6939.69
675.53	9331.72
675.85	10242.18
676.17	10366.23
676.50	5984.75
676.82	10183.67
677.14	7456.95
677.46	14803.89
677.78	5483.88
678.10	9579.81
678.42	7321.20
678.75	6399.02
679.07	5652.39
679.39	7410.14
679.71	6588.61
680.03	6424.77
680.35	6548.82
680.67	6745.42
680.99	6216.46
681.31	5500.26
681.63	8184.85
681.96	10335.81
682.28	6614.35
682.60	6026.88
682.92	8659.98
683.24	5516.64
683.56	8835.52
683.88	6211.78
684.20	6923.30
684.52	6546.48
684.84	6546.48
685.16	6717.34
685.48	9174.90
685.80	7939.10
686.12	9369.16
686.44	12074.82
686.76	7049.69
687.08	5287.27
687.40	5844.32
687.72	9465.13
688.04	6263.27
688.36	14841.34
688.68	11342.24
689.00	8222.30
689.32	6949.05
689.64	6438.81
689.96	7117.57
690.28	9909.83
690.60	10478.58
690.92	6392.00
691.24	8636.58
691.56	6738.40
691.88	7241.62
692.19	5966.03
692.51	9502.58
692.83	8248.05
693.15	9259.16
693.47	8280.82
693.79	7510.78
694.11	9944.94
694.43	7758.88
694.75	7089.48
695.06	7906.33
695.38	10431.77
695.70	7590.36
696.02	7433.54
696.34	6537.12
696.66	6534.78
696.98	5282.59
697.29	7531.84
697.61	11690.98
697.93	10136.86
698.25	14373.23
698.57	8339.33
698.89	5486.22
699.20	6923.30
699.52	11295.43
699.84	5118.75
700.16	7087.14
700.48	10848.38
700.79	5879.43
701.11	12067.80
701.43	9390.23
701.75	6274.98
702.07	6867.13
702.38	12177.81
702.70	6317.11
703.02	6064.33
703.34	8990.00
703.65	7634.83
703.97	7105.87
704.29	5284.93
704.61	5921.56
704.92	9369.16
705.24	6829.68
705.56	9795.14
705.87	9975.36
706.19	7344.60
706.51	5308.34
706.82	10246.87
707.14	6223.48
707.46	5383.23
707.78	5771.76
708.09	8540.61
708.41	9956.64
708.73	8004.63
709.04	10389.64
709.36	6623.72
709.68	7215.87
709.99	13621.92
710.31	10436.45
710.62	7424.18
710.94	6857.77
711.26	8327.63
711.57	6761.81
711.89	5874.74
712.21	15683.93
712.52	7363.33
712.84	10934.98
713.15	8006.97
713.47	9371.50
713.79	5713.25
714.10	6459.88
714.42	6949.05
714.73	11040.31
715.05	5558.77
715.36	5867.72
715.68	6064.33
715.99	6747.76
716.31	9841.95
716.63	8730.20
716.94	9769.40
717.26	20353.30
717.57	9469.81
717.89	11719.06
718.20	6188.38
718.52	9792.80
718.83	7239.28
719.15	15021.56
719.46	14693.88
719.78	7927.39
720.09	7211.19
720.41	6157.95
720.72	5916.87
721.04	5982.41
721.35	7124.59
721.67	6958.41
721.98	6867.13
722.29	6738.40
722.61	6270.30
722.92	5142.16
723.24	7037.99
723.55	7620.78
723.87	8013.99
724.18	9043.83
724.50	5844.32
724.81	7162.04
725.12	7332.90
725.44	8517.21
725.75	7562.27
726.07	10970.09
726.38	8573.38
726.69	6803.94
727.01	9104.68
727.32	9277.88
727.63	6707.98
727.95	11131.59
728.26	6436.47
728.58	9165.54
728.89	6729.04
729.20	7222.89
729.52	5998.79
729.83	14104.07
730.14	8690.41
730.46	7410.14
730.77	10223.46
731.08	8730.20
731.39	7059.06
731.71	7379.71
732.02	9465.13
732.33	7262.68
732.65	6885.86
732.96	11110.52
733.27	9542.36
733.59	14953.68
733.90	9783.44
734.21	5827.93
734.52	6909.26
734.84	17411.25
735.15	6813.30
735.46	6991.18
735.77	7653.55
736.09	7370.35
736.40	11201.80
736.71	9277.88
737.02	5678.14
737.33	6806.28
737.65	6466.90
737.96	7691.00
738.27	7927.39
738.58	13790.44
738.89	8919.78
739.21	6370.94
739.52	5322.38
739.83	9076.60
740.14	6373.28
740.45	7541.21
740.76	6511.37
741.08	5724.95
741.39	7096.50
741.70	6623.72
742.01	8079.53
742.32	10331.12
742.63	7957.82
742.94	6204.76
743.26	8837.86
743.57	8358.05
743.88	9563.43
744.19	8152.09
744.50	7073.10
744.81	12996.99
745.12	7185.44
745.43	7222.89
745.74	15747.12
746.05	12030.35
746.36	5408.98
746.67	12545.27
746.99	6909.26
747.30	8765.31
747.61	6677.55
747.92	7920.37
748.23	10342.83
748.54	7164.38
748.85	7000.54
749.16	7777.60
749.47	5998.79
749.78	6801.60
750.09	7075.44
750.40	8280.82
750.71	8051.44
751.02	8870.63
751.33	7265.02
751.64	8402.52
751.95	7433.54
752.26	8755.94
752.57	9109.36
752.88	7122.25
753.19	7489.71
753.50	10909.24
753.81	7126.93
754.11	7599.72
754.42	17394.86
754.73	7791.64
755.04	8161.45
755.35	7969.52
755.66	14197.69
755.97	5928.58
756.28	5989.43
756.59	8762.97
756.90	17369.12
757.21	8435.29
757.52	11625.44
757.82	8435.29
758.13	6616.69
758.44	10108.77
758.75	9013.40
759.06	6459.88
759.37	6120.50
759.68	8149.75
759.98	6675.21
760.29	8875.31
760.60	8011.65
760.91	5556.43
761.22	7265.02
761.53	7791.64
761.83	6340.51
762.14	7620.78
762.45	6623.72
762.76	5895.81
763.07	8564.02
763.37	16568.65
763.68	11620.76
763.99	13439.36
764.30	12081.85
764.60	6656.48
764.91	10387.30
765.22	7810.37
765.53	14057.26
765.84	8018.68
766.14	7239.28
766.45	5664.10
766.76	11442.88
767.06	12475.06
767.37	6909.26
767.68	7581.00
767.99	6995.86
768.29	6635.42
768.60	7522.48
768.91	10441.13
769.21	13626.60
769.52	11400.75
769.83	7260.34
770.13	7489.71
770.44	7066.08
770.75	9540.02
771.05	7442.90
771.36	9128.09
771.67	8063.15
771.97	6913.94
772.28	7197.15
772.59	8081.87
772.89	9757.69
773.20	6616.69
773.51	6445.84
773.81	12156.74
774.12	6171.99
774.42	7440.56
774.73	6183.70
775.04	6399.02
775.34	22104.02
775.65	8559.34
775.95	12985.29
776.26	8360.39
776.56	6885.86
776.87	8723.18
777.18	65535.00
777.48	18281.92
777.79	8006.97
778.09	11342.24
778.40	6965.43
778.70	7009.90
779.01	11248.61
779.31	7576.31
779.62	6829.68
779.92	9308.31
780.23	8870.63
780.53	5893.47
780.84	7375.03
781.14	6647.12
781.45	6649.46
781.75	9666.41
782.06	6558.18
782.36	8224.64
782.67	6195.40
782.97	6612.01
783.28	13757.67
783.58	6923.30
783.89	6750.10
784.19	8800.41
784.49	13123.38
784.80	7297.79
785.10	13327.01
785.41	6204.76
785.71	8980.64
786.02	8538.27
786.32	14342.80
786.62	9572.79
786.93	12184.83
787.23	6883.52
787.54	7225.23
787.84	12664.64
788.14	8711.47
788.45	9062.55
788.75	11054.35
789.05	6080.71
789.36	7386.73
789.66	14338.12
789.96	9476.83
790.27	7658.23
790.57	8257.41
790.87	6494.99
791.18	6544.14
791.48	6438.81
791.78	8554.66
792.09	8980.64
792.39	6576.91
792.69	9949.62
793.00	8645.94
793.30	9188.94
793.60	5923.90
793.90	5420.68
794.21	8744.24
794.51	17282.52
794.81	11183.08
795.11	7747.17
795.42	6677.55
795.72	11733.11
796.02	9635.99
796.32	8762.97
796.63	8702.11
796.93	10665.82
797.23	9462.79
797.53	7974.21
797.84	10778.17
798.14	6558.18
798.44	8512.53
798.74	8856.59
799.04	8332.31
799.34	6115.82
799.65	16547.59
799.95	8128.68
800.25	7248.64
800.55	7028.63
800.85	8292.52
801.15	6464.56
801.46	7384.39
801.76	18703.22
802.06	6778.19
802.36	8552.32
802.66	6988.84
802.96	9530.66
803.26	11183.08
803.56	13624.26
803.87	16903.35
804.17	7508.44
804.47	9907.49
804.77	10738.38
805.07	10895.19
805.37	9877.06
805.67	9238.09
805.97	7023.95
806.27	7674.62
806.57	7087.14
806.87	11976.52
807.17	8407.20
807.47	11616.08
807.77	11323.51
808.07	7005.22
808.37	12032.69
808.67	8021.02
808.98	16084.16
809.28	7002.88
809.58	16226.93
809.88	10759.44
810.18	15171.35
810.47	7290.77
810.77	7449.93
811.07	9682.80
811.37	8695.09
811.67	6277.32
811.97	5401.96
812.27	6277.32
812.57	5549.41
812.87	6801.60
813.17	6586.27
813.47	6452.86
813.77	6913.94
814.07	6932.67
814.37	10331.12
814.67	6478.60
814.97	7346.94
815.27	6413.07
815.56	8753.60
815.86	11431.18
816.16	8301.88
816.46	5954.32
816.76	6532.44
817.06	10558.16
817.36	12926.78
817.66	7850.16
817.95	6312.42
818.25	8388.48
818.55	10317.08
818.85	9586.83
819.15	6946.71
819.45	13451.06
819.75	7445.24
820.04	7683.98
820.34	16376.73
820.64	9926.21
820.94	12849.54
821.24	7187.79
821.53	7695.68
821.83	6757.13
822.13	6228.17
822.43	7166.72
822.72	5771.76
823.02	6733.72
823.32	6305.40
823.62	8287.84
823.91	15059.01
824.21	5982.41
824.51	8592.11
824.81	7045.01
825.10	5923.90
825.40	9427.68
825.70	7735.47
826.00	12868.27
826.29	6815.64
826.59	8374.44
826.89	7094.16
827.18	6546.48
827.48	6787.55
827.78	6232.85
828.07	7854.84
828.37	9596.20
828.67	8414.23
828.96	7796.32
829.26	6637.76
829.56	10918.60
829.85	6668.19
830.15	8524.23
830.45	5865.38
830.74	12711.45
831.04	9771.74
831.34	10628.37
831.63	13963.64
831.93	10087.71
832.22	9469.81
832.52	7676.96
832.82	6031.56
833.11	6071.35
833.41	6384.98
833.70	6871.81
834.00	10764.12
834.29	7960.16
834.59	5916.87
834.89	8699.77
835.18	7248.64
835.48	13261.48
835.77	9298.95
836.07	9509.60
836.36	9275.54
836.66	10586.24
836.95	7466.31
837.25	6691.59
837.54	9043.83
837.84	6942.03
838.13	8116.98
838.43	6422.43
838.72	14113.43
839.02	11063.71
839.31	6342.85
839.61	10881.15
839.90	5834.96
840.20	7911.01
840.49	6113.48
840.78	8491.46
841.08	9261.50
841.37	7019.27
841.67	5994.11
841.96	8957.23
842.26	8081.87
842.55	5717.93
842.84	6459.88
843.14	10211.76
843.43	5944.96
843.73	7604.40
844.02	5827.93
844.31	7342.26
844.61	6848.41
844.90	8362.73
845.20	7885.26
845.49	5612.60
845.78	7075.44
846.08	6108.80
846.37	5081.30
846.66	8695.09
846.96	9146.81
847.25	8500.83
847.54	5832.62
847.84	9095.32
848.13	7274.38
848.42	9987.07
848.72	6382.64
849.01	9013.40
849.30	6567.54
849.59	6251.57
849.89	6520.73
850.18	12404.84
850.47	6328.81
850.76	18565.13
851.06	14750.06
851.35	8645.94
851.64	9898.13
851.93	7988.25
852.23	10895.19
852.52	7016.93
852.81	6853.09
853.10	7445.24
853.40	5521.32
853.69	5687.50
853.98	7419.50
854.27	9968.34
854.56	6808.62
854.86	9067.24
855.15	7789.30
855.44	8262.09
855.73	5570.48
856.02	6733.72
856.31	9970.68
856.61	8414.23
856.90	6848.41
857.19	5998.79
857.48	5605.58
857.77	6092.41
858.06	5036.83
858.35	5790.49
858.65	11637.14
858.94	9554.07
859.23	7190.13
859.52	9200.65
859.81	12180.15
860.10	6579.25
860.39	9235.75
860.68	7707.38
860.97	6090.07
861.26	6452.86
861.55	12306.54
861.85	7653.55
862.14	9387.89
862.43	9661.73
862.72	7927.39
863.01	5743.67
863.30	6885.86
863.59	7588.02
863.88	7229.91
864.17	7265.02
864.46	6296.04
864.75	14932.62
865.04	7784.62
865.33	5886.45
865.62	11157.33
865.91	6726.70
866.20	8957.23
866.49	6904.58
866.78	7124.59
867.07	6647.12
867.36	10335.81
867.65	11660.55
867.93	9001.70
868.22	7473.33
868.51	7243.96
868.80	7758.88
869.09	7152.68
869.38	6356.90
869.67	12674.00
869.96	12674.00
870.25	12674.00
