178.76	2064.35
179.14	2064.35
179.52	2064.35
179.90	2012.86
180.28	5277.91
180.66	3847.84
181.04	4486.81
181.42	4191.90
181.80	3794.01
182.18	5397.28
182.55	3616.13
182.93	4248.07
183.31	4119.34
183.69	4430.63
184.07	4409.57
184.45	4079.55
184.83	4212.96
185.21	3981.25
185.59	3976.57
185.97	7300.13
186.35	5944.96
186.72	4215.30
187.10	4337.01
187.48	5893.47
187.86	4961.94
188.24	4079.55
188.62	3976.57
189.00	5469.83
189.38	4540.64
189.75	4599.15
190.13	4568.73
190.51	3955.51
190.89	7028.63
191.27	9219.37
191.65	4154.45
192.03	4496.17
192.40	5322.38
192.78	4498.51
193.16	4887.04
193.54	5954.32
193.92	5582.18
194.30	4142.75
194.67	5158.54
195.05	4772.35
195.43	4360.42
195.81	4294.88
196.19	5420.68
196.56	4585.11
196.94	4409.57
197.32	5926.24
197.70	4189.56
198.08	4912.78
198.45	4063.17
198.83	4500.85
199.21	4210.62
199.59	6277.32
199.97	4681.07
200.34	3789.33
200.72	4109.98
201.10	6637.76
201.48	5327.06
201.85	4079.55
202.23	4180.20
202.61	4051.47
202.99	7239.28
203.36	4182.54
203.74	4868.31
204.12	4292.54
204.49	4039.76
204.87	4936.19
205.25	4329.99
205.63	3784.65
206.00	3960.19
206.38	4479.79
206.76	5132.79
207.14	4091.26
207.51	3822.09
207.89	5380.89
208.27	3964.87
208.64	3578.68
209.02	4276.16
209.40	4280.84
209.77	3721.45
210.15	6239.87
210.53	3873.59
210.90	5818.57
211.28	3920.40
211.66	5963.68
212.03	4030.40
212.41	3918.06
212.79	4325.31
213.16	3894.65
213.54	4496.17
213.92	4489.15
214.29	3604.42
214.67	4046.79
215.05	4243.39
215.42	5067.26
215.80	4124.02
216.17	4163.81
216.55	4491.49
216.93	3840.82
217.30	4861.29
217.68	3899.33
218.05	4180.20
218.43	3978.91
218.81	4201.26
219.18	5638.35
219.56	4203.60
219.93	4077.21
220.31	4102.96
220.69	3772.94
221.06	3934.44
221.44	4425.95
221.81	3974.23
222.19	3751.88
222.56	3868.91
222.94	4168.49
223.32	4301.90
223.69	4035.08
224.07	4901.08
224.44	5334.08
224.82	4416.59
225.19	4723.20
225.57	4510.21
225.94	4063.17
226.32	4348.72
226.69	6019.86
227.07	4933.85
227.44	4124.02
227.82	4552.34
228.19	4203.60
228.57	4805.12
228.94	5703.89
229.32	5144.50
229.69	4987.68
230.07	4088.92
230.44	3920.40
230.82	5521.32
231.19	5200.67
231.57	3744.86
231.94	3791.67
232.32	6970.12
232.69	4353.40
233.07	4414.25
233.44	4205.94
233.82	4234.03
234.19	4358.08
234.57	5310.68
234.94	4049.13
235.31	4149.77
235.69	4168.49
236.06	4362.76
236.44	4823.84
236.81	3815.07
237.19	4449.36
237.56	5895.81
237.93	3995.29
238.31	4519.57
238.68	4203.60
239.06	4571.07
239.43	4868.31
239.81	4648.30
240.18	3833.80
240.55	3953.16
240.93	6284.34
241.30	4416.59
241.67	4395.53
242.05	4662.35
242.42	5085.98
242.80	3822.09
243.17	4404.89
243.54	4329.99
243.92	5057.90
244.29	4266.80
244.66	4393.19
245.04	5350.46
245.41	7517.80
245.78	3864.22
246.16	4119.34
246.53	4837.89
246.90	4236.37
247.28	6307.74
247.65	4208.28
248.02	4379.14
248.40	5303.65
248.77	4447.02
249.14	4620.22
249.52	4119.34
249.89	4901.08
250.26	3941.46
250.64	4379.14
251.01	7382.05
251.38	3826.78
251.75	4367.44
252.13	4065.51
252.50	4933.85
252.87	6539.46
253.25	3927.42
253.62	4498.51
253.99	3789.33
254.36	5156.20
254.74	4161.47
255.11	3885.29
255.48	3702.73
255.85	6740.74
256.23	3838.48
256.60	3595.06
256.97	4163.81
257.34	4699.80
257.71	4397.87
258.09	4248.07
258.46	4491.49
258.83	5809.21
259.20	5123.43
259.58	4301.90
259.95	4334.67
260.32	5116.41
260.69	3946.14
261.06	5694.52
261.44	4002.32
261.81	6401.37
262.18	4568.73
262.55	4072.53
262.92	4318.29
263.29	4021.04
263.67	3669.96
264.04	3967.21
264.41	4477.44
264.78	3929.76
265.15	5425.36
265.52	6171.99
265.90	4451.70
266.27	4037.42
266.64	3777.62
267.01	3707.41
267.38	4585.11
267.75	3969.55
268.12	3564.64
268.50	4273.82
268.87	3999.98
269.24	3847.84
269.61	4533.62
269.98	4718.52
270.35	4718.52
270.72	3929.76
271.09	4238.71
271.46	3939.12
271.83	4486.81
272.21	5043.85
272.58	3786.99
272.95	3880.61
273.32	4418.93
273.69	4383.82
274.06	3726.13
274.43	4049.13
274.80	4170.83
275.17	4472.76
275.54	7964.84
275.91	4491.49
276.28	4376.80
276.65	4390.84
277.02	5682.82
277.39	3983.59
277.76	3833.80
278.13	4643.62
278.50	4805.12
278.87	5493.24
279.24	4919.81
279.61	4741.93
279.98	5933.26
280.35	3878.27
280.72	4353.40
281.09	4170.83
281.46	4273.82
281.83	3852.52
282.20	4454.04
282.57	4107.64
282.94	4526.60
283.31	4030.40
283.68	4418.93
284.05	3744.86
284.42	3651.24
284.79	4367.44
285.16	4713.84
285.53	4187.22
285.90	4229.35
286.27	6930.33
286.64	3749.54
287.01	3960.19
287.38	4688.09
287.75	28203.46
288.12	5067.26
288.49	7700.36
288.86	3920.40
289.23	3969.55
289.59	3824.44
289.96	3808.05
290.33	3801.03
290.70	4063.17
291.07	4608.51
291.44	4559.36
291.81	3786.99
292.18	4304.25
292.55	4079.55
292.91	6392.00
293.28	4688.09
293.65	5607.92
294.02	4615.54
294.39	3712.09
294.76	4161.47
295.13	4339.35
295.50	4248.07
295.86	4224.67
296.23	4063.17
296.60	3922.74
296.97	3997.64
297.34	4184.88
297.71	4926.83
298.07	4337.01
298.44	3653.58
298.81	4425.95
299.18	4369.78
299.55	5441.75
299.91	4173.18
300.28	4435.32
300.65	3655.92
301.02	4456.38
301.39	4655.33
301.75	6492.65
302.12	4657.67
302.49	4138.07
302.86	5437.06
303.23	4257.43
303.59	3801.03
303.96	7737.81
304.33	5146.84
304.70	6773.51
305.06	4063.17
305.43	5432.38
305.80	4624.90
306.17	4915.12
306.53	4044.45
306.90	4997.04
307.27	4266.80
307.64	5479.19
308.00	3962.53
308.37	4065.51
308.74	5930.92
309.11	4873.00
309.47	3911.04
309.84	3747.20
310.21	4145.09
310.57	4259.78
310.94	4081.89
311.31	4259.78
311.67	4393.19
312.04	3604.42
312.41	5179.61
312.77	4575.75
313.14	3882.95
313.51	4219.99
313.87	3976.57
314.24	3868.91
314.61	4025.72
314.97	3983.59
315.34	4255.09
315.71	3735.50
316.07	4856.61
316.44	3751.88
316.81	4704.48
317.17	3899.33
317.54	7178.42
317.91	4011.68
318.27	3660.60
318.64	4077.21
319.00	4868.31
319.37	3627.83
319.74	5036.83
320.10	5114.07
320.47	4053.81
320.83	5643.03
321.20	4208.28
321.57	3770.60
321.93	4009.34
322.30	4463.40
322.66	3936.78
323.03	4868.31
323.40	4479.79
323.76	3943.80
324.13	4053.81
324.49	3651.24
324.86	8582.74
325.22	4400.21
325.59	4084.23
325.95	4514.89
326.32	5043.85
326.68	4896.40
327.05	4163.81
327.42	3770.60
327.78	3967.21
328.15	4915.12
328.51	4051.47
328.88	4273.82
329.24	5593.88
329.61	4227.01
329.97	4734.90
330.34	3913.38
330.70	4353.40
331.07	5345.78
331.43	4793.42
331.80	6370.94
332.16	5423.02
332.52	3882.95
332.89	4603.83
333.25	3597.40
333.62	6085.39
333.98	4313.61
334.35	3936.78
334.71	4306.59
335.08	3770.60
335.44	5956.66
335.81	5949.64
336.17	5228.76
336.53	4224.67
336.90	3885.29
337.26	4753.63
337.63	6487.96
337.99	4493.83
338.36	3882.95
338.72	4809.80
339.08	4358.08
339.45	3737.84
339.81	5090.67
340.18	4138.07
340.54	5387.91
340.90	3969.55
341.27	4102.96
341.63	4685.75
341.99	3541.23
342.36	5444.09
342.72	3737.84
343.09	5460.47
343.45	3899.33
343.81	5549.41
344.18	3735.50
344.54	4102.96
344.90	4388.50
345.27	4428.29
345.63	4081.89
345.99	4870.65
346.36	4355.74
346.72	3777.62
347.08	3901.67
347.45	3676.98
347.81	5085.98
348.17	4407.23
348.54	3693.37
348.90	4891.72
349.26	5121.09
349.62	5516.64
349.99	3604.42
350.35	3506.12
350.71	4535.96
351.08	4215.30
351.44	3541.23
351.80	6438.81
352.16	5851.34
352.53	3946.14
352.89	4636.60
353.25	5675.80
353.61	4016.36
353.98	4706.82
354.34	5205.35
354.70	3929.76
355.06	3733.15
355.43	4238.71
355.79	4058.49
356.15	3906.35
356.51	3772.94
356.88	3674.64
357.24	4049.13
357.60	3627.83
357.96	3480.38
358.32	6532.44
358.69	3581.02
359.05	4381.48
359.41	4283.18
359.77	3754.22
360.13	3894.65
360.49	3815.07
360.86	4987.68
361.22	5767.08
361.58	4575.75
361.94	5624.31
362.30	3772.94
362.66	4648.30
363.03	3522.51
363.39	3571.66
363.75	3885.29
364.11	5184.29
364.47	3824.44
364.83	5469.83
365.19	4395.53
365.56	4772.35
365.92	3538.89
366.28	4681.07
366.64	5273.23
367.00	4039.76
367.36	3632.51
367.72	5118.75
368.08	5301.31
368.44	3906.35
368.80	4667.03
369.17	3906.35
369.53	3969.55
369.89	3822.09
370.25	3784.65
370.61	3894.65
370.97	5493.24
371.33	4004.66
371.69	6167.31
372.05	4641.28
372.41	3803.37
372.77	4007.00
373.13	4315.95
373.49	3538.89
373.85	4512.55
374.21	4332.33
374.57	3723.79
374.93	4688.09
375.29	4926.83
375.65	4407.23
376.01	4189.56
376.37	5317.70
376.73	4774.69
377.09	3709.75
377.45	5261.52
377.81	4058.49
378.17	3868.91
378.53	3475.70
378.89	4706.82
379.25	5596.22
379.61	6754.79
379.97	5048.54
380.33	4004.66
380.69	3871.25
381.05	3618.47
381.41	4952.57
381.77	4280.84
382.13	4667.03
382.49	6932.67
382.85	4292.54
383.21	4744.27
383.57	3588.04
383.93	5345.78
384.28	3557.61
384.64	3908.69
385.00	4367.44
385.36	4262.12
385.72	4884.70
386.08	3794.01
386.44	4830.87
386.80	4924.49
387.16	6186.04
387.52	5060.24
387.87	6607.33
388.23	4514.89
388.59	3850.18
388.95	3562.30
389.31	4039.76
389.67	4030.40
390.03	3840.82
390.38	4004.66
390.74	3459.31
391.10	4980.66
391.46	4386.16
391.82	3836.14
392.18	4582.77
392.54	3440.59
392.89	3648.90
393.25	4699.80
393.61	3651.24
393.97	3655.92
394.33	4596.81
394.68	4152.11
395.04	3639.53
395.40	4191.90
395.76	4929.17
396.12	4313.61
396.47	3665.28
396.83	4081.89
397.19	3627.83
397.55	3730.81
397.90	4301.90
398.26	4194.24
398.62	3691.02
398.98	3389.10
399.33	3960.19
399.69	10391.98
400.05	4631.92
400.41	3737.84
400.76	4655.33
401.12	5193.65
401.48	4519.57
401.84	3829.12
402.19	3887.63
402.55	4388.50
402.91	4175.52
403.26	3571.66
403.62	4683.41
403.98	4159.13
404.34	3342.28
404.69	4229.35
405.05	4924.49
405.41	6621.38
405.76	3742.52
406.12	3836.14
406.48	4067.85
406.83	3948.48
407.19	4636.60
407.55	4447.02
407.90	6764.15
408.26	4718.52
408.62	5018.11
408.97	4205.94
409.33	3648.90
409.68	3679.32
410.04	4425.95
410.40	3756.56
410.75	4468.08
411.11	3712.09
411.47	4351.06
411.82	3997.64
412.18	4201.26
412.53	4004.66
412.89	3922.74
413.25	4156.79
413.60	4234.03
413.96	3534.21
414.31	3918.06
414.67	4234.03
415.03	3602.08
415.38	3705.07
415.74	4007.00
416.09	3922.74
416.45	4711.50
416.80	3805.71
417.16	4723.20
417.51	4177.86
417.87	4014.02
418.23	4294.88
418.58	4606.17
418.94	3370.37
419.29	3714.43
419.65	4447.02
420.00	4905.76
420.36	4430.63
420.71	4599.15
421.07	3702.73
421.42	4191.90
421.78	4997.04
422.13	4004.66
422.49	4018.70
422.84	4447.02
423.20	3482.72
423.55	3688.68
423.91	3702.73
424.26	6541.80
424.61	4613.20
424.97	5802.19
425.32	3840.82
425.68	3960.19
426.03	4390.84
426.39	5364.51
426.74	5294.29
427.10	4983.00
427.45	3794.01
427.80	4383.82
428.16	4060.83
428.51	4081.89
428.87	4407.23
429.22	5025.13
429.58	5259.18
429.93	5214.71
430.28	3817.41
430.64	3899.33
430.99	3618.47
431.35	4344.03
431.70	3976.57
432.05	4124.02
432.41	4451.70
432.76	4587.45
433.11	4425.95
433.47	4451.70
433.82	5434.72
434.17	4512.55
434.53	4791.08
434.88	6731.38
435.24	4512.55
435.59	4320.63
435.94	3611.45
436.30	4578.09
436.65	3995.29
437.00	5057.90
437.35	7410.14
437.71	4058.49
438.06	3934.44
438.41	3857.20
438.77	4594.47
439.12	3524.85
439.47	3398.46
439.83	4374.46
440.18	3489.74
440.53	3974.23
440.88	5991.77
441.24	4758.31
441.59	3723.79
441.94	4011.68
442.30	4568.73
442.65	6120.50
443.00	4271.48
443.35	6590.95
443.71	4105.30
444.06	5029.81
444.41	4521.92
444.76	5802.19
445.11	4257.43
445.47	5364.51
445.82	4730.22
446.17	3892.31
446.52	5355.15
446.88	4329.99
447.23	3606.77
447.58	4472.76
447.93	3847.84
448.28	11868.86
448.63	5832.62
448.99	4238.71
449.34	4737.24
449.69	4819.16
450.04	3904.01
450.39	3840.82
450.74	4198.92
451.10	4074.87
451.45	4297.22
451.80	4374.46
452.15	5207.69
452.50	4606.17
452.85	5287.27
453.21	4851.93
453.56	4538.30
453.91	4112.32
454.26	4205.94
454.61	3889.97
454.96	4557.02
455.31	4021.04
455.66	3939.12
456.01	4472.76
456.36	4011.68
456.72	3824.44
457.07	4432.97
457.42	5303.65
457.77	4901.08
458.12	3716.77
458.47	4315.95
458.82	5205.35
459.17	4259.78
459.52	4152.11
459.87	15150.29
460.22	4102.96
460.57	4191.90
460.92	3962.53
461.27	4507.87
461.62	4023.38
461.97	3709.75
462.32	6001.13
462.67	5502.60
463.02	6361.58
463.38	6441.15
463.73	4767.67
464.08	6452.86
464.43	4428.29
464.78	3632.51
465.12	4542.98
465.47	4692.77
465.82	12767.62
466.17	4107.64
466.52	4594.47
466.87	3859.54
467.22	3667.62
467.57	3510.80
467.92	4409.57
468.27	5476.85
468.62	7061.40
468.97	4133.39
469.32	3597.40
469.67	7098.84
470.02	6850.75
470.37	3915.72
470.72	4236.37
471.07	3578.68
471.42	3995.29
471.76	4105.30
472.11	4056.15
472.46	4774.69
472.81	7061.40
473.16	3772.94
473.51	3777.62
473.86	3592.72
474.21	3929.76
474.56	3985.93
474.90	4018.70
475.25	5219.39
475.60	4784.06
475.95	3786.99
476.30	5579.84
476.65	5418.34
477.00	6937.35
477.34	5703.89
477.69	3641.87
478.04	4898.74
478.39	4255.09
478.74	3686.34
479.09	3377.39
479.43	8559.34
479.78	3550.59
480.13	6286.68
480.48	5266.21
480.83	4212.96
481.17	3555.27
481.52	4238.71
481.87	3918.06
482.22	5851.34
482.57	4060.83
482.91	4933.85
483.26	4395.53
483.61	3955.51
483.96	4238.71
484.30	56383.51
484.65	4369.78
485.00	3716.77
485.35	4049.13
485.69	3847.84
486.04	4002.32
486.39	4432.97
486.74	4416.59
487.08	3487.40
487.43	4454.04
487.78	3370.37
488.12	4432.97
488.47	3801.03
488.82	5336.42
489.17	3754.22
489.51	3471.01
489.86	4442.34
490.21	3428.88
490.55	4444.68
490.90	3555.27
491.25	3866.56
491.59	3609.11
491.94	6143.91
492.29	3978.91
492.63	4189.56
492.98	3325.90
493.33	4049.13
493.67	3920.40
494.02	3700.39
494.37	3599.74
494.71	4533.62
495.06	3866.56
495.40	5387.91
495.75	3803.37
496.10	5294.29
496.44	4542.98
496.79	4613.20
497.13	3674.64
497.48	6682.23
497.83	5298.97
498.17	4702.14
498.52	3838.48
498.86	4671.71
499.21	4344.03
499.56	3808.05
499.90	3887.63
500.25	3447.61
500.59	4112.32
500.94	4351.06
501.28	4690.43
501.63	5132.79
501.97	3859.54
502.32	3676.98
502.67	4381.48
503.01	3606.77
503.36	3915.72
503.70	3939.12
504.05	4685.75
504.39	4978.32
504.74	4056.15
505.08	5483.88
505.43	3346.97
505.77	3571.66
506.12	4161.47
506.46	3925.08
506.81	3669.96
507.15	3665.28
507.49	3885.29
507.84	3716.77
508.18	4407.23
508.53	4117.00
508.87	4166.15
509.22	3878.27
509.56	65535.00
509.91	13467.44
510.25	4353.40
510.60	3447.61
510.94	5418.34
511.28	3365.69
511.63	4994.70
511.97	4379.14
512.32	4912.78
512.66	3754.22
513.00	4250.41
513.35	4929.17
513.69	3707.41
514.04	4704.48
514.38	4791.08
514.72	4393.19
515.07	3669.96
515.41	3700.39
515.76	3669.96
516.10	4348.72
516.44	4851.93
516.79	3761.24
517.13	3485.06
517.47	5034.49
517.82	4212.96
518.16	3995.29
518.50	4184.88
518.85	4248.07
519.19	5416.00
519.53	6424.77
519.88	4830.87
520.22	4023.38
520.56	4152.11
520.91	3538.89
521.25	3644.21
521.59	4042.11
521.93	4447.02
522.28	4007.00
522.62	4126.36
522.96	4959.60
523.31	4053.81
523.65	4444.68
523.99	4683.41
524.33	5687.50
524.68	4620.22
525.02	3545.91
525.36	4489.15
525.70	3461.65
526.05	3712.09
526.39	3627.83
526.73	4550.00
527.07	4278.50
527.41	5472.17
527.76	3688.68
528.10	3936.78
528.44	4458.72
528.78	4163.81
529.12	4652.98
529.47	3990.61
529.81	4915.12
530.15	4964.28
530.49	4554.68
530.83	3391.44
531.18	3616.13
531.52	3985.93
531.86	3536.55
532.20	4016.36
532.54	5043.85
532.88	3382.07
533.22	4025.72
533.57	3791.67
533.91	5067.26
534.25	3496.76
534.59	5380.89
534.93	4786.40
535.27	3672.30
535.61	3967.21
535.95	5490.90
536.30	4695.11
536.64	4042.11
536.98	3316.54
537.32	3927.42
537.66	3332.92
538.00	4638.94
538.34	4606.17
538.68	4514.89
539.02	5776.44
539.36	3826.78
539.70	3557.61
540.04	4280.84
540.39	8741.90
540.73	3747.20
541.07	4227.01
541.41	4383.82
541.75	4425.95
542.09	5191.31
542.43	4561.70
542.77	4105.30
543.11	4327.65
543.45	4311.27
543.79	4910.44
544.13	4009.34
544.47	3899.33
544.81	3700.39
545.15	4517.23
545.49	4002.32
545.83	3705.07
546.17	3988.27
546.51	3321.22
546.85	3796.35
547.19	5504.94
547.53	3557.61
547.87	4599.15
548.21	5841.98
548.54	4283.18
548.88	3854.86
549.22	3733.15
549.56	3456.97
549.90	3803.37
550.24	4025.72
550.58	3665.28
550.92	5050.88
551.26	3868.91
551.60	5432.38
551.94	3925.08
552.28	3889.97
552.61	4592.13
552.95	3953.16
553.29	3770.60
553.63	4257.43
553.97	5682.82
554.31	5111.73
554.65	5301.31
554.99	5275.57
555.32	4049.13
555.66	4524.26
556.00	3358.67
556.34	4060.83
556.68	4245.73
557.02	4985.34
557.36	4369.78
557.69	4124.02
558.03	3824.44
558.37	6604.99
558.71	6843.73
559.05	5322.38
559.38	5659.42
559.72	3740.18
560.06	4685.75
560.40	4720.86
560.74	5102.37
561.07	4400.21
561.41	4774.69
561.75	4526.60
562.09	5146.84
562.42	4978.32
562.76	4678.73
563.10	4337.01
563.44	10326.44
563.77	4503.19
564.11	4610.86
564.45	5261.52
564.79	4514.89
565.12	4159.13
565.46	4346.37
565.80	4456.38
566.14	4351.06
566.47	5132.79
566.81	3803.37
567.15	4210.62
567.48	4449.36
567.82	4564.04
568.16	4238.71
568.49	3676.98
568.83	3510.80
569.17	4126.36
569.50	5004.07
569.84	5425.36
570.18	4475.10
570.51	5671.12
570.85	4236.37
571.19	4095.94
571.52	3749.54
571.86	4290.20
572.20	3960.19
572.53	5509.62
572.87	3772.94
573.21	3623.15
573.54	3602.08
573.88	4374.46
574.21	4250.41
574.55	4112.32
574.89	4252.75
575.22	4901.08
575.56	3934.44
575.89	3779.97
576.23	4219.99
576.57	4486.81
576.90	3707.41
577.24	4266.80
577.57	3627.83
577.91	4344.03
578.24	3485.06
578.58	3779.97
578.91	4503.19
579.25	3740.18
579.59	4219.99
579.92	4056.15
580.26	3632.51
580.59	4496.17
580.93	4400.21
581.26	3932.10
581.60	4477.44
581.93	4678.73
582.27	5657.07
582.60	3686.34
582.94	4177.86
583.27	3695.71
583.61	4053.81
583.94	4430.63
584.28	3730.81
584.61	3953.16
584.94	4620.22
585.28	4524.26
585.61	4968.96
585.95	4606.17
586.28	5769.42
586.62	6492.65
586.95	4252.75
587.29	6047.94
587.62	5240.46
587.95	3602.08
588.29	4287.86
588.62	4561.70
588.96	5020.45
589.29	3843.16
589.62	3838.48
589.96	4014.02
590.29	3845.50
590.63	3545.91
590.96	4741.93
591.29	5423.02
591.63	5167.90
591.96	3688.68
592.29	3927.42
592.63	3899.33
592.96	4397.87
593.30	5811.55
593.63	4383.82
593.96	3763.58
594.30	3885.29
594.63	4456.38
594.96	6207.10
595.30	4163.81
595.63	3981.25
595.96	3873.59
596.29	4369.78
596.63	3920.40
596.96	4877.68
597.29	4528.94
597.63	3482.72
597.96	5406.64
598.29	5158.54
598.63	4950.23
598.96	3843.16
599.29	3901.67
599.62	4910.44
599.96	3939.12
600.29	4011.68
600.62	3707.41
600.95	3992.95
601.29	4067.85
601.62	4414.25
601.95	4063.17
602.28	3831.46
602.61	20526.50
602.95	4606.17
603.28	5930.92
603.61	3728.47
603.94	4987.68
604.27	3693.37
604.61	4720.86
604.94	4582.77
605.27	4388.50
605.60	3637.19
605.93	3974.23
606.27	4880.02
606.60	4152.11
606.93	3632.51
607.26	5673.46
607.59	4250.41
607.92	5231.10
608.26	4035.08
608.59	3840.82
608.92	3957.85
609.25	4388.50
609.58	4423.61
609.91	4599.15
610.24	6434.13
610.57	4545.32
610.90	5060.24
611.24	3552.93
611.57	3625.49
611.90	4851.93
612.23	4194.24
612.56	4821.50
612.89	4620.22
613.22	4692.77
613.55	3602.08
613.88	5104.71
614.21	3770.60
614.54	4400.21
614.87	3695.71
615.20	3393.78
615.53	5348.12
615.87	3866.56
616.20	4215.30
616.53	5275.57
616.86	4161.47
617.19	4444.68
617.52	3864.22
617.85	3868.91
618.18	3796.35
618.51	4067.85
618.84	4779.37
619.17	4105.30
619.50	5427.70
619.83	5458.13
620.16	4620.22
620.49	3875.93
620.82	6539.46
621.14	5490.90
621.47	4454.04
621.80	5097.69
622.13	4351.06
622.46	6937.35
622.79	4699.80
623.12	3515.48
623.45	4975.98
623.78	4798.10
624.11	3705.07
624.44	4416.59
624.77	3754.22
625.10	3815.07
625.43	3604.42
625.75	4306.59
626.08	3880.61
626.41	3850.18
626.74	5214.71
627.07	4135.73
627.40	5919.21
627.73	3955.51
628.06	3695.71
628.38	3419.52
628.71	4873.00
629.04	5160.88
629.37	5046.20
629.70	4264.46
630.03	3705.07
630.36	5121.09
630.68	4865.97
631.01	3798.69
631.34	5495.58
631.67	3829.12
632.00	3405.48
632.32	4858.95
632.65	5247.48
632.98	4308.93
633.31	4243.39
633.64	4915.12
633.96	3765.92
634.29	5486.22
634.62	4252.75
634.95	4388.50
635.27	4290.20
635.60	4758.31
635.93	4458.72
636.26	4500.85
636.58	3960.19
636.91	3859.54
637.24	3817.41
637.57	4308.93
637.89	4512.55
638.22	3925.08
638.55	4262.12
638.87	4329.99
639.20	4777.03
639.53	4561.70
639.86	3826.78
640.18	3592.72
640.51	4297.22
640.84	4463.40
641.16	3616.13
641.49	4540.64
641.82	3716.77
642.14	3742.52
642.47	6647.12
642.80	4140.41
643.12	5081.30
643.45	4117.00
643.78	4203.60
644.10	3756.56
644.43	4224.67
644.75	5458.13
645.08	3576.34
645.41	4407.23
645.73	3737.84
646.06	7047.35
646.39	4823.84
646.71	3822.09
647.04	3754.22
647.36	3433.57
647.69	4755.97
648.01	4271.48
648.34	3723.79
648.67	5217.05
648.99	5359.83
649.32	3779.97
649.64	3494.42
649.97	3342.28
650.29	3559.95
650.62	6839.05
650.94	4231.69
651.27	5596.22
651.59	3995.29
651.92	3953.16
652.25	4372.12
652.57	3742.52
652.90	3735.50
653.22	4404.89
653.55	4360.42
653.87	3410.16
654.20	4133.39
654.52	5540.05
654.84	4175.52
655.17	4578.09
655.49	5638.35
655.82	4035.08
656.14	4283.18
656.47	5535.37
656.79	5853.68
657.12	3995.29
657.44	3864.22
657.77	4741.93
658.09	4327.65
658.41	4051.47
658.74	4699.80
659.06	3529.53
659.39	4058.49
659.71	3803.37
660.03	4250.41
660.36	4060.83
660.68	5076.62
661.01	6356.90
661.33	5507.28
661.65	3925.08
661.98	6675.21
662.30	5249.82
662.63	4191.90
662.95	3887.63
663.27	3957.85
663.60	3719.11
663.92	4081.89
664.24	4212.96
664.57	3714.43
664.89	3852.52
665.21	3901.67
665.54	4983.00
665.86	4304.25
666.18	4278.50
666.51	5289.61
666.83	3913.38
667.15	7042.67
667.47	5252.16
667.80	4533.62
668.12	3803.37
668.44	4163.81
668.77	4702.14
669.09	5441.75
669.41	4800.44
669.73	3583.36
670.06	4109.98
670.38	3990.61
670.70	3508.46
671.02	4465.74
671.35	4002.32
671.67	5371.53
671.99	4088.92
672.31	5313.02
672.63	4557.02
672.96	5533.03
673.28	3918.06
673.60	4353.40
673.92	4264.46
674.24	3744.86
674.57	3719.11
674.89	5139.82
675.21	4112.32
675.53	4873.00
675.85	5320.04
676.17	5160.88
676.50	3756.56
676.82	5362.17
677.14	4297.22
677.46	7000.54
677.78	3569.32
678.10	5142.16
678.42	4236.37
678.75	3896.99
679.07	3618.47
679.39	4121.68
679.71	3878.27
680.03	3796.35
680.35	4028.06
680.67	3983.59
680.99	3723.79
681.31	3545.91
681.63	4400.21
681.96	5277.91
682.28	3894.65
682.60	3468.67
682.92	4755.97
683.24	3606.77
683.56	4610.86
683.88	3882.95
684.20	4072.53
684.52	3939.12
684.84	3864.22
685.16	4119.34
685.48	4887.04
685.80	4365.10
686.12	4947.89
686.44	5856.02
686.76	4121.68
687.08	3550.59
687.40	3737.84
687.72	5022.79
688.04	3829.12
688.36	6841.39
688.68	5614.95
689.00	4468.08
689.32	3955.51
689.64	3985.93
689.96	4152.11
690.28	5111.73
690.60	5263.86
690.92	3861.88
691.24	4662.35
691.56	4063.17
691.88	4131.05
692.19	3709.75
692.51	4919.81
692.83	4510.21
693.15	4856.61
693.47	4519.57
693.79	4421.27
694.11	5032.15
694.43	4348.72
694.75	4086.58
695.06	4372.12
695.38	5240.46
695.70	4325.31
696.02	4241.05
696.34	3969.55
696.66	3990.61
696.98	3534.21
697.29	4098.28
697.61	5605.58
697.93	5151.52
698.25	16301.83
698.57	4830.87
698.89	3581.02
699.20	4053.81
699.52	5614.95
699.84	3414.84
700.16	4070.19
700.48	5392.59
700.79	3798.69
701.11	5916.87
701.43	4924.49
701.75	4011.68
702.07	4051.47
702.38	5944.96
702.70	3873.59
703.02	3803.37
703.34	4695.11
703.65	4334.67
703.97	4107.64
704.29	3599.74
704.61	3761.24
704.92	4985.34
705.24	3985.93
705.56	5172.58
705.87	5275.57
706.19	4147.43
706.51	4002.32
706.82	5261.52
707.14	3805.71
707.46	3543.57
707.78	3728.47
708.09	4704.48
708.41	5095.35
708.73	4334.67
709.04	5144.50
709.36	4084.23
709.68	4222.33
709.99	6317.11
710.31	5343.44
710.62	4301.90
710.94	4107.64
711.26	4514.89
711.57	4021.04
711.89	3735.50
712.21	7059.06
712.52	4334.67
712.84	5423.02
713.15	4470.42
713.47	4945.55
713.79	3648.90
714.10	3901.67
714.42	4093.60
714.73	5289.61
715.05	3662.94
715.36	3646.55
715.68	3838.48
715.99	4046.79
716.31	5085.98
716.63	4702.14
716.94	5102.37
717.26	8901.06
717.57	5118.75
717.89	5853.68
718.20	3779.97
718.52	5039.17
718.83	4180.20
719.15	7021.61
719.46	6672.87
719.78	4531.28
720.09	4313.61
720.41	3754.22
720.72	3695.71
721.04	3641.87
721.35	4159.13
721.67	4095.94
721.98	4032.74
722.29	4021.04
722.61	3999.98
722.92	3569.32
723.24	4021.04
723.55	4325.31
723.87	4381.48
724.18	4762.99
724.50	3836.14
724.81	4184.88
725.12	4224.67
725.44	4753.63
725.75	4395.53
726.07	5462.81
726.38	4650.64
726.69	4117.00
727.01	4994.70
727.32	4788.74
727.63	3955.51
727.95	5509.62
728.26	3950.82
728.58	4943.21
728.89	3946.14
729.20	4189.56
729.52	3730.81
729.83	6597.97
730.14	4814.48
730.46	4372.12
730.77	5280.25
731.08	4784.06
731.39	4067.85
731.71	4234.03
732.02	4894.06
732.33	4149.77
732.65	4117.00
732.96	5678.14
733.27	5132.79
733.59	6778.19
733.90	5217.05
734.21	3744.86
734.52	4044.45
734.84	7754.19
735.15	4042.11
735.46	4135.73
735.77	4290.20
736.09	4276.16
736.40	5521.32
736.71	4933.85
737.02	3637.19
737.33	4023.38
737.65	4142.75
737.96	4241.05
738.27	4660.01
738.58	6394.34
738.89	4873.00
739.21	3936.78
739.52	3536.55
739.83	4765.33
740.14	3925.08
740.45	4348.72
740.76	3927.42
741.08	3707.41
741.39	4205.94
741.70	4009.34
742.01	4461.06
742.32	5322.38
742.63	4374.46
742.94	3812.73
743.26	4758.31
743.57	4652.98
743.88	4980.66
744.19	4542.98
744.50	4117.00
744.81	6129.86
745.12	4290.20
745.43	4154.45
745.74	7262.68
746.05	5785.80
746.36	3534.21
746.67	6186.04
746.99	4189.56
747.30	4662.35
747.61	3976.57
747.92	4521.92
748.23	5397.28
748.54	4208.28
748.85	4126.36
749.16	4517.23
749.47	3868.91
749.78	3964.87
750.09	4133.39
750.40	4624.90
750.71	4334.67
751.02	4786.40
751.33	4152.11
751.64	4554.68
751.95	4346.37
752.26	4823.84
752.57	4814.48
752.88	4147.43
753.19	4325.31
753.50	5760.06
753.81	4126.36
754.11	4369.78
754.42	7707.38
754.73	4444.68
755.04	4622.56
755.35	4512.55
755.66	6792.23
755.97	3868.91
756.28	3805.71
756.59	4755.97
756.90	7707.38
757.21	4624.90
757.52	5671.12
757.82	4667.03
758.13	3995.29
758.44	5240.46
758.75	4833.21
759.06	3964.87
759.37	3777.62
759.68	4578.09
759.98	4025.72
760.29	4889.38
760.60	4554.68
760.91	3899.33
761.22	4224.67
761.53	4430.63
761.83	3868.91
762.14	4390.84
762.45	3960.19
762.76	3648.90
763.07	4650.64
763.37	7421.84
763.68	5891.13
763.99	6485.62
764.30	5940.28
764.60	4039.76
764.91	5378.55
765.22	4496.17
765.53	6492.65
765.84	4578.09
766.14	4241.05
766.45	3623.15
766.76	5643.03
767.06	5968.37
767.37	4332.33
767.68	4388.50
767.99	4112.32
768.29	3974.23
768.60	4208.28
768.91	5298.97
769.21	6469.24
769.52	5849.00
769.83	4245.73
770.13	4292.54
770.44	4182.54
770.75	4954.91
771.05	4381.48
771.36	4882.36
771.67	4484.47
771.97	4170.83
772.28	4196.58
772.59	4463.40
772.89	4999.38
773.20	3976.57
773.51	3964.87
773.81	6008.16
774.12	3889.97
774.42	4280.84
774.73	3880.61
775.04	3950.82
775.34	9408.95
775.65	4746.61
775.95	6157.95
776.26	4699.80
776.56	4051.47
776.87	4622.56
777.18	65097.32
777.48	6867.13
777.79	4528.94
778.09	5551.75
778.40	4166.15
778.70	4173.18
779.01	5453.45
779.31	4526.60
779.62	4135.73
779.92	4922.15
780.23	4774.69
780.53	3702.73
780.84	4297.22
781.14	4067.85
781.45	4025.72
781.75	4940.87
782.06	3932.10
782.36	4585.11
782.67	3908.69
782.97	3925.08
783.28	6408.39
783.58	4102.96
783.89	4128.70
784.19	4755.97
784.49	6303.06
784.80	4203.60
785.10	6307.74
785.41	3850.18
785.71	4772.35
786.02	4622.56
786.32	6949.05
786.62	5018.11
786.93	6036.24
787.23	4081.89
787.54	4198.92
787.84	6242.21
788.14	4800.44
788.45	4863.63
788.75	4762.99
789.05	3805.71
789.36	4203.60
789.66	6647.12
789.96	5186.63
790.27	4479.79
790.57	4615.54
790.87	3920.40
791.18	3999.98
791.48	3906.35
791.78	4648.30
792.09	4870.65
792.39	3992.95
792.69	5104.71
793.00	4692.77
793.30	4929.17
793.60	3850.18
793.90	3679.32
794.21	4772.35
794.51	7810.37
794.81	5687.50
795.11	4449.36
795.42	4018.70
795.72	5654.73
796.02	5146.84
796.32	4704.48
796.63	4762.99
796.93	5362.17
797.23	5029.81
797.53	4732.56
797.84	3946.14
798.14	3838.48
798.44	4559.36
798.74	4823.84
799.04	4620.22
799.34	3749.54
799.65	7295.45
799.95	4561.70
800.25	4327.65
800.55	4091.26
800.85	4531.28
801.15	3906.35
801.46	4444.68
801.76	8011.65
802.06	4177.86
802.36	4641.28
802.66	4229.35
802.96	5022.79
803.26	5621.97
803.56	6724.36
803.87	7765.90
804.17	4334.67
804.47	5139.82
804.77	5589.20
805.07	5530.69
805.37	5163.22
805.67	5071.94
805.97	4285.52
806.27	4290.20
806.57	4133.39
806.87	5940.28
807.17	4624.90
807.47	5767.08
807.77	5685.16
808.07	4105.30
808.37	5856.02
808.67	4440.00
808.98	7239.28
809.28	4262.12
809.58	7456.95
809.88	5430.04
810.18	6972.46
810.47	4346.37
810.77	4266.80
811.07	5149.18
811.37	4697.46
811.67	4039.76
811.97	3723.79
812.27	3908.69
812.57	3662.94
812.87	3927.42
813.17	3857.20
813.47	3941.46
813.77	4175.52
814.07	4032.74
814.37	5247.48
814.67	3957.85
814.97	4388.50
815.27	3962.53
815.56	4713.84
815.86	5827.93
816.16	4573.41
816.46	3819.75
816.76	4060.83
817.06	5369.19
817.36	6614.35
817.66	4451.70
817.95	3873.59
818.25	4671.71
818.55	5434.72
818.85	5111.73
819.15	4077.21
819.45	6328.81
819.75	4444.68
820.04	4634.26
820.34	7300.13
820.64	5313.02
820.94	6214.12
821.24	4264.46
821.53	4365.10
821.83	4039.76
822.13	3866.56
822.43	4241.05
822.72	3768.26
823.02	3967.21
823.32	3847.84
823.62	4599.15
823.91	7084.80
824.21	3744.86
824.51	4765.33
824.81	4191.90
825.10	3803.37
825.40	4919.81
825.70	4547.66
826.00	6148.59
826.29	4105.30
826.59	4631.92
826.89	4208.28
827.18	4606.17
827.48	4030.40
827.78	3857.20
828.07	4432.97
828.37	5149.18
828.67	4613.20
828.96	4390.84
829.26	3925.08
829.56	5509.62
829.85	4028.06
830.15	4648.30
830.45	3822.09
830.74	6171.99
831.04	5046.20
831.34	5338.76
831.63	6581.59
831.93	5174.92
832.22	5123.43
832.52	4322.97
832.82	3803.37
833.11	3756.56
833.41	3904.01
833.70	4070.19
834.00	5327.06
834.29	4435.32
834.59	3695.71
834.89	4865.97
835.18	4217.65
835.48	6373.28
835.77	5055.56
836.07	4971.30
836.36	4896.40
836.66	5387.91
836.95	4301.90
837.25	3990.61
837.54	4922.15
837.84	4037.42
838.13	4503.19
838.43	3889.97
838.72	6649.46
839.02	5696.86
839.31	3911.04
839.61	5582.18
839.90	3777.62
840.20	4931.51
840.49	3801.03
840.78	4545.32
841.08	4945.55
841.37	4208.28
841.67	3857.20
841.96	4833.21
842.26	4582.77
842.55	3761.24
842.84	3805.71
843.14	5203.01
843.43	3826.78
843.73	4362.76
844.02	3754.22
844.31	4301.90
844.61	3960.19
844.90	4671.71
845.20	4411.91
845.49	3620.81
845.78	4175.52
846.08	3868.91
846.37	3466.33
846.66	4786.40
846.96	4961.94
847.25	4720.86
847.54	3676.98
847.84	3929.76
848.13	4294.88
848.42	5497.92
848.72	3953.16
849.01	4854.27
849.30	4049.13
849.59	3810.39
849.89	3868.91
850.18	6026.88
850.47	3843.16
850.76	7236.94
851.06	6939.69
851.35	4786.40
851.64	5153.86
851.93	4564.04
852.23	8231.66
852.52	4308.93
852.81	3995.29
853.10	4138.07
853.40	3604.42
853.69	3569.32
853.98	4351.06
854.27	5200.67
854.56	4098.28
854.86	4781.71
855.15	4379.14
855.44	4578.09
855.73	3571.66
856.02	3960.19
856.31	5078.96
856.61	4624.90
856.90	4088.92
857.19	3744.86
857.48	3620.81
857.77	3646.55
858.06	3386.76
858.35	3646.55
858.65	5628.99
858.94	4835.55
859.23	4203.60
859.52	4896.40
859.81	5870.06
860.10	3901.67
860.39	4882.36
860.68	4322.97
860.97	3789.33
861.26	3896.99
861.55	5935.60
861.85	4320.63
862.14	4868.31
862.43	5078.96
862.72	4931.51
863.01	3667.62
863.30	4030.40
863.59	4678.73
863.88	4189.56
864.17	4241.05
864.46	3674.64
864.75	6740.74
865.04	4414.25
865.33	3819.75
865.62	5511.96
865.91	3922.74
866.20	4884.70
866.49	4011.68
866.78	4060.83
867.07	4039.76
867.36	5357.49
867.65	5275.57
867.93	4826.18
868.22	4540.64
868.51	4278.50
868.80	4379.14
869.09	4166.15
869.38	3740.18
869.67	6031.56
869.96	6031.56
870.25	6031.56
