178.76	1720.29
179.14	1720.29
179.52	1720.29
179.90	1621.99
180.28	11222.87
180.66	6249.23
181.04	8571.04
181.42	7604.40
181.80	6494.99
182.18	11477.99
182.55	6001.13
182.93	7302.47
183.31	7375.03
183.69	8074.85
184.07	8390.82
184.45	7417.16
184.83	7585.68
185.21	6801.60
185.59	6923.30
185.97	17046.12
186.35	12248.02
186.72	7318.86
187.10	7470.99
187.48	11988.22
187.86	9390.23
188.24	6813.30
188.62	6534.78
189.00	11419.47
189.38	8112.30
189.75	7524.82
190.13	8154.43
190.51	6466.90
190.89	15438.17
191.27	21687.40
191.65	7222.89
192.03	8021.02
192.40	10644.76
192.78	7871.22
193.16	8992.34
193.54	12624.85
193.92	11145.63
194.30	6785.21
194.67	9844.29
195.05	8659.98
195.43	7400.77
195.81	7222.89
196.19	11014.56
196.56	8056.12
196.94	7328.22
197.32	11932.05
197.70	6647.12
198.08	8805.10
198.45	6782.87
198.83	7789.30
199.21	6932.67
199.59	12599.10
199.97	8201.24
200.34	6033.90
200.72	6766.49
201.10	14408.34
201.48	10279.63
201.85	6494.99
202.23	6965.43
202.61	6684.57
202.99	17060.16
203.36	6710.32
203.74	9352.78
204.12	7211.19
204.49	6513.71
204.87	8915.10
205.25	7255.66
205.63	5750.70
206.00	6476.26
206.38	8042.08
206.76	9832.59
207.14	6668.19
207.51	6059.65
207.89	11150.31
208.27	6509.03
208.64	5582.18
209.02	6789.89
209.40	7183.10
209.77	5755.38
210.15	15056.67
210.53	6106.46
210.90	11499.05
211.28	6260.93
211.66	12568.68
212.03	6846.07
212.41	5956.66
212.79	7417.16
213.16	6113.48
213.54	7967.18
213.92	8067.83
214.29	5689.84
214.67	6780.53
215.05	6977.14
215.42	9518.96
215.80	7115.23
216.17	6806.28
216.55	8063.15
216.93	6022.20
217.30	9277.88
217.68	6574.56
218.05	6719.68
218.43	6612.01
218.81	6892.88
219.18	11485.01
219.56	6832.02
219.93	6698.61
220.31	6640.10
220.69	6083.05
221.06	6277.32
221.44	7854.84
221.81	6338.17
222.19	5951.98
222.56	6174.33
222.94	6937.35
223.32	7749.51
223.69	6518.39
224.07	9268.52
224.44	12938.48
224.82	7749.51
225.19	8444.65
225.57	7623.12
225.94	6855.43
226.32	7337.58
226.69	12526.55
227.07	8812.12
227.44	6967.77
227.82	8255.07
228.19	7185.44
228.57	8910.42
228.94	11967.16
229.32	9907.49
229.69	8987.66
230.07	6820.32
230.44	6422.43
230.82	11232.23
231.19	9729.61
231.57	5666.44
231.94	5930.92
232.32	9345.76
232.69	7045.01
233.07	7740.15
233.44	8381.46
233.82	7199.49
234.19	7702.70
234.57	10368.57
234.94	6675.21
235.31	6967.77
235.69	7281.41
236.06	7784.62
236.44	8917.44
236.81	5942.62
237.19	8067.83
237.56	12053.76
237.93	6408.39
238.31	7840.79
238.68	7105.87
239.06	7793.98
239.43	9011.06
239.81	8276.13
240.18	6113.48
240.55	6368.60
240.93	13224.03
241.30	8023.36
241.67	7239.28
242.05	8704.45
242.42	9832.59
242.80	5921.56
243.17	8166.13
243.54	7992.93
243.92	9502.58
244.29	7187.79
244.66	7878.24
245.04	10431.77
245.41	16533.54
245.78	6143.91
246.16	6853.09
246.53	9043.83
246.90	7272.04
247.28	13043.81
247.65	7061.40
248.02	7258.00
248.40	10136.86
248.77	7691.00
249.14	8713.81
249.52	7145.66
249.89	8662.32
250.26	6216.46
250.64	7761.22
251.01	15873.51
251.38	5849.00
251.75	7337.58
252.13	6878.83
252.50	9256.82
252.87	13734.26
253.25	6029.22
253.62	8102.93
253.99	5884.11
254.36	9549.39
254.74	6640.10
255.11	6026.88
255.48	5832.62
255.85	14558.13
256.23	5802.19
256.60	5502.60
256.97	7063.74
257.34	8442.31
257.71	7749.51
258.09	6773.51
258.46	8074.85
258.83	11646.51
259.20	9984.73
259.58	7138.63
259.95	7400.77
260.32	9633.64
260.69	6153.27
261.06	11239.25
261.44	6155.61
261.81	13415.95
262.18	7964.84
262.55	6499.67
262.92	7513.12
263.29	6516.05
263.67	5881.77
264.04	6675.21
264.41	7098.84
264.78	6614.35
265.15	10558.16
265.52	12837.84
265.90	7623.12
266.27	6527.75
266.64	5907.51
267.01	5444.09
267.38	8287.84
267.75	6443.49
268.12	5437.06
268.50	7150.34
268.87	6455.20
269.24	6406.05
269.61	7852.50
269.98	8266.77
270.35	8042.08
270.72	6202.42
271.09	7047.35
271.46	6736.06
271.83	7875.90
272.21	9612.58
272.58	6179.01
272.95	6399.02
273.32	7204.17
273.69	7473.33
274.06	5650.05
274.43	6214.12
274.80	7152.68
275.17	8056.12
275.54	11723.74
275.91	7302.47
276.28	7489.71
276.65	7768.24
277.02	11445.22
277.39	6523.07
277.76	6349.87
278.13	8564.02
278.50	9071.92
278.87	10579.22
279.24	9376.19
279.61	8526.57
279.98	10115.80
280.35	6443.49
280.72	7665.25
281.09	7241.62
281.46	7470.99
281.83	6310.08
282.20	8025.70
282.57	6619.04
282.94	8191.88
283.31	6565.20
283.68	7852.50
284.05	5760.06
284.42	5371.53
284.79	7899.31
285.16	8610.83
285.53	7344.60
285.90	7449.93
286.27	15035.60
286.64	5650.05
287.01	6375.62
287.38	8669.34
287.75	59678.98
288.12	8751.26
288.49	16968.88
288.86	6022.20
289.23	6181.35
289.59	6375.62
289.96	6033.90
290.33	6558.18
290.70	6771.17
291.07	8615.51
291.44	7997.61
291.81	5996.45
292.18	7573.97
292.55	6897.56
292.91	12762.94
293.28	8423.59
293.65	11150.31
294.02	8063.15
294.39	5762.40
294.76	7126.93
295.13	7578.65
295.50	7192.47
295.86	7220.55
296.23	6558.18
296.60	5961.34
296.97	6539.46
297.34	7159.70
297.71	9050.85
298.07	7241.62
298.44	5387.91
298.81	8060.80
299.18	7494.40
299.55	10743.06
299.91	7073.10
300.28	7396.09
300.65	5521.32
301.02	7653.55
301.39	8355.71
301.75	13832.57
302.12	8166.13
302.49	7087.14
302.86	10654.12
303.23	7419.50
303.59	6061.99
303.96	17415.93
304.33	9813.87
304.70	15276.68
305.06	6651.80
305.43	10391.98
305.80	8362.73
306.17	9130.43
306.53	6413.07
306.90	9675.77
307.27	7426.52
307.64	10824.98
308.00	6607.33
308.37	6494.99
308.74	12339.30
309.11	9083.62
309.47	6326.47
309.84	5654.73
310.21	7279.07
310.57	7562.27
310.94	6719.68
311.31	7307.15
311.67	7964.84
312.04	5458.13
312.41	9928.55
312.77	8154.43
313.14	6305.40
313.51	7171.40
313.87	6672.87
314.24	6464.56
314.61	6555.84
314.97	6782.87
315.34	7295.45
315.71	5701.54
316.07	9249.80
316.44	5980.07
316.81	8987.66
317.17	6232.85
317.54	15749.46
317.91	6471.58
318.27	5528.35
318.64	7239.28
319.00	8973.61
319.37	5582.18
319.74	9589.17
320.10	9937.91
320.47	6668.19
320.83	11080.10
321.20	7215.87
321.57	5989.43
321.93	6614.35
322.30	7698.02
322.66	6244.55
323.03	8772.33
323.40	8234.00
323.76	6534.78
324.13	6494.99
324.49	5558.77
324.86	18941.96
325.22	7428.86
325.59	7094.16
325.95	8116.98
326.32	9577.47
326.68	9214.69
327.05	7176.08
327.42	6249.23
327.78	6583.93
328.15	9664.07
328.51	6621.38
328.88	8655.30
329.24	11459.26
329.61	7487.37
329.97	8821.48
330.34	6560.52
330.70	7456.95
331.07	10970.09
331.43	8889.35
331.80	13642.98
332.16	10415.38
332.52	6347.53
332.89	8407.20
333.25	5504.94
333.62	12613.15
333.98	6881.18
334.35	6991.18
334.71	7403.11
335.08	5951.98
335.44	12374.41
335.81	12276.11
336.17	10228.14
336.53	7353.96
336.90	6033.90
337.26	8472.74
337.63	9687.48
337.99	7868.88
338.36	5959.00
338.72	9053.19
339.08	7740.15
339.45	5926.24
339.81	9778.76
340.18	6946.71
340.54	10698.59
340.90	6422.43
341.27	7262.68
341.63	8547.64
341.99	5291.95
342.36	10611.99
342.72	6045.60
343.09	10761.78
343.45	6396.68
343.81	10829.66
344.18	5767.08
344.54	7068.42
344.90	7943.78
345.27	7403.11
345.63	7143.32
345.99	9055.53
346.36	7571.63
346.72	6015.18
347.08	6076.03
347.45	5577.50
347.81	10136.86
348.17	7700.36
348.54	5809.21
348.90	9331.72
349.26	9900.47
349.62	10920.94
349.99	5523.66
350.35	5523.66
350.71	8028.04
351.08	7073.10
351.44	5322.38
351.80	13755.33
352.16	11887.58
352.53	6244.55
352.89	8463.38
353.25	11510.75
353.61	6799.26
353.98	8767.65
354.34	10413.04
354.70	6644.78
355.06	5383.23
355.43	7520.14
355.79	6974.80
356.15	6906.92
356.51	6160.29
356.88	6162.63
357.24	6752.45
357.60	5628.99
357.96	5350.46
358.32	15782.23
358.69	5657.07
359.05	8152.09
359.41	7730.79
359.77	5856.02
360.13	6282.00
360.49	6204.76
360.86	9100.00
361.22	11515.44
361.58	7798.66
361.94	11241.59
362.30	5968.37
362.66	8620.19
363.03	5231.10
363.39	5376.21
363.75	6399.02
364.11	10143.88
364.47	6403.71
364.83	10822.64
365.19	7786.96
365.56	9165.54
365.92	5397.28
366.28	8816.80
366.64	10150.90
367.00	5589.20
367.36	5535.37
367.72	10293.68
368.08	9647.69
368.44	6677.55
368.80	8395.50
369.17	6724.36
369.53	7035.65
369.89	6202.42
370.25	6139.23
370.61	6305.40
370.97	11096.48
371.33	6464.56
371.69	13238.07
372.05	8538.27
372.41	6029.22
372.77	6729.04
373.13	7733.13
373.49	5254.50
373.85	8198.90
374.21	7763.56
374.57	5935.60
374.93	8891.70
375.29	9219.37
375.65	7634.83
376.01	7300.13
376.37	10394.32
376.73	8697.43
377.09	5827.93
377.45	10246.87
377.81	6984.16
378.17	6148.59
378.53	5235.78
378.89	8861.27
379.25	11262.66
379.61	14424.72
379.97	9521.30
380.33	6616.69
380.69	6249.23
381.05	5806.87
381.41	9380.87
381.77	7417.16
382.13	8856.59
382.49	15325.83
382.85	7698.02
383.21	9125.75
383.57	5474.51
383.93	10684.55
384.28	5259.18
384.64	6654.14
385.00	7555.25
385.36	7297.79
385.72	9233.41
386.08	6104.12
386.44	9160.86
386.80	9228.73
387.16	11098.82
387.52	9856.00
387.87	14050.24
388.23	8196.56
388.59	6347.53
388.95	5514.30
389.31	6820.32
389.67	6848.41
390.03	6516.05
390.38	6724.36
390.74	5235.78
391.10	9628.96
391.46	7887.61
391.82	6143.91
392.18	8521.89
392.54	5142.16
392.89	5710.91
393.25	8669.34
393.61	5802.19
393.97	5797.51
394.33	8156.77
394.68	6888.20
395.04	5586.86
395.40	7442.90
395.76	9383.21
396.12	7538.87
396.47	5874.74
396.83	7157.36
397.19	5675.80
397.55	5970.71
397.90	7445.24
398.26	7513.12
398.62	5837.30
398.98	4968.96
399.33	6904.58
399.69	25429.92
400.05	8439.97
400.41	5884.11
400.76	8884.67
401.12	10373.25
401.48	7936.76
401.84	6179.01
402.19	6478.60
402.55	7950.80
402.91	7178.42
403.26	5495.58
403.62	8498.49
403.98	7253.32
404.34	4903.42
404.69	7129.27
405.05	9149.15
405.41	14567.49
405.76	5940.28
406.12	6099.44
406.48	7077.78
406.83	6307.74
407.19	8531.25
407.55	8102.93
407.90	14427.06
408.26	8765.31
408.62	9455.76
408.97	7215.87
409.33	5645.37
409.68	5872.40
410.04	7744.83
410.40	6195.40
410.75	8383.80
411.11	5863.04
411.47	7852.50
411.82	6658.82
412.18	7363.33
412.53	6328.81
412.89	6392.00
413.25	6923.30
413.60	7332.90
413.96	5416.00
414.31	6452.86
414.67	7470.99
415.03	5341.10
415.38	5830.27
415.74	6492.65
416.09	6612.01
416.45	8798.07
416.80	6211.78
417.16	8791.05
417.51	6918.62
417.87	6588.61
418.23	8037.40
418.58	8383.80
418.94	5207.69
419.29	6143.91
419.65	7962.50
420.00	9095.32
420.36	8542.96
420.71	8423.59
421.07	5685.16
421.42	7265.02
421.78	9408.95
422.13	6829.68
422.49	5458.13
422.84	7417.16
423.20	5137.48
423.55	5774.10
423.91	5659.42
424.26	14363.87
424.61	8568.70
424.97	11693.32
425.32	6052.63
425.68	6909.26
426.03	8058.46
426.39	10352.19
426.74	10127.50
427.10	9507.26
427.45	6284.34
427.80	7953.14
428.16	7063.74
428.51	7040.33
428.87	7803.35
429.22	9621.94
429.58	10696.25
429.93	10434.11
430.28	6134.54
430.64	6310.08
430.99	5383.23
431.35	7681.64
431.70	6614.35
432.05	6953.73
432.41	8386.14
432.76	7918.03
433.11	8131.02
433.47	8004.63
433.82	11108.18
434.17	8248.05
434.53	8084.21
434.88	14670.48
435.24	7918.03
435.59	7452.27
435.94	5666.44
436.30	8538.27
436.65	6583.93
437.00	9689.82
437.35	16858.88
437.71	6874.15
438.06	6429.45
438.41	6317.11
438.77	8077.19
439.12	5378.55
439.47	4950.23
439.83	7925.05
440.18	5298.97
440.53	6590.95
440.88	12629.53
441.24	8702.11
441.59	5729.63
441.94	6457.54
442.30	8376.78
442.65	12945.50
443.00	7073.10
443.35	10586.24
443.71	6600.31
444.06	9778.76
444.41	8248.05
444.76	11683.95
445.11	7185.44
445.47	10609.65
445.82	9479.17
446.17	6012.84
446.52	10679.86
446.88	7499.08
447.23	5320.04
447.58	8098.25
447.93	6223.48
448.28	29972.90
448.63	11325.85
448.99	7084.80
449.34	8765.31
449.69	9142.13
450.04	6263.27
450.39	6361.58
450.74	7265.02
451.10	7042.67
451.45	7260.34
451.80	7744.83
452.15	10443.47
452.50	8287.84
452.85	10094.73
453.21	9249.80
453.56	7964.84
453.91	6913.94
454.26	7655.89
454.61	5895.81
454.96	8465.72
455.31	6913.94
455.66	6361.58
456.01	8234.00
456.36	6502.01
456.72	6059.65
457.07	7943.78
457.42	10476.24
457.77	9441.72
458.12	5912.19
458.47	7468.65
458.82	9886.42
459.17	7108.21
459.52	7405.46
459.87	12203.55
460.22	5912.19
460.57	7510.78
460.92	6317.11
461.27	8461.04
461.62	6876.49
461.97	5949.64
462.32	12407.18
462.67	11183.08
463.02	14071.30
463.38	13865.33
463.73	9048.51
464.08	12482.08
464.43	7925.05
464.78	5797.51
465.12	8423.59
465.47	8767.65
465.82	27807.90
466.17	6642.44
466.52	8779.35
466.87	6445.84
467.22	6090.07
467.57	5296.63
467.92	8112.30
468.27	11272.02
468.62	15447.54
468.97	6956.07
469.32	4835.55
469.67	16121.61
470.02	14555.79
470.37	6256.25
470.72	7815.05
471.07	5401.96
471.42	6808.62
471.76	6984.16
472.11	6766.49
472.46	8645.94
472.81	15314.13
473.16	6134.54
473.51	5947.30
473.86	5476.85
474.21	6731.38
474.56	6548.82
474.90	6480.94
475.25	9963.66
475.60	9130.43
475.95	6083.05
476.30	11445.22
476.65	10511.35
477.00	15726.06
477.34	11630.12
477.69	5771.76
478.04	9497.89
478.39	7466.31
478.74	6015.18
479.09	5366.85
479.43	7166.72
479.78	5097.69
480.13	12784.01
480.48	10415.38
480.83	7609.08
481.17	5453.45
481.52	7400.77
481.87	6853.09
482.22	12156.74
482.57	6862.45
482.91	9614.92
483.26	8140.38
483.61	6626.06
483.96	7709.72
484.30	65535.00
484.65	12594.42
485.00	6015.18
485.35	6937.35
485.69	6113.48
486.04	6642.44
486.39	7744.83
486.74	7681.64
487.08	5432.38
487.43	7978.89
487.78	5050.88
488.12	8400.18
488.47	6272.64
488.82	10974.77
489.17	5956.66
489.51	5191.31
489.86	8212.94
490.21	5390.25
490.55	7829.09
490.90	5460.47
491.25	6867.13
491.59	5605.58
491.94	13144.45
492.29	6560.52
492.63	7164.38
492.98	4994.70
493.33	7358.64
493.67	6321.79
494.02	5551.75
494.37	5596.22
494.71	8748.92
495.06	6349.87
495.40	10628.37
495.75	6153.27
496.10	10794.55
496.44	7213.53
496.79	8465.72
497.13	5970.71
497.48	14775.80
497.83	10764.12
498.17	8318.26
498.52	5497.92
498.86	8865.95
499.21	6860.11
499.56	6085.39
499.90	6675.21
500.25	5408.98
500.59	7150.34
500.94	8056.12
501.28	8802.75
501.63	10164.95
501.97	6820.32
502.32	5818.57
502.67	8023.36
503.01	5408.98
503.36	6473.92
503.70	6441.15
504.05	8636.58
504.39	9598.54
504.74	6782.87
505.08	11220.53
505.43	4725.54
505.77	5626.65
506.12	7538.87
506.46	6679.89
506.81	5954.32
507.15	5851.34
507.49	6565.20
507.84	5966.03
508.18	7859.52
508.53	7515.46
508.87	7234.60
509.22	6668.19
509.56	65535.00
509.91	19674.54
510.25	7297.79
510.60	5036.83
510.94	9261.50
511.28	5076.62
511.63	9671.09
511.97	7793.98
512.32	9191.28
512.66	5909.85
513.00	7131.61
513.35	9724.93
513.69	5996.45
514.04	8613.17
514.38	8990.00
514.72	7714.41
515.07	5856.02
515.41	5973.05
515.76	6101.78
516.10	7328.22
516.44	9153.84
516.79	6464.56
517.13	5465.15
517.47	9390.23
517.82	7719.09
518.16	6890.54
518.50	7456.95
518.85	7662.91
519.19	10516.03
519.53	13916.83
519.88	9125.75
520.22	6619.04
520.56	7133.95
520.91	5572.82
521.25	5837.30
521.59	7082.46
521.93	8002.29
522.28	6785.21
522.62	7683.98
522.96	9558.75
523.31	6839.05
523.65	8107.62
523.99	8767.65
524.33	12002.27
524.68	8381.46
525.02	5518.98
525.36	7866.54
525.70	5359.83
526.05	6167.31
526.39	5760.06
526.73	8650.62
527.07	7492.05
527.41	11112.86
527.76	5926.24
528.10	6841.39
528.44	8217.62
528.78	7075.44
529.12	8769.99
529.47	6551.16
529.81	9511.94
530.15	9586.83
530.49	8449.33
530.83	4943.21
531.18	5706.23
531.52	6738.40
531.86	5446.43
532.20	7218.21
532.54	9991.75
532.88	4933.85
533.22	6689.25
533.57	6347.53
533.91	9495.55
534.25	5652.39
534.59	11363.30
534.93	8931.48
535.27	5947.30
535.61	6832.02
535.95	11379.68
536.30	5462.81
536.64	7173.74
536.98	4767.67
537.32	6623.72
537.66	5247.48
538.00	8416.57
538.34	8456.36
538.68	8404.86
539.02	11871.20
539.36	6305.40
539.70	5437.06
540.04	6906.92
540.39	20507.77
540.73	5905.17
541.07	7171.40
541.41	7882.92
541.75	8060.80
542.09	10321.76
542.43	8173.15
542.77	7206.51
543.11	7791.64
543.45	7112.89
543.79	9638.33
544.13	6579.25
544.47	6736.06
544.81	5994.11
545.15	8608.49
545.49	6993.52
545.83	5762.40
546.17	6712.66
546.51	4702.14
546.85	6136.88
547.19	11452.24
547.53	5425.36
547.87	8905.74
548.21	12425.90
548.54	7410.14
548.88	6223.48
549.22	5968.37
549.56	5399.62
549.90	6209.44
550.24	7129.27
550.58	5977.73
550.92	10143.88
551.26	6516.05
551.60	11288.40
551.94	6684.57
552.28	6502.01
552.61	8594.45
552.95	6672.87
553.29	6333.49
553.63	7281.41
553.97	11646.51
554.31	9654.71
554.65	10663.48
554.99	10471.56
555.32	6445.84
555.66	8372.10
556.00	4748.95
556.34	6832.02
556.68	7353.96
557.02	9483.85
557.36	7506.10
557.69	6977.14
558.03	6244.55
558.37	13027.42
558.71	15389.02
559.05	10663.48
559.38	11784.60
559.72	5923.90
560.06	9104.68
560.40	8730.20
560.74	10132.18
561.07	8280.82
561.41	9263.84
561.75	8252.73
562.09	6267.95
562.42	9378.53
562.76	8533.59
563.10	7583.34
563.44	25123.31
563.77	7882.92
564.11	8458.70
564.45	10232.82
564.79	8231.66
565.12	7494.40
565.46	7623.12
565.80	7873.56
566.14	7721.43
566.47	9701.52
566.81	5926.24
567.15	7679.30
567.48	8058.46
567.82	8603.81
568.16	7899.31
568.49	5994.11
568.83	5554.09
569.17	7045.01
569.50	8100.59
569.84	11206.48
570.18	7960.16
570.51	11662.89
570.85	7068.42
571.19	6691.59
571.52	5970.71
571.86	7683.98
572.20	6712.66
572.53	11049.67
572.87	6038.58
573.21	5813.89
573.54	5636.01
573.88	7913.35
574.21	7623.12
574.55	7028.63
574.89	6429.45
575.22	9214.69
575.56	6298.38
575.89	6157.95
576.23	6825.00
576.57	8023.36
576.90	6059.65
577.24	7648.87
577.57	5799.85
577.91	7740.15
578.24	5254.50
578.58	6944.37
578.91	8475.08
579.25	6099.44
579.59	7316.51
579.92	6813.30
580.26	5537.71
580.59	8362.73
580.93	7995.27
581.26	6619.04
581.60	8126.34
581.93	8908.08
582.27	11597.35
582.60	5863.04
582.94	7595.04
583.27	5788.14
583.61	6862.45
583.94	7728.45
584.28	5305.99
584.61	6658.82
584.94	8479.76
585.28	8170.81
585.61	9109.36
585.95	8547.64
586.28	11822.05
586.62	13523.62
586.95	7105.87
587.29	12393.14
587.62	16067.78
587.95	5687.50
588.29	7662.91
588.62	8423.59
588.96	9614.92
589.29	6476.26
589.62	6408.39
589.96	6927.99
590.29	6417.75
590.63	5408.98
590.96	8856.59
591.29	9245.12
591.63	9874.72
591.96	5589.20
592.29	6684.57
592.63	6462.22
592.96	7808.03
593.30	12297.17
593.63	8025.70
593.96	5914.53
594.30	6471.58
594.63	7941.44
594.96	12081.85
595.30	7281.41
595.63	6619.04
595.96	6307.74
596.29	8067.83
596.63	6675.21
596.96	8950.21
597.29	8390.82
597.63	5252.16
597.96	10457.51
598.29	9982.38
598.63	9607.90
598.96	6087.73
599.29	6340.51
599.62	6260.93
599.96	6270.30
600.29	6808.62
600.62	5820.91
600.95	6537.12
601.29	6970.12
601.62	7981.23
601.95	7267.36
602.28	6291.36
602.61	21502.50
602.95	7311.83
603.28	12432.93
603.61	6134.54
603.94	9720.24
604.27	5865.38
604.61	8629.56
604.94	8212.94
605.27	7698.02
605.60	5797.51
605.93	6253.91
606.27	9390.23
606.60	6012.84
606.93	5437.06
607.26	11662.89
607.59	7145.66
607.92	10375.59
608.26	6251.57
608.59	6267.95
608.92	6862.45
609.25	5694.52
609.58	8114.64
609.91	8603.81
610.24	14090.02
610.57	8334.65
610.90	9827.91
611.24	5233.44
611.57	5371.53
611.90	9378.53
612.23	7173.74
612.56	9301.29
612.89	8882.33
613.22	9165.54
613.55	5458.13
613.88	9589.17
614.21	5940.28
614.54	8102.93
614.87	5956.66
615.20	5006.41
615.53	10141.54
615.87	6305.40
616.20	7414.82
616.53	10455.17
616.86	7068.42
617.19	8259.75
617.52	6319.45
617.85	6532.44
618.18	6155.61
618.51	6771.17
618.84	8685.73
619.17	7005.22
619.50	11131.59
619.83	10794.55
620.16	8699.77
620.49	6534.78
620.82	14415.36
621.14	10979.45
621.47	7740.15
621.80	10005.79
622.13	7613.76
622.46	15372.64
622.79	8758.28
623.12	5659.42
623.45	9591.52
623.78	8779.35
624.11	5989.43
624.44	7939.10
624.77	5724.95
625.10	6183.70
625.43	5734.31
625.75	7630.15
626.08	6125.18
626.41	5959.00
626.74	7227.57
627.07	6679.89
627.40	12659.96
627.73	6537.12
628.06	6118.16
628.38	4772.35
628.71	9067.24
629.04	10113.45
629.37	8919.78
629.70	7653.55
630.03	5991.77
630.36	9966.00
630.68	9181.92
631.01	6375.62
631.34	11318.83
631.67	6420.09
632.00	4999.38
632.32	9231.07
632.65	10380.28
632.98	7833.77
633.31	7054.37
633.64	9355.12
633.96	5947.30
634.29	11239.25
634.62	7616.10
634.95	7985.91
635.27	7613.76
635.60	8732.54
635.93	8140.38
636.26	8159.11
636.58	6621.38
636.91	6377.96
637.24	6207.10
637.57	7452.27
637.89	8669.34
638.22	6583.93
638.55	7440.56
638.87	7997.61
639.20	8915.10
639.53	8297.20
639.86	6387.32
640.18	5771.76
640.51	7702.70
640.84	7983.57
641.16	5605.58
641.49	7829.09
641.82	5706.23
642.14	5907.51
642.47	14927.94
642.80	7190.13
643.12	9547.05
643.45	7101.19
643.78	7421.84
644.10	6267.95
644.43	7197.15
644.75	10532.41
645.08	5327.06
645.41	8285.50
645.73	6043.26
646.06	15831.38
646.39	9401.93
646.71	6345.19
647.04	6012.84
647.36	5144.50
647.69	8798.07
648.01	7768.24
648.34	6291.36
648.67	9958.98
648.99	10766.46
649.32	6277.32
649.64	5509.62
649.97	4865.97
650.29	5575.16
650.62	15047.30
650.94	7522.48
651.27	11431.18
651.59	7236.94
651.92	6230.51
652.25	8039.74
652.57	5781.12
652.90	5989.43
653.22	7978.89
653.55	7798.66
653.87	5149.18
654.20	7461.63
654.52	11398.41
654.84	7089.48
655.17	8517.21
655.49	11775.24
655.82	6677.55
656.14	7803.35
656.47	8723.18
656.79	11918.01
657.12	6782.87
657.44	6649.46
657.77	9114.05
658.09	7714.41
658.41	6841.39
658.74	8819.14
659.06	5600.90
659.39	7101.19
659.71	6326.47
660.03	7274.38
660.36	6832.02
660.68	10174.31
661.01	13832.57
661.33	10944.34
661.65	6466.90
661.98	14277.27
662.30	10949.03
662.63	7339.92
662.95	6827.34
663.27	6441.15
663.60	5750.70
663.92	7087.14
664.24	7220.55
664.57	5933.26
664.89	6307.74
665.21	6354.55
665.54	9968.34
665.86	7375.03
666.18	7733.13
666.51	10644.76
666.83	6661.16
667.15	15550.52
667.47	9951.96
667.80	8765.31
668.12	6335.83
668.44	7691.00
668.77	9111.71
669.09	10670.50
669.41	9284.91
669.73	5444.09
670.06	7377.37
670.38	6897.56
670.70	5430.04
671.02	8425.93
671.35	6478.60
671.67	10913.92
671.99	6970.12
672.31	10483.26
672.63	8044.42
672.96	11564.59
673.28	6614.35
673.60	7681.64
673.92	7508.44
674.24	6003.47
674.57	6256.25
674.89	10200.05
675.21	7007.56
675.53	9444.06
675.85	10253.89
676.17	10328.78
676.50	5991.77
676.82	10162.61
677.14	7634.83
677.46	15187.74
677.78	5408.98
678.10	9888.76
678.42	7250.98
678.75	6352.21
679.07	5914.53
679.39	7400.77
679.71	6700.95
680.03	6483.28
680.35	6619.04
680.67	6689.25
680.99	6057.31
681.31	5509.62
681.63	8355.71
681.96	10623.69
682.28	6558.18
682.60	5998.79
682.92	8823.82
683.24	5621.97
683.56	9039.15
683.88	6380.30
684.20	7101.19
684.52	6516.05
684.84	6572.22
685.16	6782.87
685.48	9329.38
685.80	8013.99
686.12	9004.04
686.44	12219.94
686.76	7190.13
687.08	5364.51
687.40	5923.90
687.72	9671.09
688.04	6841.39
688.36	14827.29
688.68	11508.41
689.00	8308.90
689.32	6977.14
689.64	6544.14
689.96	7133.95
690.28	9907.49
690.60	10579.22
690.92	6434.13
691.24	8737.22
691.56	6953.73
691.88	7122.25
692.19	6022.20
692.51	9406.61
692.83	8344.01
693.15	9390.23
693.47	8336.99
693.79	7688.66
694.11	9769.40
694.43	8180.17
694.75	7126.93
695.06	7634.83
695.38	10516.03
695.70	7527.16
696.02	7667.60
696.34	6691.59
696.66	6684.57
696.98	5249.82
697.29	7538.87
697.61	11583.31
697.93	10242.18
698.25	14429.40
698.57	8271.45
698.89	5652.39
699.20	7033.31
699.52	11255.64
699.84	5146.84
700.16	7218.21
700.48	10925.62
700.79	5975.39
701.11	12383.77
701.43	9633.64
701.75	6359.24
702.07	6977.14
702.38	12327.60
702.70	6338.17
703.02	6111.14
703.34	9088.30
703.65	7735.47
703.97	6951.39
704.29	5109.39
704.61	5804.53
704.92	9488.53
705.24	6883.52
705.56	9797.48
705.87	10406.02
706.19	7286.09
706.51	5369.19
706.82	10356.87
707.14	6150.93
707.46	5401.96
707.78	5970.71
708.09	8748.92
708.41	10029.20
708.73	7838.45
709.04	10614.33
709.36	6913.94
709.68	7255.66
709.99	13937.89
710.31	10853.06
710.62	7573.97
710.94	6825.00
711.26	8278.47
711.57	6731.38
711.89	5769.42
712.21	16072.46
712.52	7431.20
712.84	10918.60
713.15	7960.16
713.47	9533.00
713.79	5827.93
714.10	6534.78
714.42	6991.18
714.73	11279.04
715.05	5652.39
715.36	6001.13
715.68	6157.95
715.99	6843.73
716.31	9994.09
716.63	8847.22
716.94	9767.06
717.26	20470.33
717.57	9673.43
717.89	11922.69
718.20	6331.15
718.52	8840.20
718.83	7208.85
719.15	15482.64
719.46	14899.85
719.78	8035.06
720.09	7272.04
720.41	6148.59
720.72	5781.12
721.04	5963.68
721.35	7150.34
721.67	7124.59
721.98	6923.30
722.29	6764.15
722.61	6377.96
722.92	5219.39
723.24	7131.61
723.55	7756.54
723.87	8182.51
724.18	9083.62
724.50	5870.06
724.81	7176.08
725.12	7335.24
725.44	8634.24
725.75	7740.15
726.07	11213.51
726.38	8674.03
726.69	7002.88
727.01	9130.43
727.32	9240.44
727.63	6679.89
727.95	11117.54
728.26	6527.75
728.58	9275.54
728.89	6700.95
729.20	7368.01
729.52	6085.39
729.83	14214.07
730.14	8894.04
730.46	7372.69
730.77	10314.74
731.08	8891.70
731.39	7019.27
731.71	7365.67
732.02	9469.81
732.33	7311.83
732.65	6890.54
732.96	11131.59
733.27	9806.84
733.59	14927.94
733.90	10352.19
734.21	6026.88
734.52	7037.99
734.84	17792.75
735.15	6825.00
735.46	6946.71
735.77	7611.42
736.09	7508.44
736.40	11632.46
736.71	9406.61
737.02	5722.61
737.33	6822.66
737.65	7066.08
737.96	7812.71
738.27	8135.70
738.58	13802.14
738.89	9071.92
739.21	6511.37
739.52	5322.38
739.83	8854.25
740.14	6298.38
740.45	7590.36
740.76	6670.53
741.08	5804.53
741.39	7293.11
741.70	6684.57
742.01	8168.47
742.32	10396.66
742.63	8142.72
742.94	6424.77
743.26	9013.40
743.57	8533.59
743.88	9652.37
744.19	8154.43
744.50	7080.12
744.81	13064.87
745.12	7363.33
745.43	7375.03
745.74	15932.03
746.05	13076.57
746.36	5322.38
746.67	12802.73
746.99	7171.40
747.30	8631.90
747.61	6684.57
747.92	7915.69
748.23	10546.45
748.54	7197.15
748.85	7112.89
749.16	7824.41
749.47	6127.52
749.78	6745.42
750.09	6647.12
750.40	8435.29
750.71	7985.91
751.02	8711.47
751.33	7325.88
751.64	8358.05
751.95	7449.93
752.26	8975.95
752.57	8978.30
752.88	6946.71
753.19	7583.34
753.50	10953.71
753.81	7325.88
754.11	7768.24
754.42	17589.13
754.73	7758.88
755.04	8292.52
755.35	8084.21
755.66	14483.24
755.97	6029.22
756.28	6141.57
756.59	9100.00
756.90	17605.51
757.21	8451.67
757.52	11822.05
757.82	8367.42
758.13	6626.06
758.44	10190.69
758.75	9100.00
759.06	6637.76
759.37	6127.52
759.68	8327.63
759.98	6698.61
760.29	8905.74
760.60	8161.45
760.91	5678.14
761.22	7335.24
761.53	7826.75
761.83	6490.31
762.14	7723.77
762.45	6661.16
762.76	5781.12
763.07	8629.56
763.37	16891.65
763.68	11887.58
763.99	13729.58
764.30	12315.90
764.60	6619.04
764.91	10450.49
765.22	7929.74
765.53	13973.00
765.84	8159.11
766.14	7304.81
766.45	5708.57
766.76	11672.25
767.06	12540.59
767.37	7105.87
767.68	7585.68
767.99	7269.70
768.29	6698.61
768.60	7559.93
768.91	10576.88
769.21	13788.10
769.52	11370.32
769.83	7541.21
770.13	7588.02
770.44	7180.76
770.75	9324.69
771.05	7840.79
771.36	9329.38
771.67	8009.31
771.97	7000.54
772.28	7262.68
772.59	8074.85
772.89	9717.90
773.20	6581.59
773.51	6600.31
773.81	12372.07
774.12	6071.35
774.42	7749.51
774.73	6377.96
775.04	6466.90
775.34	22651.70
775.65	8922.12
775.95	13209.98
776.26	8624.87
776.56	6909.26
776.87	8622.53
777.18	59671.96
777.48	12964.23
777.79	7950.80
778.09	11400.75
778.40	7019.27
778.70	7068.42
779.01	11356.28
779.31	7894.63
779.62	7091.82
779.92	9217.03
780.23	9153.84
780.53	5951.98
780.84	7478.01
781.14	6848.41
781.45	6895.22
781.75	9820.89
782.06	6506.69
782.36	8444.65
782.67	6239.87
782.97	6520.73
783.28	13848.95
783.58	6977.14
783.89	6944.37
784.19	8908.08
784.49	13406.59
784.80	7463.97
785.10	13717.88
785.41	6338.17
785.71	8992.34
786.02	8807.44
786.32	14761.76
786.62	9659.39
786.93	12346.33
787.23	6862.45
787.54	7105.87
787.84	13359.78
788.14	8978.30
788.45	5930.92
788.75	7403.11
789.05	6083.05
789.36	7440.56
789.66	14396.64
789.96	9727.27
790.27	7859.52
790.57	7751.85
790.87	6296.04
791.18	6796.92
791.48	6485.62
791.78	8748.92
792.09	9214.69
792.39	6651.80
792.69	10033.88
793.00	9713.22
793.30	9165.54
793.60	6012.84
793.90	5631.33
794.21	8786.37
794.51	17558.70
794.81	11246.27
795.11	7712.07
795.42	6670.53
795.72	11791.62
796.02	9540.02
796.32	8868.29
796.63	8926.80
796.93	10682.20
797.23	9619.60
797.53	8180.17
797.84	10960.73
798.14	6483.28
798.44	8493.80
798.74	8940.85
799.04	8510.19
799.34	6188.38
799.65	16706.74
799.95	8161.45
800.25	7337.58
800.55	7089.48
800.85	8386.14
801.15	6567.54
801.46	7578.65
801.76	18574.49
802.06	6883.52
802.36	9666.41
802.66	7082.46
802.96	9638.33
803.26	11311.81
803.56	13680.43
803.87	16950.16
804.17	7536.52
804.47	10115.80
804.77	11002.86
805.07	11204.14
805.37	10059.62
805.67	9500.23
805.97	7255.66
806.27	7609.08
806.57	7045.01
806.87	12269.09
807.17	8449.33
807.47	12013.97
807.77	11534.16
808.07	7176.08
808.37	12006.95
808.67	8018.68
808.98	16058.42
809.28	7215.87
809.58	16594.40
809.88	10817.96
810.18	15311.78
810.47	7529.50
810.77	7592.70
811.07	9703.86
811.37	8879.99
811.67	6558.18
811.97	5610.26
812.27	6289.02
812.57	5799.85
812.87	6656.48
813.17	6712.66
813.47	6672.87
813.77	7162.04
814.07	6942.03
814.37	10286.65
814.67	6649.46
814.97	7616.10
815.27	6494.99
815.56	8992.34
815.86	11796.30
816.16	8269.11
816.46	6061.99
816.76	6619.04
817.06	10583.90
817.36	12767.62
817.66	7932.08
817.95	6277.32
818.25	8713.81
818.55	10349.85
818.85	9848.97
819.15	7089.48
819.45	13565.74
819.75	7644.19
820.04	7630.15
820.34	16470.35
820.64	10202.40
820.94	13174.88
821.24	7302.47
821.53	7304.81
821.83	6780.53
822.13	6146.25
822.43	7328.22
822.72	5849.00
823.02	6752.45
823.32	6265.61
823.62	8383.80
823.91	15335.19
824.21	5973.05
824.51	8596.79
824.81	7286.09
825.10	5921.56
825.40	9593.86
825.70	7861.86
826.00	13029.76
826.29	6944.37
826.59	8528.91
826.89	7180.76
827.18	6600.31
827.48	6628.40
827.78	6132.20
828.07	7880.58
828.37	9542.36
828.67	8554.66
828.96	7936.76
829.26	6569.88
829.56	11070.73
829.85	6644.78
830.15	8500.83
830.45	5973.05
830.74	12872.95
831.04	9647.69
831.34	10569.86
831.63	14312.38
831.93	9940.26
832.22	9678.12
832.52	7751.85
832.82	6162.63
833.11	6211.78
833.41	6464.56
833.70	7138.63
834.00	10731.36
834.29	8044.42
834.59	5874.74
834.89	8791.05
835.18	7213.53
835.48	13483.83
835.77	9331.72
836.07	9633.64
836.36	9364.48
836.66	10611.99
836.95	7534.18
837.25	6745.42
837.54	7581.00
837.84	6911.60
838.13	8205.92
838.43	6553.50
838.72	14235.14
839.02	11098.82
839.31	6523.07
839.61	10832.00
839.90	5830.27
840.20	7906.33
840.49	6136.88
840.78	8589.77
841.08	9411.29
841.37	7002.88
841.67	5949.64
841.96	9217.03
842.26	8299.54
842.55	5886.45
842.84	6256.25
843.14	10289.00
843.43	5874.74
843.73	7653.55
844.02	5916.87
844.31	7403.11
844.61	6967.77
844.90	8664.66
845.20	7868.88
845.49	5526.00
845.78	7045.01
846.08	6251.57
846.37	5139.82
846.66	8800.41
846.96	9434.70
847.25	8613.17
847.54	5856.02
847.84	9125.75
848.13	7473.33
848.42	10022.17
848.72	6588.61
849.01	9334.06
849.30	6707.98
849.59	6363.92
849.89	6581.59
850.18	12821.45
850.47	6228.17
850.76	16814.41
851.06	15143.27
851.35	8741.90
851.64	10045.58
851.93	8044.42
852.23	11059.03
852.52	7030.97
852.81	6881.18
853.10	6607.33
853.40	5554.09
853.69	5619.63
853.98	7655.89
854.27	10057.28
854.56	6825.00
854.86	9027.45
855.15	7932.08
855.44	8219.96
855.73	5610.26
856.02	6649.46
856.31	10019.83
856.61	8437.63
856.90	7009.90
857.19	6059.65
857.48	5844.32
857.77	6083.05
858.06	5057.90
858.35	5799.85
858.65	11812.68
858.94	9589.17
859.23	7461.63
859.52	9462.79
859.81	12311.22
860.10	6665.85
860.39	9514.28
860.68	7838.45
860.97	6235.19
861.26	6476.26
861.55	12304.20
861.85	7838.45
862.14	9523.64
862.43	9991.75
862.72	7686.32
863.01	5694.52
863.30	7047.35
863.59	7548.23
863.88	7417.16
864.17	7529.50
864.46	6274.98
864.75	15002.83
865.04	7829.09
865.33	6115.82
865.62	11063.71
865.91	6846.07
866.20	9128.09
866.49	6911.60
866.78	7206.51
867.07	6853.09
867.36	10384.96
867.65	10164.95
867.93	9046.17
868.22	7630.15
868.51	7215.87
868.80	7810.37
869.09	7246.30
869.38	6443.49
869.67	12908.05
869.96	12908.05
870.25	12908.05
