178.76	1781.15
179.14	1781.15
179.52	1781.15
179.90	1755.40
180.28	10771.15
180.66	6162.63
181.04	8292.52
181.42	7403.11
181.80	6150.93
182.18	10827.32
182.55	5731.97
182.93	7199.49
183.31	7049.69
183.69	7941.44
184.07	8187.19
184.45	6930.33
184.83	7229.91
185.21	6663.51
185.59	6794.58
185.97	16201.19
186.35	11878.22
186.72	6967.77
187.10	7157.36
187.48	11632.46
187.86	9114.05
188.24	6651.80
188.62	6279.66
189.00	10963.07
189.38	7985.91
189.75	7414.82
190.13	7911.01
190.51	6347.53
190.89	14958.36
191.27	21113.97
191.65	6953.73
192.03	7866.54
192.40	10099.41
192.78	7442.90
193.16	8615.51
193.54	12105.25
193.92	10810.93
194.30	6642.44
194.67	9542.36
195.05	8414.23
195.43	7211.19
195.81	6946.71
196.19	10621.35
196.56	7726.11
196.94	7283.75
197.32	11606.72
197.70	6560.52
198.08	8580.40
198.45	6705.63
198.83	7585.68
199.21	6707.98
199.59	12226.96
199.97	8084.21
200.34	5792.83
200.72	6616.69
201.10	13935.55
201.48	9944.94
201.85	6333.49
202.23	6979.48
202.61	6932.67
202.99	40566.16
203.36	6799.26
203.74	9029.79
204.12	7087.14
204.49	6553.50
204.87	8924.46
205.25	6949.05
205.63	5738.99
206.00	6476.26
206.38	7918.03
206.76	9500.23
207.14	6700.95
207.51	5881.77
207.89	10785.19
208.27	6305.40
208.64	5504.94
209.02	6642.44
209.40	7108.21
209.77	5661.76
210.15	13294.24
210.53	5788.14
210.90	11229.89
211.28	6279.66
211.66	11932.05
212.03	6574.56
212.41	5778.78
212.79	7115.23
213.16	5921.56
213.54	7705.04
213.92	7932.08
214.29	5530.69
214.67	6719.68
215.05	6839.05
215.42	9467.47
215.80	6757.13
216.17	6689.25
216.55	7761.22
216.93	5795.17
217.30	8910.42
217.68	6427.11
218.05	6679.89
218.43	6410.73
218.81	6761.81
219.18	11112.86
219.56	6679.89
219.93	6530.09
220.31	6567.54
220.69	5998.79
221.06	6186.04
221.44	7559.93
221.81	6235.19
222.19	5701.54
222.56	6141.57
222.94	6839.05
223.32	7775.26
223.69	6279.66
224.07	8915.10
224.44	12585.06
224.82	7527.16
225.19	8458.70
225.57	7545.89
225.94	6794.58
226.32	7337.58
226.69	12145.04
227.07	8449.33
227.44	6616.69
227.82	7901.65
228.19	7101.19
228.57	8573.38
228.94	11543.52
229.32	9558.75
229.69	8887.01
230.07	6745.42
230.44	6258.59
230.82	10904.56
231.19	9378.53
231.57	5474.51
231.94	5809.21
232.32	9179.58
232.69	7073.10
233.07	7428.86
233.44	8262.09
233.82	6956.07
234.19	7447.58
234.57	10092.39
234.94	6356.90
235.31	6853.09
235.69	7033.31
236.06	7527.16
236.44	8652.96
236.81	5891.13
237.19	7941.44
237.56	11578.63
237.93	6363.92
238.31	7478.01
238.68	6972.46
239.06	7609.08
239.43	8828.50
239.81	8088.89
240.18	6057.31
240.55	6263.27
240.93	13041.46
241.30	7669.94
241.67	7145.66
242.05	8704.45
242.42	9383.21
242.80	5820.91
243.17	7763.56
243.54	7936.76
243.92	9427.68
244.29	6995.86
244.66	7602.06
245.04	10094.73
245.41	16130.97
245.78	5923.90
246.16	6888.20
246.53	8882.33
246.90	6930.33
247.28	12884.65
247.65	6988.84
248.02	7138.63
248.40	9966.00
248.77	7585.68
249.14	8493.80
249.52	6909.26
249.89	8322.94
250.26	6183.70
250.64	7417.16
251.01	15257.95
251.38	5708.57
251.75	7309.49
252.13	6651.80
252.50	8961.91
252.87	13327.01
253.25	5916.87
253.62	7845.48
253.99	5696.86
254.36	9359.80
254.74	6670.53
255.11	6157.95
255.48	5605.58
255.85	14080.66
256.23	5762.40
256.60	5528.35
256.97	6857.77
257.34	8018.68
257.71	7468.65
258.09	6937.35
258.46	7915.69
258.83	11328.19
259.20	9825.57
259.58	7040.33
259.95	7375.03
260.32	9399.59
260.69	6148.59
261.06	10897.53
261.44	6345.19
261.81	13453.40
262.18	7829.09
262.55	6408.39
262.92	7393.75
263.29	6572.22
263.67	5778.78
264.04	6682.23
264.41	7040.33
264.78	6572.22
265.15	10333.47
265.52	12388.46
265.90	7573.97
266.27	6504.35
266.64	5788.14
267.01	5547.07
267.38	7908.67
267.75	6083.05
268.12	5341.10
268.50	7112.89
268.87	6492.65
269.24	6258.59
269.61	7822.07
269.98	8346.35
270.35	7967.18
270.72	6160.29
271.09	7054.37
271.46	6684.57
271.83	7934.42
272.21	9289.59
272.58	6125.18
272.95	6572.22
273.32	7351.62
273.69	7274.38
274.06	5778.78
274.43	6274.98
274.80	6977.14
275.17	8002.29
275.54	17743.60
275.91	7599.72
276.28	7492.05
276.65	7866.54
277.02	11056.69
277.39	6228.17
277.76	6413.07
278.13	8465.72
278.50	8779.35
278.87	10698.59
279.24	9392.57
279.61	8755.94
279.98	9771.74
280.35	6623.72
280.72	7705.04
281.09	7468.65
281.46	7660.57
281.83	6338.17
282.20	8013.99
282.57	6715.00
282.94	8276.13
283.31	6616.69
283.68	8063.15
284.05	5886.45
284.42	5483.88
284.79	7997.61
285.16	8786.37
285.53	7342.26
285.90	7508.44
286.27	14998.15
286.64	5746.02
287.01	6492.65
287.38	8681.05
287.75	58557.86
288.12	8652.96
288.49	16613.12
288.86	6272.64
289.23	6415.41
289.59	6389.66
289.96	6181.35
290.33	6595.63
290.70	6780.53
291.07	8596.79
291.44	8046.76
291.81	6162.63
292.18	7438.22
292.55	6920.96
292.91	12940.82
293.28	8500.83
293.65	11035.63
294.02	8051.44
294.39	5942.62
294.76	7215.87
295.13	7655.89
295.50	7199.49
295.86	7407.80
296.23	6839.05
296.60	6249.23
296.97	6839.05
297.34	7239.28
297.71	9092.98
298.07	7461.63
298.44	5678.14
298.81	8205.92
299.18	7482.69
299.55	10768.80
299.91	7173.74
300.28	7513.12
300.65	5621.97
301.02	7866.54
301.39	8329.97
301.75	13628.94
302.12	8519.55
302.49	7372.69
302.86	10647.10
303.23	7625.47
303.59	6193.06
303.96	17458.06
304.33	9830.25
304.70	15164.33
305.06	6782.87
305.43	10452.83
305.80	8439.97
306.17	9341.08
306.53	6445.84
306.90	9460.45
307.27	7723.77
307.64	10752.42
308.00	6745.42
308.37	6548.82
308.74	12446.97
309.11	9280.22
309.47	6600.31
309.84	5888.79
310.21	7424.18
310.57	7648.87
310.94	6953.73
311.31	7552.91
311.67	7857.18
312.04	5755.38
312.41	10071.33
312.77	8191.88
313.14	6590.95
313.51	7318.86
313.87	6768.83
314.24	6619.04
314.61	6499.67
314.97	6836.70
315.34	7456.95
315.71	5816.23
316.07	9355.12
316.44	6045.60
316.81	9018.08
317.17	6296.04
317.54	15435.83
317.91	6607.33
318.27	5645.37
318.64	7136.29
319.00	8964.25
319.37	5621.97
319.74	9427.68
320.10	9757.69
320.47	6817.98
320.83	10888.17
321.20	6998.20
321.57	6115.82
321.93	6696.27
322.30	7707.38
322.66	6476.26
323.03	9043.83
323.40	8021.02
323.76	6537.12
324.13	6340.51
324.49	5607.92
324.86	18735.99
325.22	7588.02
325.59	7126.93
325.95	7918.03
326.32	9528.32
326.68	9153.84
327.05	7002.88
327.42	6157.95
327.78	6516.05
328.15	9525.98
328.51	6492.65
328.88	8521.89
329.24	11314.15
329.61	7155.02
329.97	8650.62
330.34	6604.99
330.70	7683.98
331.07	10597.95
331.43	8760.63
331.80	13263.82
332.16	10223.46
332.52	6230.51
332.89	8259.75
333.25	5490.90
333.62	12545.27
333.98	7440.56
334.35	6974.80
334.71	7590.36
335.08	5959.00
335.44	12042.06
335.81	12109.93
336.17	10146.22
336.53	7171.40
336.90	6010.50
337.26	8596.79
337.63	9451.08
337.99	7733.13
338.36	5994.11
338.72	9069.58
339.08	7473.33
339.45	5888.79
339.81	9430.02
340.18	6733.72
340.54	10429.43
340.90	6438.81
341.27	6878.83
341.63	8367.42
341.99	5390.25
342.36	10239.84
342.72	5893.47
343.09	10429.43
343.45	6328.81
343.81	10626.03
344.18	5607.92
344.54	7133.95
344.90	7843.14
345.27	7356.30
345.63	6906.92
345.99	8933.82
346.36	7473.33
346.72	5963.68
347.08	6160.29
347.45	5542.39
347.81	9949.62
348.17	7754.19
348.54	5685.16
348.90	9125.75
349.26	9781.10
349.62	10817.96
349.99	5479.19
350.35	5188.97
350.71	7845.48
351.08	7307.15
351.44	5331.74
351.80	13394.89
352.16	11508.41
352.53	6125.18
352.89	8159.11
353.25	10986.47
353.61	6614.35
353.98	8620.19
354.34	10071.33
354.70	6389.66
355.06	5327.06
355.43	7152.68
355.79	6726.70
356.15	6637.76
356.51	5954.32
356.88	6097.10
357.24	6925.65
357.60	5528.35
357.96	5203.01
358.32	15417.11
358.69	5474.51
359.05	7906.33
359.41	7475.67
359.77	5799.85
360.13	6239.87
360.49	5996.45
360.86	8950.21
361.22	11201.80
361.58	7775.26
361.94	10934.98
362.30	5860.70
362.66	8315.92
363.03	5219.39
363.39	5238.12
363.75	6218.80
364.11	10132.18
364.47	6396.68
364.83	10574.54
365.19	7662.91
365.56	8901.06
365.92	5305.99
366.28	8718.50
366.64	9905.15
367.00	5383.23
367.36	5561.11
367.72	10073.67
368.08	9298.95
368.44	6452.86
368.80	8161.45
369.17	6443.49
369.53	6612.01
369.89	5956.66
370.25	5951.98
370.61	6277.32
370.97	10698.59
371.33	6523.07
371.69	12688.04
372.05	8383.80
372.41	5837.30
372.77	6567.54
373.13	7550.57
373.49	5137.48
373.85	8023.36
374.21	7456.95
374.57	5893.47
374.93	8674.03
375.29	9268.52
375.65	7538.87
376.01	7218.21
376.37	10223.46
376.73	8674.03
377.09	5694.52
377.45	9785.78
377.81	6719.68
378.17	6017.52
378.53	5172.58
378.89	8386.14
379.25	10937.32
379.61	14029.17
379.97	9334.06
380.33	6413.07
380.69	6230.51
381.05	5554.09
381.41	9043.83
381.77	7225.23
382.13	8718.50
382.49	14764.10
382.85	7365.67
383.21	8798.07
383.57	5453.45
383.93	10370.91
384.28	5226.42
384.64	6567.54
385.00	7695.68
385.36	7255.66
385.72	9081.28
386.08	5867.72
386.44	8889.35
386.80	8980.64
387.16	12383.77
387.52	9598.54
387.87	13532.98
388.23	7920.37
388.59	6218.80
388.95	5467.49
389.31	6677.55
389.67	6675.21
390.03	6237.53
390.38	6424.77
390.74	5160.88
391.10	9415.98
391.46	7534.18
391.82	5994.11
392.18	8292.52
392.54	4964.28
392.89	5612.60
393.25	8285.50
393.61	5689.84
393.97	5678.14
394.33	7683.98
394.68	7133.95
395.04	5423.02
395.40	7363.33
395.76	9020.42
396.12	7475.67
396.47	5881.77
396.83	6916.28
397.19	5682.82
397.55	5738.99
397.90	7302.47
398.26	7342.26
398.62	5636.01
398.98	4940.87
399.33	6691.59
399.69	25158.42
400.05	8147.40
400.41	5923.90
400.76	8748.92
401.12	9937.91
401.48	7964.84
401.84	6040.92
402.19	6333.49
402.55	7831.43
402.91	7073.10
403.26	5233.44
403.62	8301.88
403.98	7007.56
404.34	4873.00
404.69	6871.81
405.05	8966.59
405.41	13743.63
405.76	5912.19
406.12	5888.79
406.48	6808.62
406.83	6164.97
407.19	8367.42
407.55	7817.39
407.90	13965.98
408.26	8362.73
408.62	9170.22
408.97	7073.10
409.33	5413.66
409.68	5818.57
410.04	7651.21
410.40	5991.77
410.75	8177.83
411.11	5652.39
411.47	7630.15
411.82	6761.81
412.18	7187.79
412.53	6604.99
412.89	6225.82
413.25	6729.04
413.60	7066.08
413.96	5219.39
414.31	6338.17
414.67	7314.17
415.03	5256.84
415.38	5617.29
415.74	6310.08
416.09	6410.73
416.45	8292.52
416.80	6076.03
417.16	8456.36
417.51	6892.88
417.87	6361.58
418.23	7826.75
418.58	7978.89
418.94	5100.03
419.29	6143.91
419.65	7644.19
420.00	8615.51
420.36	8124.00
420.71	8032.72
421.07	5441.75
421.42	7180.76
421.78	9088.30
422.13	6558.18
422.49	5568.13
422.84	7145.66
423.20	5273.23
423.55	5570.48
423.91	5486.22
424.26	13748.31
424.61	8128.68
424.97	11391.39
425.32	5895.81
425.68	6635.42
426.03	7648.87
426.39	10244.52
426.74	9886.42
427.10	9465.13
427.45	6164.97
427.80	7683.98
428.16	6822.66
428.51	6953.73
428.87	7566.95
429.22	9451.08
429.58	10134.52
429.93	10171.97
430.28	6164.97
430.64	5989.43
430.99	5266.21
431.35	7653.55
431.70	6544.14
432.05	6754.79
432.41	8257.41
432.76	7728.45
433.11	7957.82
433.47	7712.07
433.82	10471.56
434.17	8086.55
434.53	9020.42
434.88	13895.76
435.24	7625.47
435.59	7363.33
435.94	5687.50
436.30	8351.03
436.65	6476.26
437.00	9511.94
437.35	16290.13
437.71	6548.82
438.06	6237.53
438.41	6150.93
438.77	7744.83
439.12	5301.31
439.47	4807.46
439.83	7669.94
440.18	5305.99
440.53	6504.35
440.88	12159.08
441.24	8552.32
441.59	5582.18
441.94	6558.18
442.30	8369.76
442.65	12446.97
443.00	6927.99
443.35	10441.13
443.71	6857.77
444.06	9603.22
444.41	7826.75
444.76	11419.47
445.11	7126.93
445.47	10157.92
445.82	9025.11
446.17	5872.40
446.52	10312.40
446.88	7258.00
447.23	5137.48
447.58	7698.02
447.93	6036.24
448.28	29631.18
448.63	10726.68
448.99	6890.54
449.34	8367.42
449.69	8903.40
450.04	6373.28
450.39	6239.87
450.74	7037.99
451.10	6937.35
451.45	7070.76
451.80	7709.72
452.15	10045.58
452.50	8201.24
452.85	9846.63
453.21	8999.36
453.56	7719.09
453.91	6799.26
454.26	7290.77
454.61	5738.99
454.96	8423.59
455.31	6726.70
455.66	6363.92
456.01	8177.83
456.36	6307.74
456.72	5865.38
457.07	7765.90
457.42	10181.33
457.77	9217.03
458.12	5767.08
458.47	7232.26
458.82	9750.67
459.17	7110.55
459.52	7208.85
459.87	11798.64
460.22	5542.39
460.57	7152.68
460.92	6066.67
461.27	8152.09
461.62	6710.32
461.97	5886.45
462.32	11981.20
462.67	10633.05
463.02	13397.23
463.38	13261.48
463.73	8772.33
464.08	12283.13
464.43	7508.44
464.78	5638.35
465.12	8107.62
465.47	8475.08
465.82	27372.57
466.17	6537.12
466.52	8643.60
466.87	6382.64
467.22	5933.26
467.57	5116.41
467.92	7740.15
468.27	11087.12
468.62	14941.98
468.97	6782.87
469.32	4910.44
469.67	15751.81
470.02	14195.35
470.37	6106.46
470.72	7541.21
471.07	5345.78
471.42	6726.70
471.76	6789.89
472.11	6588.61
472.46	8482.10
472.81	14972.41
473.16	5963.68
473.51	6073.69
473.86	5401.96
474.21	6677.55
474.56	6518.39
474.90	6260.93
475.25	9675.77
475.60	8812.12
475.95	5961.34
476.30	11119.89
476.65	10232.82
477.00	15152.63
477.34	11147.97
477.69	5650.05
478.04	9217.03
478.39	7398.43
478.74	5888.79
479.09	5284.93
479.43	7101.19
479.78	4985.34
480.13	12524.21
480.48	10253.89
480.83	7353.96
481.17	5444.09
481.52	7077.78
481.87	6450.52
482.22	11962.48
482.57	6764.15
482.91	9273.20
483.26	7988.25
483.61	6462.22
483.96	7545.89
484.30	65535.00
484.65	11730.76
485.00	5853.68
485.35	6682.23
485.69	5956.66
486.04	6597.97
486.39	7796.32
486.74	7613.76
487.08	5322.38
487.43	7964.84
487.78	5036.83
488.12	8205.92
488.47	6106.46
488.82	10382.62
489.17	5804.53
489.51	5165.56
489.86	8023.36
490.21	5109.39
490.55	7618.44
490.90	5315.36
491.25	6136.88
491.59	5437.06
491.94	12788.69
492.29	6384.98
492.63	6956.07
492.98	4798.10
493.33	7377.37
493.67	6289.02
494.02	5544.73
494.37	5685.16
494.71	8313.58
495.06	6228.17
495.40	10476.24
495.75	5966.03
496.10	10333.47
496.44	6883.52
496.79	8367.42
497.13	6008.16
497.48	14251.52
497.83	10134.52
498.17	8344.01
498.52	6090.07
498.86	8669.34
499.21	6640.10
499.56	5968.37
499.90	6494.99
500.25	5247.48
500.59	7009.90
500.94	7604.40
501.28	8468.06
501.63	9834.93
501.97	6413.07
502.32	5827.93
502.67	7744.83
503.01	5327.06
503.36	6375.62
503.70	6223.48
504.05	8510.19
504.39	9200.65
504.74	6668.19
505.08	10881.15
505.43	4793.42
505.77	5380.89
506.12	7438.22
506.46	6504.35
506.81	5872.40
507.15	5778.78
507.49	6445.84
507.84	5771.76
508.18	7545.89
508.53	7403.11
508.87	7033.31
509.22	6590.95
509.56	65535.00
509.91	19241.54
510.25	7138.63
510.60	5048.54
510.94	8929.14
511.28	4884.70
511.63	9355.12
511.97	7765.90
512.32	8985.32
512.66	5888.79
513.00	7185.44
513.35	9462.79
513.69	5790.49
514.04	8393.16
514.38	8844.88
514.72	7578.65
515.07	5907.51
515.41	5781.12
515.76	5860.70
516.10	7761.22
516.44	9029.79
516.79	6200.08
517.13	5387.91
517.47	9139.79
517.82	7375.03
518.16	6647.12
518.50	7215.87
518.85	7442.90
519.19	10281.97
519.53	13387.86
519.88	8812.12
520.22	6450.52
520.56	7070.76
520.91	5469.83
521.25	5596.22
521.59	6799.26
521.93	7679.30
522.28	6668.19
522.62	7346.94
522.96	9071.92
523.31	6654.14
523.65	7875.90
523.99	8709.13
524.33	11449.90
524.68	8217.62
525.02	5425.36
525.36	7918.03
525.70	5184.29
526.05	6157.95
526.39	5659.42
526.73	8603.81
527.07	7279.07
527.41	10541.77
527.76	5738.99
528.10	6459.88
528.44	7819.73
528.78	6876.49
529.12	8624.87
529.47	6546.48
529.81	9219.37
530.15	9256.82
530.49	8351.03
530.83	5062.58
531.18	5586.86
531.52	6693.93
531.86	5387.91
532.20	7094.16
532.54	9479.17
532.88	4919.81
533.22	6555.84
533.57	7218.21
533.91	9549.39
534.25	5397.28
534.59	10972.43
534.93	8685.73
535.27	5825.59
535.61	6663.51
535.95	10747.74
536.30	8919.78
536.64	6965.43
536.98	4692.77
537.32	6441.15
537.66	5025.13
538.00	8145.06
538.34	8344.01
538.68	8362.73
539.02	11602.04
539.36	6291.36
539.70	5329.40
540.04	11953.12
540.39	20056.05
540.73	5727.29
541.07	7000.54
541.41	7637.17
541.75	7644.19
542.09	10178.99
542.43	7868.88
542.77	6848.41
543.11	7616.10
543.45	6923.30
543.79	9434.70
544.13	6389.66
544.47	6572.22
544.81	5781.12
545.15	8318.26
545.49	6899.90
545.83	5757.72
546.17	6485.62
546.51	4849.59
546.85	6104.12
547.19	11068.39
547.53	5362.17
547.87	8444.65
548.21	11990.56
548.54	7183.10
548.88	6167.31
549.22	5898.15
549.56	5287.27
549.90	6038.58
550.24	6930.33
550.58	5771.76
550.92	9823.23
551.26	6366.26
551.60	10740.72
551.94	6111.14
552.28	6413.07
552.61	8072.51
552.95	6396.68
553.29	6036.24
553.63	7199.49
553.97	11190.10
554.31	9289.59
554.65	10455.17
554.99	10246.87
555.32	6293.70
555.66	8198.90
556.00	4800.44
556.34	6707.98
556.68	7419.50
557.02	9294.27
557.36	7232.26
557.69	6862.45
558.03	6197.74
558.37	12835.50
558.71	14670.48
559.05	10312.40
559.38	11316.49
559.72	6200.08
560.06	8793.39
560.40	8367.42
560.74	9657.05
561.07	8042.08
561.41	9102.34
561.75	8011.65
562.09	6221.14
562.42	9048.51
562.76	8446.99
563.10	7239.28
563.44	24453.92
563.77	7625.47
564.11	8229.32
564.45	9888.76
564.79	8091.23
565.12	7346.94
565.46	7475.67
565.80	7768.24
566.14	7698.02
566.47	9238.09
566.81	5762.40
567.15	7489.71
567.48	8046.76
567.82	8390.82
568.16	7194.81
568.49	6010.50
568.83	5427.70
569.17	7030.97
569.50	7946.12
569.84	10846.04
570.18	7927.39
570.51	11351.60
570.85	6794.58
571.19	6548.82
571.52	5841.98
571.86	9305.97
572.20	6473.92
572.53	10808.59
572.87	5987.09
573.21	5792.83
573.54	5577.50
573.88	7667.60
574.21	7311.83
574.55	6927.99
574.89	9867.70
575.22	8954.89
575.56	6167.31
575.89	6167.31
576.23	6551.16
576.57	8058.46
576.90	5959.00
577.24	7489.71
577.57	5490.90
577.91	7592.70
578.24	5233.44
578.58	6871.81
578.91	8189.53
579.25	5930.92
579.59	7370.35
579.92	6878.83
580.26	5399.62
580.59	7854.84
580.93	7864.20
581.26	6532.44
581.60	8074.85
581.93	8477.42
582.27	11133.93
582.60	5811.55
582.94	7522.48
583.27	5472.17
583.61	6656.48
583.94	7520.14
584.28	5280.25
584.61	6558.18
584.94	8201.24
585.28	8161.45
585.61	8699.77
585.95	8479.76
586.28	11726.08
586.62	13235.73
586.95	7021.61
587.29	12070.14
587.62	15578.61
587.95	5654.73
588.29	7438.22
588.62	8418.91
588.96	9266.18
589.29	6335.83
589.62	6148.59
589.96	6647.12
590.29	6331.15
590.63	5397.28
590.96	8795.73
591.29	9151.49
591.63	9781.10
591.96	5736.65
592.29	6684.57
592.63	6380.30
592.96	7859.52
593.30	11557.57
593.63	7714.41
593.96	5942.62
594.30	6399.02
594.63	7906.33
594.96	12802.73
595.30	7005.22
595.63	6576.91
595.96	6132.20
596.29	7990.59
596.63	6544.14
596.96	8779.35
597.29	8131.02
597.63	5240.46
597.96	10083.03
598.29	9668.75
598.63	9516.62
598.96	5963.68
599.29	6282.00
599.62	6167.31
599.96	6263.27
600.29	6918.62
600.62	5727.29
600.95	6494.99
601.29	6890.54
601.62	7838.45
601.95	6906.92
602.28	6132.20
602.61	20582.67
602.95	7192.47
603.28	12177.81
603.61	6015.18
603.94	9575.13
604.27	5930.92
604.61	8409.54
604.94	8046.76
605.27	7597.38
605.60	5654.73
605.93	6263.27
606.27	9214.69
606.60	6820.32
606.93	5523.66
607.26	11274.36
607.59	7108.21
607.92	9710.88
608.26	6408.39
608.59	6284.34
608.92	6682.23
609.25	5769.42
609.58	7716.75
609.91	8262.09
610.24	13525.96
610.57	8149.75
610.90	9682.80
611.24	5174.92
611.57	5327.06
611.90	8861.27
612.23	6956.07
612.56	9008.72
612.89	8566.36
613.22	8975.95
613.55	5453.45
613.88	9528.32
614.21	5919.21
614.54	7913.35
614.87	5827.93
615.20	4858.95
615.53	10134.52
615.87	6162.63
616.20	7253.32
616.53	10340.49
616.86	7164.38
617.19	8107.62
617.52	6317.11
617.85	6389.66
618.18	5977.73
618.51	6705.63
618.84	8461.04
619.17	6651.80
619.50	10799.23
619.83	10260.91
620.16	8507.85
620.49	6342.85
620.82	14384.93
621.14	10611.99
621.47	7599.72
621.80	9853.66
622.13	7368.01
622.46	14623.67
622.79	8664.66
623.12	5724.95
623.45	9554.07
623.78	8606.15
624.11	5806.87
624.44	7850.16
624.77	6122.84
625.10	6033.90
625.43	5717.93
625.75	7393.75
626.08	6010.50
626.41	5872.40
626.74	7082.46
627.07	6417.75
627.40	12367.39
627.73	6518.39
628.06	5858.36
628.38	4858.95
628.71	8762.97
629.04	9935.57
629.37	8807.44
629.70	7456.95
630.03	6012.84
630.36	9659.39
630.68	9078.94
631.01	6342.85
631.34	10958.39
631.67	6312.42
632.00	4905.76
632.32	9048.51
632.65	10157.92
632.98	7719.09
633.31	7178.42
633.64	9163.20
633.96	5795.17
634.29	10820.30
634.62	7368.01
634.95	7719.09
635.27	7639.51
635.60	8437.63
635.93	8013.99
636.26	7908.67
636.58	6445.84
636.91	6335.83
637.24	6125.18
637.57	7360.98
637.89	8341.67
638.22	6408.39
638.55	7302.47
638.87	7852.50
639.20	8769.99
639.53	8559.34
639.86	6431.79
640.18	5961.34
640.51	7442.90
640.84	7878.24
641.16	5755.38
641.49	7651.21
641.82	5724.95
642.14	5839.64
642.47	14001.08
642.80	7096.50
643.12	9518.96
643.45	7016.93
643.78	7316.51
644.10	6136.88
644.43	7215.87
644.75	10480.92
645.08	5303.65
645.41	8290.18
645.73	5916.87
646.06	15367.96
646.39	9277.88
646.71	6310.08
647.04	5949.64
647.36	5160.88
647.69	8566.36
648.01	7459.29
648.34	6125.18
648.67	9970.68
648.99	10375.59
649.32	6059.65
649.64	5621.97
649.97	4744.27
650.29	5572.82
650.62	14700.90
650.94	7309.49
651.27	11206.48
651.59	7096.50
651.92	6284.34
652.25	7950.80
652.57	5729.63
652.90	6045.60
653.22	7576.31
653.55	7590.36
653.87	4973.64
654.20	7463.97
654.52	11140.95
654.84	6864.79
655.17	8379.12
655.49	11517.78
655.82	6555.84
656.14	7637.17
656.47	11143.29
656.79	11850.13
657.12	6682.23
657.44	6565.20
657.77	8870.63
658.09	7538.87
658.41	6787.55
658.74	8538.27
659.06	5624.31
659.39	6918.62
659.71	6471.58
660.03	7206.51
660.36	6686.91
660.68	10237.50
661.01	13516.59
661.33	10647.10
661.65	6314.77
661.98	13933.21
662.30	13528.30
662.63	7302.47
662.95	6724.36
663.27	6108.80
663.60	5722.61
663.92	6981.82
664.24	6930.33
664.57	5891.13
664.89	6122.84
665.21	6382.64
665.54	9614.92
665.86	7365.67
666.18	7665.25
666.51	10384.96
666.83	6487.96
667.15	15197.10
667.47	9867.70
667.80	8346.35
668.12	6218.80
668.44	7520.14
668.77	8784.03
669.09	10277.29
669.41	9025.11
669.73	5399.62
670.06	7229.91
670.38	6719.68
670.70	5458.13
671.02	8264.43
671.35	6492.65
671.67	10506.66
671.99	6745.42
672.31	10286.65
672.63	7911.01
672.96	11211.17
673.28	6396.68
673.60	7339.92
673.92	7279.07
674.24	5980.07
674.57	6066.67
674.89	9921.53
675.21	7108.21
675.53	8978.30
675.85	10050.26
676.17	10071.33
676.50	6057.31
676.82	10099.41
677.14	7609.08
677.46	14637.71
677.78	5490.90
678.10	9650.03
678.42	6918.62
678.75	6413.07
679.07	5692.18
679.39	7133.95
679.71	6459.88
680.03	6368.60
680.35	6298.38
680.67	6696.27
680.99	6125.18
681.31	5549.41
681.63	8306.56
681.96	10214.10
682.28	6457.54
682.60	5947.30
682.92	8585.08
683.24	5287.27
683.56	8690.41
683.88	6272.64
684.20	6836.70
684.52	6551.16
684.84	6384.98
685.16	6499.67
685.48	8975.95
685.80	7796.32
686.12	9160.86
686.44	12042.06
686.76	7005.22
687.08	5364.51
687.40	5921.56
687.72	9268.52
688.04	6153.27
688.36	14504.30
688.68	11162.01
689.00	7901.65
689.32	6780.53
689.64	6462.22
689.96	6949.05
690.28	9692.16
690.60	10178.99
690.92	6246.89
691.24	8535.93
691.56	6860.11
691.88	6902.24
692.19	5834.96
692.51	9327.03
692.83	8084.21
693.15	9057.87
693.47	8133.36
693.79	7431.20
694.11	9696.84
694.43	7840.79
694.75	7030.97
695.06	7723.77
695.38	10106.43
695.70	7358.64
696.02	7499.08
696.34	6555.84
696.66	6368.60
696.98	5149.18
697.29	7052.03
697.61	11218.19
697.93	10001.11
698.25	14022.15
698.57	8058.46
698.89	5413.66
699.20	6935.01
699.52	11044.99
699.84	5088.32
700.16	7157.36
700.48	10661.14
700.79	5926.24
701.11	11796.30
701.43	9474.49
701.75	6202.42
702.07	6820.32
702.38	11948.43
702.70	6143.91
703.02	5853.68
703.34	8702.11
703.65	7620.78
703.97	6621.38
704.29	5291.95
704.61	5975.39
704.92	9137.45
705.24	6757.13
705.56	9444.06
705.87	9860.68
706.19	7173.74
706.51	5291.95
706.82	10143.88
707.14	5907.51
707.46	5301.31
707.78	5867.72
708.09	8545.30
708.41	9722.59
708.73	7693.34
709.04	10127.50
709.36	6656.48
709.68	7138.63
709.99	13308.29
710.31	10555.82
710.62	7330.56
710.94	6602.65
711.26	8093.57
711.57	6740.74
711.89	5738.99
712.21	15145.61
712.52	7272.04
712.84	10654.12
713.15	7712.07
713.47	9406.61
713.79	5659.42
714.10	6244.55
714.42	6902.24
714.73	10925.62
715.05	5462.81
715.36	5893.47
715.68	7782.28
715.99	6771.17
716.31	9762.37
716.63	8500.83
716.94	9521.30
717.26	19751.78
717.57	9219.37
717.89	11548.20
718.20	6237.53
718.52	9476.83
718.83	7087.14
719.15	14764.10
719.46	14300.67
719.78	7772.92
720.09	7023.95
720.41	6078.37
720.72	5783.46
721.04	5809.21
721.35	7047.35
721.67	6897.56
721.98	6729.04
722.29	6417.75
722.61	6188.38
722.92	5107.05
723.24	6946.71
723.55	7470.99
723.87	7761.22
724.18	8709.13
724.50	5687.50
724.81	7066.08
725.12	7300.13
725.44	8236.35
725.75	7543.55
726.07	10551.14
726.38	8402.52
726.69	6722.02
727.01	8819.14
727.32	9366.82
727.63	6654.14
727.95	10874.13
728.26	6420.09
728.58	8784.03
728.89	6516.05
729.20	7171.40
729.52	5874.74
729.83	13687.45
730.14	8592.11
730.46	7248.64
730.77	9930.89
731.08	8697.43
731.39	6794.58
731.71	7269.70
732.02	9032.13
732.33	7255.66
732.65	6658.82
732.96	10836.68
733.27	9371.50
733.59	14459.83
733.90	9926.21
734.21	5741.33
734.52	6951.39
734.84	16961.86
735.15	6581.59
735.46	6813.30
735.77	7515.46
736.09	7297.79
736.40	10902.22
736.71	9102.34
737.02	5612.60
737.33	6698.61
737.65	6296.04
737.96	7438.22
738.27	7815.05
738.58	13575.11
738.89	8692.75
739.21	6352.21
739.52	5125.77
739.83	8753.60
740.14	6181.35
740.45	7485.03
740.76	6633.08
741.08	5617.29
741.39	7052.03
741.70	6663.51
742.01	7976.55
742.32	10120.48
742.63	7763.56
742.94	6054.97
743.26	8706.79
743.57	8189.53
743.88	9261.50
744.19	8063.15
744.50	6932.67
744.81	12641.23
745.12	7087.14
745.43	7140.97
745.74	15580.95
746.05	11786.94
746.36	5249.82
746.67	12365.05
746.99	6839.05
747.30	8446.99
747.61	6513.71
747.92	7882.92
748.23	10265.59
748.54	6853.09
748.85	6902.24
749.16	7536.52
749.47	6017.52
749.78	6548.82
750.09	6761.81
750.40	8170.81
750.71	7824.41
751.02	8547.64
751.33	7180.76
751.64	8166.13
751.95	7246.30
752.26	8781.69
752.57	8877.65
752.88	6696.27
753.19	7473.33
753.50	10548.79
753.81	6766.49
754.11	7262.68
754.42	17144.42
754.73	7618.44
755.04	8046.76
755.35	7784.62
755.66	13752.99
755.97	5914.53
756.28	5977.73
756.59	8758.28
756.90	17535.29
757.21	8241.03
757.52	11272.02
757.82	8360.39
758.13	6464.56
758.44	9771.74
758.75	8568.70
759.06	6387.32
759.37	6087.73
759.68	7911.01
759.98	6478.60
760.29	8723.18
760.60	7843.14
760.91	5521.32
761.22	7225.23
761.53	7679.30
761.83	6235.19
762.14	7644.19
762.45	6548.82
762.76	5626.65
763.07	8325.29
763.37	16259.70
763.68	11463.94
763.99	13064.87
764.30	11681.61
764.60	6621.38
764.91	10171.97
765.22	7737.81
765.53	13518.93
765.84	8018.68
766.14	7131.61
766.45	5570.48
766.76	11187.76
767.06	11953.12
767.37	7110.55
767.68	7494.40
767.99	7052.03
768.29	6494.99
768.60	7363.33
768.91	10139.20
769.21	13177.22
769.52	11199.46
769.83	7269.70
770.13	7358.64
770.44	6860.11
770.75	8982.98
771.05	7520.14
771.36	9085.96
771.67	7735.47
771.97	6825.00
772.28	7059.06
772.59	7669.94
772.89	9745.99
773.20	6480.94
773.51	6504.35
773.81	11995.25
774.12	5951.98
774.42	7243.96
774.73	6111.14
775.04	6169.65
775.34	21385.47
775.65	8622.53
775.95	12704.43
776.26	8308.90
776.56	6597.97
776.87	8461.04
777.18	63613.42
777.48	12416.54
777.79	7695.68
778.09	11159.67
778.40	6942.03
778.70	6862.45
779.01	10942.00
779.31	7744.83
779.62	6836.70
779.92	9109.36
780.23	8910.42
780.53	5729.63
780.84	7178.42
781.14	6574.56
781.45	6588.61
781.75	9385.55
782.06	6420.09
782.36	8280.82
782.67	6134.54
782.97	6314.77
783.28	13336.37
783.58	6745.42
783.89	6628.40
784.19	8713.81
784.49	12774.64
784.80	7157.36
785.10	12952.52
785.41	6003.47
785.71	8664.66
786.02	8402.52
786.32	14183.65
786.62	9245.12
786.93	12074.82
787.23	6778.19
787.54	7091.82
787.84	12477.40
788.14	8477.42
788.45	8875.31
788.75	7637.17
789.05	5926.24
789.36	7269.70
789.66	13930.87
789.96	9224.05
790.27	7569.29
790.57	7421.84
790.87	6319.45
791.18	6499.67
791.48	6270.30
791.78	8482.10
792.09	8936.17
792.39	6452.86
792.69	9598.54
793.00	8603.81
793.30	9092.98
793.60	5926.24
793.90	5497.92
794.21	8446.99
794.51	16957.18
794.81	10857.75
795.11	7552.91
795.42	6527.75
795.72	11775.24
796.02	9341.08
796.32	8421.25
796.63	8641.26
796.93	10169.63
797.23	9142.13
797.53	8107.62
797.84	10565.18
798.14	6396.68
798.44	8297.20
798.74	8861.27
799.04	8414.23
799.34	5944.96
799.65	15922.66
799.95	7903.99
800.25	7265.02
800.55	6815.64
800.85	8194.22
801.15	6310.08
801.46	7375.03
801.76	18038.51
802.06	6771.17
802.36	8315.92
802.66	6705.63
802.96	9479.17
803.26	10874.13
803.56	13067.21
803.87	16442.26
804.17	7510.78
804.47	9825.57
804.77	10658.80
805.07	10803.91
805.37	9654.71
805.67	9228.73
805.97	7171.40
806.27	7386.73
806.57	6832.02
806.87	11761.19
807.17	8102.93
807.47	11620.76
807.77	11040.31
808.07	7016.93
808.37	11653.53
808.67	8013.99
808.98	15435.83
809.28	7094.16
809.58	15985.86
809.88	10490.28
810.18	14658.78
810.47	7250.98
810.77	7325.88
811.07	9521.30
811.37	8608.49
811.67	6169.65
811.97	5406.64
812.27	6141.57
812.57	5516.64
812.87	6544.14
813.17	6434.13
813.47	6403.71
813.77	6888.20
814.07	6672.87
814.37	9888.76
814.67	6396.68
814.97	7384.39
815.27	6244.55
815.56	8894.04
815.86	11414.79
816.16	8208.26
816.46	5888.79
816.76	6593.29
817.06	10441.13
817.36	12613.15
817.66	7662.91
817.95	6115.82
818.25	8283.16
818.55	10118.14
818.85	9500.23
819.15	6862.45
819.45	13151.47
819.75	7499.08
820.04	7386.73
820.34	15995.22
820.64	10005.79
820.94	12657.62
821.24	6981.82
821.53	7623.12
821.83	6590.95
822.13	6001.13
822.43	7112.89
822.72	5734.31
823.02	6565.20
823.32	6284.34
823.62	8030.38
823.91	14857.72
824.21	5893.47
824.51	8400.18
824.81	6832.02
825.10	5617.29
825.40	9331.72
825.70	7756.54
826.00	12416.54
826.29	6623.72
826.59	8315.92
826.89	7059.06
827.18	6258.59
827.48	6527.75
827.78	6179.01
828.07	7562.27
828.37	9336.40
828.67	8308.90
828.96	7627.81
829.26	6513.71
829.56	10485.60
829.85	6569.88
830.15	8332.31
830.45	5832.62
830.74	12465.69
831.04	9500.23
831.34	10256.23
831.63	13432.33
831.93	9912.17
832.22	9380.87
832.52	7555.25
832.82	5963.68
833.11	5968.37
833.41	6216.46
833.70	6686.91
834.00	10431.77
834.29	7623.12
834.59	5757.72
834.89	8540.61
835.18	7019.27
835.48	12978.27
835.77	9069.58
836.07	9060.21
836.36	9083.62
836.66	10246.87
836.95	7407.80
837.25	6413.07
837.54	8739.56
837.84	6803.94
838.13	8004.63
838.43	6312.42
838.72	13628.94
839.02	10789.87
839.31	6492.65
839.61	10483.26
839.90	5741.33
840.20	7723.77
840.49	5921.56
840.78	8304.22
841.08	9156.18
841.37	6715.00
841.67	5858.36
841.96	8847.22
842.26	8124.00
842.55	5619.63
842.84	6256.25
843.14	9867.70
843.43	5886.45
843.73	7480.35
844.02	5731.97
844.31	7140.97
844.61	6696.27
844.90	8262.09
845.20	7829.09
845.49	5287.27
845.78	6839.05
846.08	5966.03
846.37	5004.07
846.66	8479.76
846.96	8931.48
847.25	8276.13
847.54	5722.61
847.84	8814.46
848.13	7157.36
848.42	9851.31
848.72	6317.11
849.01	8872.97
849.30	6478.60
849.59	6221.14
849.89	6326.47
850.18	12292.49
850.47	6076.03
850.76	18183.62
851.06	14464.51
851.35	8514.87
851.64	9659.39
851.93	7796.32
852.23	10843.70
852.52	6864.79
852.81	6768.83
853.10	7321.20
853.40	5392.59
853.69	5530.69
853.98	7346.94
854.27	9603.22
854.56	6691.59
854.86	8606.15
855.15	7517.80
855.44	8135.70
855.73	5401.96
856.02	6609.67
856.31	9327.03
856.61	8231.66
856.90	6710.32
857.19	5923.90
857.48	5769.42
857.77	5951.98
858.06	5053.22
858.35	5771.76
858.65	11370.32
858.94	9181.92
859.23	6970.12
859.52	9053.19
859.81	11824.39
860.10	6483.28
860.39	9226.39
860.68	7588.02
860.97	5937.94
861.26	6242.21
861.55	11913.33
861.85	7550.57
862.14	9137.45
862.43	9654.71
862.72	7892.29
863.01	5579.84
863.30	6745.42
863.59	7384.39
863.88	7258.00
864.17	7229.91
864.46	6256.25
864.75	14244.50
865.04	7761.22
865.33	5872.40
865.62	10750.08
865.91	6363.92
866.20	8599.13
866.49	6743.08
866.78	6888.20
867.07	6691.59
867.36	10068.98
867.65	11618.42
867.93	8999.36
868.22	7316.51
868.51	7176.08
868.80	7691.00
869.09	6935.01
869.38	6078.37
869.67	12624.85
869.96	12624.85
870.25	12624.85
