178.76	1607.95
179.14	1607.95
179.52	1607.95
179.90	1687.53
180.28	11576.29
180.66	6296.04
181.04	10005.79
181.42	7784.62
181.80	6579.25
182.18	11637.14
182.55	6005.81
182.93	7676.96
183.31	7433.54
183.69	8131.02
184.07	8638.92
184.45	7288.43
184.83	7646.53
185.21	6658.82
185.59	7040.33
185.97	17310.60
186.35	12685.70
186.72	7180.76
187.10	7726.11
187.48	12332.28
187.86	9504.92
188.24	6757.13
188.62	6298.38
189.00	11480.33
189.38	8358.05
189.75	8212.94
190.13	8332.31
190.51	6511.37
190.89	15964.79
191.27	22174.24
191.65	7323.54
192.03	8259.75
192.40	10855.40
192.78	7927.39
193.16	9287.25
193.54	12992.31
193.92	11428.84
194.30	6913.94
194.67	9933.23
195.05	8746.58
195.43	7686.32
195.81	7274.38
196.19	11159.67
196.56	8292.52
196.94	7852.50
197.32	12397.82
197.70	6855.43
198.08	8994.68
198.45	7030.97
198.83	7976.55
199.21	7080.12
199.59	12945.50
199.97	8571.04
200.34	6106.46
200.72	6902.24
201.10	14902.19
201.48	10232.82
201.85	6487.96
202.23	7117.57
202.61	6794.58
202.99	17053.14
203.36	6850.75
203.74	9406.61
204.12	7445.24
204.49	6600.31
204.87	9132.77
205.25	7353.96
205.63	5823.25
206.00	6682.23
206.38	8212.94
206.76	10054.94
207.14	6722.02
207.51	6204.76
207.89	11407.77
208.27	6626.06
208.64	5497.92
209.02	6981.82
209.40	7405.46
209.77	5804.53
210.15	16954.84
210.53	6064.33
210.90	12063.12
211.28	6232.85
211.66	12655.28
212.03	6593.29
212.41	6052.63
212.79	7456.95
213.16	6047.94
213.54	7971.86
213.92	8138.04
214.29	5832.62
214.67	6698.61
215.05	7183.10
215.42	9919.19
215.80	7103.53
216.17	6888.20
216.55	8074.85
216.93	6054.97
217.30	9437.04
217.68	6633.08
218.05	6946.71
218.43	6810.96
218.81	6867.13
219.18	11784.60
219.56	6988.84
219.93	6883.52
220.31	6717.34
220.69	6066.67
221.06	6394.34
221.44	8060.80
221.81	6583.93
222.19	5949.64
222.56	6406.05
222.94	7108.21
223.32	7819.73
223.69	6363.92
224.07	9268.52
224.44	10399.00
224.82	7838.45
225.19	8896.38
225.57	7906.33
225.94	6883.52
226.32	7597.38
226.69	12908.05
227.07	9046.17
227.44	7016.93
227.82	8381.46
228.19	7428.86
228.57	9071.92
228.94	12402.50
229.32	10092.39
229.69	9350.44
230.07	7012.24
230.44	6485.62
230.82	11328.19
231.19	9916.85
231.57	5874.74
231.94	5933.26
232.32	15915.64
232.69	7487.37
233.07	7899.31
233.44	7124.59
233.82	7293.11
234.19	7669.94
234.57	10789.87
234.94	6693.93
235.31	7052.03
235.69	7585.68
236.06	7861.86
236.44	8954.89
236.81	6232.85
237.19	8367.42
237.56	12187.17
237.93	6670.53
238.31	8065.49
238.68	7110.55
239.06	8056.12
239.43	9343.42
239.81	8500.83
240.18	6127.52
240.55	6544.14
240.93	13387.86
241.30	8278.47
241.67	7351.62
242.05	8879.99
242.42	9977.70
242.80	6101.78
243.17	8128.68
243.54	7903.99
243.92	9863.02
244.29	7344.60
244.66	7859.52
245.04	10614.33
245.41	17116.34
245.78	6253.91
246.16	7096.50
246.53	9165.54
246.90	7396.09
247.28	13980.02
247.65	7215.87
248.02	7459.29
248.40	10338.15
248.77	7894.63
249.14	8727.86
249.52	7222.89
249.89	8968.93
250.26	6494.99
250.64	7927.39
251.01	16091.18
251.38	5977.73
251.75	7581.00
252.13	7077.78
252.50	9600.88
252.87	13954.27
253.25	6282.00
253.62	8308.90
253.99	6054.97
254.36	9853.66
254.74	6909.26
255.11	6303.06
255.48	5654.73
255.85	15143.27
256.23	5827.93
256.60	5460.47
256.97	7225.23
257.34	8535.93
257.71	8093.57
258.09	6993.52
258.46	8002.29
258.83	12067.80
259.20	10274.95
259.58	7339.92
259.95	7772.92
260.32	9731.95
260.69	6115.82
261.06	12002.27
261.44	6434.13
261.81	13633.62
262.18	8145.06
262.55	6635.42
262.92	7599.72
263.29	6775.85
263.67	6026.88
264.04	6850.75
264.41	7091.82
264.78	6750.10
265.15	10981.79
265.52	13125.72
265.90	7840.79
266.27	6595.63
266.64	5956.66
267.01	5689.84
267.38	8526.57
267.75	6520.73
268.12	5495.58
268.50	7258.00
268.87	6647.12
269.24	6169.65
269.61	8056.12
269.98	8559.34
270.35	8381.46
270.72	6363.92
271.09	7178.42
271.46	6960.75
271.83	8222.30
272.21	9738.97
272.58	6197.74
272.95	6576.91
273.32	7672.28
273.69	7637.17
274.06	5905.17
274.43	6504.35
274.80	7339.92
275.17	8135.70
275.54	16121.61
275.91	7634.83
276.28	7644.19
276.65	7918.03
277.02	11756.51
277.39	6434.13
277.76	6539.46
278.13	8781.69
278.50	9156.18
278.87	10738.38
279.24	9547.05
279.61	8842.54
279.98	11915.67
280.35	6607.33
280.72	7749.51
281.09	7325.88
281.46	7700.36
281.83	6324.13
282.20	8322.94
282.57	6890.54
282.94	8505.51
283.31	6885.86
283.68	8234.00
284.05	5839.64
284.42	5605.58
284.79	7934.42
285.16	8837.86
285.53	7634.83
285.90	7686.32
286.27	15424.13
286.64	5888.79
287.01	6476.26
287.38	8805.10
287.75	60093.25
288.12	8805.10
288.49	17696.79
288.86	6225.82
289.23	6384.98
289.59	6394.34
289.96	6253.91
290.33	6635.42
290.70	6925.65
291.07	8840.20
291.44	8320.60
291.81	6270.30
292.18	7555.25
292.55	6974.80
292.91	13390.20
293.28	8571.04
293.65	11449.90
294.02	8198.90
294.39	5783.46
294.76	7337.58
295.13	7868.88
295.50	7276.73
295.86	7344.60
296.23	6871.81
296.60	6005.81
296.97	6782.87
297.34	7421.84
297.71	9287.25
298.07	7623.12
298.44	5612.60
298.81	8177.83
299.18	7882.92
299.55	11143.29
299.91	7267.36
300.28	7779.94
300.65	5537.71
301.02	7889.95
301.39	8489.12
301.75	13980.02
302.12	8479.76
302.49	7499.08
302.86	10986.47
303.23	7845.48
303.59	6157.95
303.96	18218.73
304.33	10183.67
304.70	15854.79
305.06	6949.05
305.43	10761.78
305.80	8676.37
306.17	9525.98
306.53	6516.05
306.90	9884.08
307.27	7742.49
307.64	11351.60
308.00	6773.51
308.37	6724.36
308.74	12652.94
309.11	9444.06
309.47	6492.65
309.84	5706.23
310.21	7641.85
310.57	7887.61
310.94	7157.36
311.31	7541.21
311.67	7999.95
312.04	5661.76
312.41	10125.16
312.77	8416.57
313.14	6581.59
313.51	7246.30
313.87	6796.92
314.24	6651.80
314.61	6560.52
314.97	6827.34
315.34	7693.34
315.71	5783.46
316.07	9371.50
316.44	6076.03
316.81	9092.98
317.17	6422.43
317.54	16313.53
317.91	6612.01
318.27	5577.50
318.64	7145.66
319.00	9280.22
319.37	5668.78
319.74	10038.56
320.10	9867.70
320.47	6986.50
320.83	11550.54
321.20	7250.98
321.57	6317.11
321.93	6715.00
322.30	7833.77
322.66	6604.99
323.03	9043.83
323.40	8294.86
323.76	6836.70
324.13	6600.31
324.49	5706.23
324.86	19770.51
325.22	7632.49
325.59	7393.75
325.95	8231.66
326.32	9937.91
326.68	9619.60
327.05	7211.19
327.42	6338.17
327.78	6780.53
328.15	9727.27
328.51	6567.54
328.88	7740.15
329.24	11793.96
329.61	7571.63
329.97	9107.02
330.34	6647.12
330.70	7751.85
331.07	11403.09
331.43	9085.96
331.80	13654.69
332.16	10647.10
332.52	6448.18
332.89	8610.83
333.25	5607.92
333.62	13163.17
333.98	7019.27
334.35	6539.46
334.71	7751.85
335.08	6040.92
335.44	12458.67
335.81	12671.66
336.17	10860.09
336.53	7459.29
336.90	6214.12
337.26	8889.35
337.63	14398.98
337.99	8081.87
338.36	6146.25
338.72	9348.10
339.08	7850.16
339.45	6214.12
339.81	10015.15
340.18	7077.78
340.54	10822.64
340.90	6628.40
341.27	7162.04
341.63	8617.85
341.99	5469.83
342.36	11016.90
342.72	6097.10
343.09	11204.14
343.45	6525.41
343.81	11344.58
344.18	5795.17
344.54	7295.45
344.90	8191.88
345.27	7618.44
345.63	7372.69
345.99	9266.18
346.36	7538.87
346.72	6045.60
347.08	6230.51
347.45	5776.44
347.81	10588.58
348.17	7899.31
348.54	5930.92
348.90	9320.01
349.26	10150.90
349.62	11269.68
349.99	5495.58
350.35	5509.62
350.71	8093.57
351.08	7487.37
351.44	5359.83
351.80	14171.94
352.16	12212.92
352.53	6319.45
352.89	8711.47
353.25	11548.20
353.61	6885.86
353.98	9095.32
354.34	10810.93
354.70	6796.92
355.06	5411.32
355.43	7424.18
355.79	7082.46
356.15	6787.55
356.51	6101.78
356.88	6326.47
357.24	7075.44
357.60	5738.99
357.96	5324.72
358.32	16126.29
358.69	5654.73
359.05	8383.80
359.41	7857.18
359.77	6132.20
360.13	6431.79
360.49	6326.47
360.86	9745.99
361.22	11686.29
361.58	7927.39
361.94	11639.48
362.30	6029.22
362.66	8891.70
363.03	5474.51
363.39	5490.90
363.75	6382.64
364.11	10609.65
364.47	6408.39
364.83	11066.05
365.19	8084.21
365.56	9348.10
365.92	5610.26
366.28	9081.28
366.64	10310.06
367.00	5589.20
367.36	5565.79
367.72	10216.44
368.08	9809.19
368.44	6794.58
368.80	8671.68
369.17	6778.19
369.53	7126.93
369.89	6253.91
370.25	6338.17
370.61	6565.20
370.97	11438.20
371.33	6682.23
371.69	13268.50
372.05	8620.19
372.41	6050.28
372.77	6951.39
373.13	7868.88
373.49	5320.04
373.85	8266.77
374.21	7927.39
374.57	6043.26
374.93	9015.74
375.29	9434.70
375.65	7744.83
376.01	7513.12
376.37	10626.03
376.73	8971.27
377.09	6061.99
377.45	10530.07
377.81	7096.50
378.17	6256.25
378.53	5282.59
378.89	8870.63
379.25	11482.67
379.61	14719.63
379.97	9888.76
380.33	6710.32
380.69	6408.39
381.05	5963.68
381.41	9673.43
381.77	7637.17
382.13	8997.02
382.49	15686.27
382.85	7726.11
383.21	9298.95
383.57	5621.97
383.93	11185.42
384.28	5481.53
384.64	6799.26
385.00	7922.71
385.36	7634.83
385.72	9483.85
386.08	6239.87
386.44	9125.75
386.80	9434.70
387.16	12784.01
387.52	9944.94
387.87	14366.21
388.23	8500.83
388.59	6361.58
388.95	5682.82
389.31	7075.44
389.67	7087.14
390.03	6583.93
390.38	6698.61
390.74	5408.98
391.10	9923.87
391.46	7801.01
391.82	6363.92
392.18	8851.91
392.54	5172.58
392.89	5839.64
393.25	8765.31
393.61	5888.79
393.97	5687.50
394.33	8397.84
394.68	7475.67
395.04	5750.70
395.40	7590.36
395.76	9689.82
396.12	7936.76
396.47	6118.16
396.83	7337.58
397.19	5940.28
397.55	6083.05
397.90	7630.15
398.26	7592.70
398.62	5893.47
398.98	5111.73
399.33	7054.37
399.69	26244.43
400.05	8854.25
400.41	6061.99
400.76	9130.43
401.12	10668.16
401.48	8114.64
401.84	6347.53
402.19	6796.92
402.55	8198.90
402.91	7559.93
403.26	5603.24
403.62	8779.35
403.98	7365.67
404.34	4980.66
404.69	7260.34
405.05	9437.04
405.41	14848.36
405.76	6061.99
406.12	6223.48
406.48	7171.40
406.83	6424.77
407.19	8929.14
407.55	8430.61
407.90	15105.82
408.26	8924.46
408.62	9617.26
408.97	7302.47
409.33	5654.73
409.68	5879.43
410.04	7908.67
410.40	6209.44
410.75	8451.67
411.11	6129.86
411.47	7997.61
411.82	6843.73
412.18	7534.18
412.53	7049.69
412.89	6502.01
413.25	7211.19
413.60	7557.59
413.96	5369.19
414.31	6546.48
414.67	7709.72
415.03	5535.37
415.38	5961.34
415.74	6670.53
416.09	6897.56
416.45	8842.54
416.80	6232.85
417.16	8997.02
417.51	7105.87
417.87	6651.80
418.23	8013.99
418.58	8514.87
418.94	5039.17
419.29	6256.25
419.65	8131.02
420.00	9270.86
420.36	8238.69
420.71	8451.67
421.07	5755.38
421.42	7555.25
421.78	9654.71
422.13	6995.86
422.49	7045.01
422.84	7662.91
423.20	5390.25
423.55	5788.14
423.91	5483.88
424.26	14857.72
424.61	8594.45
424.97	12053.76
425.32	6345.19
425.68	6965.43
426.03	8119.32
426.39	10988.82
426.74	10527.73
427.10	10036.22
427.45	6274.98
427.80	8053.78
428.16	7208.85
428.51	7227.57
428.87	7946.12
429.22	10113.45
429.58	10782.85
429.93	10689.23
430.28	6223.48
430.64	6314.77
430.99	5390.25
431.35	7719.09
431.70	6871.81
432.05	7054.37
432.41	8528.91
432.76	8201.24
433.11	8327.63
433.47	8044.42
433.82	11070.73
434.17	8390.82
434.53	9341.08
434.88	14913.89
435.24	8133.36
435.59	7747.17
435.94	5863.04
436.30	8716.16
436.65	6654.14
437.00	10026.86
437.35	17240.39
437.71	6874.15
438.06	6504.35
438.41	6506.69
438.77	8175.49
439.12	5533.03
439.47	4997.04
439.83	8013.99
440.18	5418.34
440.53	6827.34
440.88	12847.20
441.24	9025.11
441.59	5970.71
441.94	6876.49
442.30	8676.37
442.65	13282.54
443.00	7234.60
443.35	10944.34
443.71	6946.71
444.06	9900.47
444.41	8500.83
444.76	12133.34
445.11	7496.74
445.47	10829.66
445.82	9535.34
446.17	5998.79
446.52	10824.98
446.88	7513.12
447.23	5266.21
447.58	8238.69
447.93	6202.42
448.28	31267.22
448.63	11253.30
448.99	7241.62
449.34	8732.54
449.69	9142.13
450.04	6511.37
450.39	6499.67
450.74	7368.01
451.10	7138.63
451.45	7447.58
451.80	8116.98
452.15	10572.20
452.50	8540.61
452.85	10204.74
453.21	9357.46
453.56	8067.83
453.91	6958.41
454.26	7674.62
454.61	6022.20
454.96	8706.79
455.31	6956.07
455.66	6668.19
456.01	8472.74
456.36	6583.93
456.72	6293.70
457.07	8044.42
457.42	10895.19
457.77	9682.80
458.12	6026.88
458.47	7637.17
458.82	10066.64
459.17	7494.40
459.52	7707.38
459.87	37368.99
460.22	6267.95
460.57	7641.85
460.92	6417.75
461.27	8667.00
461.62	6843.73
461.97	6001.13
462.32	12908.05
462.67	11309.47
463.02	14263.22
463.38	14232.80
463.73	9401.93
464.08	12938.48
464.43	8044.42
464.78	5907.51
465.12	8751.26
465.47	8980.64
465.82	30387.18
466.17	6827.34
466.52	9139.79
466.87	6628.40
467.22	6167.31
467.57	5481.53
467.92	8063.15
468.27	11611.40
468.62	15646.48
468.97	7152.68
469.32	5476.85
469.67	16765.26
470.02	14878.79
470.37	6509.03
470.72	7899.31
471.07	5511.96
471.42	7162.04
471.76	7169.06
472.11	7089.48
472.46	8978.30
472.81	16088.84
473.16	6256.25
473.51	6221.14
473.86	5483.88
474.21	6977.14
474.56	6726.70
474.90	6513.71
475.25	10377.94
475.60	9418.32
475.95	6382.64
476.30	11885.24
476.65	10850.72
477.00	16065.44
477.34	12065.46
477.69	6001.13
478.04	9783.44
478.39	7772.92
478.74	6176.67
479.09	5298.97
479.43	23931.98
479.78	5380.89
480.13	13708.52
480.48	10813.28
480.83	7726.11
481.17	5643.03
481.52	7611.42
481.87	6752.45
482.22	12697.41
482.57	7080.12
482.91	9703.86
483.26	8198.90
483.61	6911.60
483.96	7875.90
484.30	65535.00
484.65	6333.49
485.00	5841.98
485.35	7211.19
485.69	6312.42
486.04	6841.39
486.39	8084.21
486.74	7941.44
487.08	5507.28
487.43	8156.77
487.78	5083.64
488.12	8781.69
488.47	6607.33
488.82	11147.97
489.17	6125.18
489.51	5329.40
489.86	8367.42
490.21	5392.59
490.55	8187.19
490.90	5624.31
491.25	6752.45
491.59	5781.12
491.94	13619.58
492.29	6633.08
492.63	7489.71
492.98	4880.02
493.33	7737.81
493.67	6717.34
494.02	5743.67
494.37	5956.66
494.71	8901.06
495.06	6436.47
495.40	11056.69
495.75	6272.64
496.10	10979.45
496.44	8542.96
496.79	8557.00
497.13	6083.05
497.48	15243.91
497.83	10654.12
498.17	8795.73
498.52	5694.52
498.86	9165.54
499.21	7089.48
499.56	6069.01
499.90	6923.30
500.25	5465.15
500.59	7281.41
500.94	8184.85
501.28	9210.01
501.63	10387.30
501.97	6679.89
502.32	5991.77
502.67	8353.37
503.01	5523.66
503.36	6576.91
503.70	6394.34
504.05	8779.35
504.39	9617.26
504.74	6883.52
505.08	11613.74
505.43	4833.21
505.77	5954.32
506.12	7838.45
506.46	6911.60
506.81	6136.88
507.15	6012.84
507.49	6663.51
507.84	6036.24
508.18	8021.02
508.53	7896.97
508.87	7585.68
509.22	6862.45
509.56	65535.00
509.91	19814.98
510.25	7382.05
510.60	5334.08
510.94	11250.96
511.28	5158.54
511.63	9919.19
511.97	8140.38
512.32	9296.61
512.66	6104.12
513.00	7360.98
513.35	9858.34
513.69	6146.25
514.04	8793.39
514.38	9369.16
514.72	7988.25
515.07	6036.24
515.41	6188.38
515.76	6157.95
516.10	8248.05
516.44	9509.60
516.79	6436.47
517.13	5591.54
517.47	9834.93
517.82	7712.07
518.16	8706.79
518.50	7789.30
518.85	7852.50
519.19	11019.24
519.53	14249.18
519.88	9270.86
520.22	6906.92
520.56	7335.24
520.91	5619.63
521.25	5905.17
521.59	7417.16
521.93	8121.66
522.28	6942.03
522.62	7206.51
522.96	9788.12
523.31	6897.56
523.65	8346.35
523.99	9039.15
524.33	12152.06
524.68	8819.14
525.02	5664.10
525.36	8322.94
525.70	5430.04
526.05	6214.12
526.39	5984.75
526.73	8868.29
527.07	7885.26
527.41	11101.16
527.76	6033.90
528.10	7225.23
528.44	8446.99
528.78	7173.74
529.12	9132.77
529.47	6839.05
529.81	9624.28
530.15	9799.82
530.49	8652.96
530.83	5261.52
531.18	5888.79
531.52	7173.74
531.86	5706.23
532.20	7655.89
532.54	10146.22
532.88	5142.16
533.22	6808.62
533.57	6464.56
533.91	11524.80
534.25	5682.82
534.59	11550.54
534.93	9116.39
535.27	6211.78
535.61	6972.46
535.95	11728.42
536.30	8767.65
536.64	7461.63
536.98	4854.27
537.32	6956.07
537.66	5149.18
538.00	8599.13
538.34	8737.22
538.68	8627.21
539.02	12266.75
539.36	6551.16
539.70	5378.55
540.04	7272.04
540.39	21163.12
540.73	6036.24
541.07	7433.54
541.41	8107.62
541.75	8079.53
542.09	10597.95
542.43	8243.37
542.77	7281.41
543.11	8006.97
543.45	7632.49
543.79	10094.73
544.13	6913.94
544.47	6984.16
544.81	6111.14
545.15	8578.06
545.49	7229.91
545.83	5944.96
546.17	6738.40
546.51	4975.98
546.85	6382.64
547.19	11723.74
547.53	5474.51
547.87	9034.47
548.21	12732.51
548.54	7569.29
548.88	6363.92
549.22	6080.71
549.56	5497.92
549.90	6485.62
550.24	7194.81
550.58	5898.15
550.92	10228.14
551.26	6635.42
551.60	11651.19
551.94	6684.57
552.28	6710.32
552.61	8823.82
552.95	8650.62
553.29	6427.11
553.63	7552.91
553.97	11866.52
554.31	9919.19
554.65	11213.51
554.99	10766.46
555.32	6604.99
555.66	8585.08
556.00	4990.02
556.34	7016.93
556.68	7674.62
557.02	9750.67
557.36	7763.56
557.69	7351.62
558.03	6525.41
558.37	13322.33
558.71	15606.69
559.05	11119.89
559.38	12093.55
559.72	6087.73
560.06	9167.88
560.40	8812.12
560.74	10485.60
561.07	8435.29
561.41	9481.51
561.75	8390.82
562.09	6499.67
562.42	9593.86
562.76	8690.41
563.10	7784.62
563.44	25720.15
563.77	8166.13
564.11	8599.13
564.45	10333.47
564.79	8674.03
565.12	7515.46
565.46	7833.77
565.80	8126.34
566.14	8416.57
566.47	9844.29
566.81	6099.44
567.15	7770.58
567.48	8648.28
567.82	8695.09
568.16	7611.42
568.49	6122.84
568.83	5736.65
569.17	7386.73
569.50	8248.05
569.84	11321.17
570.18	8297.20
570.51	11800.98
570.85	7178.42
571.19	6892.88
571.52	6200.08
571.86	7824.41
572.20	6661.16
572.53	11421.81
572.87	6312.42
573.21	6092.41
573.54	5724.95
573.88	8116.98
574.21	7646.53
574.55	7201.83
574.89	6487.96
575.22	9324.69
575.56	6462.22
575.89	6492.65
576.23	6808.62
576.57	8278.47
576.90	6200.08
577.24	7861.86
577.57	5757.72
577.91	8077.19
578.24	5474.51
578.58	7183.10
578.91	8674.03
579.25	6153.27
579.59	7438.22
579.92	7012.24
580.26	5905.17
580.59	8351.03
580.93	8236.35
581.26	6834.36
581.60	8409.54
581.93	9067.24
582.27	11555.22
582.60	5940.28
582.94	7829.09
583.27	5858.36
583.61	6918.62
583.94	7838.45
584.28	5444.09
584.61	6747.76
584.94	8585.08
585.28	8451.67
585.61	9851.31
585.95	8791.05
586.28	12208.23
586.62	13881.72
586.95	7550.57
587.29	12889.33
587.62	10595.61
587.95	5540.05
588.29	7868.88
588.62	8711.47
588.96	9867.70
589.29	6562.86
589.62	6647.12
589.96	7110.55
590.29	6511.37
590.63	5483.88
590.96	9153.84
591.29	9448.74
591.63	10186.01
591.96	5884.11
592.29	6712.66
592.63	6544.14
592.96	8133.36
593.30	12575.70
593.63	8196.56
593.96	6120.50
594.30	6710.32
594.63	8187.19
594.96	12538.25
595.30	7349.28
595.63	6647.12
595.96	6282.00
596.29	8299.54
596.63	6747.76
596.96	9228.73
597.29	8498.49
597.63	5399.62
597.96	10902.22
598.29	10335.81
598.63	10106.43
598.96	6361.58
599.29	6497.33
599.62	6413.07
599.96	6462.22
600.29	7105.87
600.62	5916.87
600.95	6494.99
601.29	7201.83
601.62	7927.39
601.95	7342.26
602.28	6513.71
602.61	45055.31
602.95	7786.96
603.28	12507.82
603.61	6326.47
603.94	10022.17
604.27	6193.06
604.61	8940.85
604.94	8400.18
605.27	8032.72
605.60	6061.99
605.93	6581.59
606.27	9710.88
606.60	6995.86
606.93	5680.48
607.26	11726.08
607.59	7360.98
607.92	10319.42
608.26	6850.75
608.59	6413.07
608.92	7101.19
609.25	5858.36
609.58	8255.07
609.91	8847.22
610.24	14771.12
610.57	8617.85
610.90	10345.17
611.24	5373.87
611.57	5437.06
611.90	9479.17
612.23	7241.62
612.56	9415.98
612.89	9050.85
613.22	9259.16
613.55	5439.40
613.88	9956.64
614.21	6118.16
614.54	8271.45
614.87	6115.82
615.20	4931.51
615.53	10588.58
615.87	6450.52
616.20	7672.28
616.53	10834.34
616.86	7513.12
617.19	8564.02
617.52	6621.38
617.85	6675.21
618.18	6246.89
618.51	6857.77
618.84	8940.85
619.17	7178.42
619.50	11372.66
619.83	11124.57
620.16	8997.02
620.49	6691.59
620.82	15002.83
621.14	11543.52
621.47	7019.27
621.80	10408.36
622.13	7943.78
622.46	15466.26
622.79	9181.92
623.12	5888.79
623.45	9652.37
623.78	9034.47
624.11	5905.17
624.44	8238.69
624.77	6509.03
625.10	6326.47
625.43	6017.52
625.75	7812.71
626.08	6612.01
626.41	6045.60
626.74	10317.08
627.07	6927.99
627.40	12980.61
627.73	6780.53
628.06	6221.14
628.38	5039.17
628.71	9111.71
629.04	10532.41
629.37	9378.53
629.70	7953.14
630.03	6143.91
630.36	10267.93
630.68	9345.76
631.01	6586.27
631.34	11707.36
631.67	6649.46
632.00	5224.08
632.32	9607.90
632.65	10555.82
632.98	8046.76
633.31	7702.70
633.64	9757.69
633.96	6092.41
634.29	11524.80
634.62	7620.78
634.95	8304.22
635.27	7974.21
635.60	9488.53
635.93	8287.84
636.26	8292.52
636.58	6785.21
636.91	6745.42
637.24	6375.62
637.57	7716.75
637.89	8842.54
638.22	6604.99
638.55	7948.46
638.87	8128.68
639.20	9256.82
639.53	8711.47
639.86	6679.89
640.18	6017.52
640.51	7852.50
640.84	8374.44
641.16	5888.79
641.49	8599.13
641.82	5973.05
642.14	6146.25
642.47	14871.76
642.80	7300.13
643.12	9942.60
643.45	7370.35
643.78	7695.68
644.10	6492.65
644.43	7597.38
644.75	10848.38
645.08	5451.11
645.41	8657.64
645.73	6029.22
646.06	16257.36
646.39	9652.37
646.71	6616.69
647.04	6230.51
647.36	5544.73
647.69	9165.54
648.01	7641.85
648.34	6473.92
648.67	10429.43
648.99	11016.90
649.32	6317.11
649.64	5675.80
649.97	4919.81
650.29	5643.03
650.62	15620.74
650.94	7728.45
651.27	11812.68
651.59	7335.24
651.92	6464.56
652.25	11407.77
652.57	6263.27
652.90	6230.51
653.22	8102.93
653.55	7971.86
653.87	5238.12
654.20	7875.90
654.52	11815.02
654.84	7194.81
655.17	8711.47
655.49	11997.59
655.82	6808.62
656.14	8170.81
656.47	11618.42
656.79	12461.01
657.12	6927.99
657.44	6864.79
657.77	9423.00
658.09	7941.44
658.41	7398.43
658.74	8905.74
659.06	5966.03
659.39	7396.09
659.71	6513.71
660.03	7407.80
660.36	6902.24
660.68	10586.24
661.01	14073.64
661.33	11323.51
661.65	6560.52
661.98	14860.06
662.30	14946.66
662.63	7683.98
662.95	7091.82
663.27	6487.96
663.60	5989.43
663.92	7311.83
664.24	7185.44
664.57	6085.39
664.89	6429.45
665.21	6600.31
665.54	10085.37
665.86	7850.16
666.18	8044.42
666.51	10785.19
666.83	6766.49
667.15	16077.14
667.47	10307.72
667.80	8784.03
668.12	6359.24
668.44	7906.33
668.77	9411.29
669.09	10899.87
669.41	9364.48
669.73	5703.89
670.06	7634.83
670.38	7028.63
670.70	5563.45
671.02	8685.73
671.35	6803.94
671.67	11276.70
671.99	7157.36
672.31	10839.02
672.63	8154.43
672.96	11918.01
673.28	6675.21
673.60	7779.94
673.92	7761.22
674.24	6171.99
674.57	6387.32
674.89	10473.90
675.21	7155.02
675.53	9893.44
675.85	10703.27
676.17	10712.63
676.50	6305.40
676.82	10656.46
677.14	7709.72
677.46	15651.16
677.78	5703.89
678.10	10307.72
678.42	7435.88
678.75	6698.61
679.07	6066.67
679.39	7389.07
679.71	6916.28
680.03	6729.04
680.35	6782.87
680.67	6939.69
680.99	6424.77
681.31	6150.93
681.63	8772.33
681.96	10789.87
682.28	6752.45
682.60	6139.23
682.92	9116.39
683.24	6087.73
683.56	9146.81
683.88	6452.86
684.20	7232.26
684.52	6899.90
684.84	6565.20
685.16	7290.77
685.48	9621.94
685.80	8149.75
686.12	9458.10
686.44	12725.49
686.76	7330.56
687.08	5650.05
687.40	6061.99
687.72	9837.27
688.04	6326.47
688.36	15679.25
688.68	11758.85
689.00	8533.59
689.32	7012.24
689.64	6754.79
689.96	7452.27
690.28	10506.66
690.60	11005.20
690.92	6420.09
691.24	9001.70
691.56	7042.67
691.88	7314.17
692.19	6029.22
692.51	9853.66
692.83	8449.33
693.15	9490.87
693.47	8498.49
693.79	7974.21
694.11	10256.23
694.43	9525.98
694.75	7307.15
695.06	8191.88
695.38	10832.00
695.70	7775.26
696.02	7854.84
696.34	6698.61
696.66	6832.02
696.98	5493.24
697.29	7339.92
697.61	11995.25
697.93	10555.82
698.25	14899.85
698.57	8346.35
698.89	5577.50
699.20	7150.34
699.52	11698.00
699.84	5210.03
700.16	7232.26
700.48	11318.83
700.79	6019.86
701.11	12751.24
701.43	9848.97
701.75	6609.67
702.07	7178.42
702.38	12599.10
702.70	6546.48
703.02	6237.53
703.34	9266.18
703.65	7911.01
703.97	7269.70
704.29	5493.24
704.61	6176.67
704.92	9568.11
705.24	6991.18
705.56	10097.07
705.87	10345.17
706.19	7602.06
706.51	7258.00
706.82	10850.72
707.14	6366.26
707.46	5586.86
707.78	6054.97
708.09	9004.04
708.41	10291.34
708.73	8138.04
709.04	10555.82
709.36	7007.56
709.68	7442.90
709.99	14003.43
710.31	11030.94
710.62	7854.84
710.94	7082.46
711.26	8531.25
711.57	6998.20
711.89	5886.45
712.21	16386.09
712.52	7658.23
712.84	11442.88
713.15	8056.12
713.47	9797.48
713.79	5881.77
714.10	6593.29
714.42	7075.44
714.73	11510.75
715.05	5790.49
715.36	6008.16
715.68	6373.28
715.99	6993.52
716.31	10162.61
716.63	9146.81
716.94	9989.41
717.26	21144.40
717.57	9785.78
717.89	12348.67
718.20	6434.13
718.52	10071.33
718.83	7442.90
719.15	15786.91
719.46	15173.69
719.78	8039.74
720.09	7503.76
720.41	6420.09
720.72	5909.85
721.04	6146.25
721.35	7396.09
721.67	7391.41
721.98	7035.65
722.29	6939.69
722.61	6459.88
722.92	5287.27
723.24	7246.30
723.55	7878.24
723.87	8269.11
724.18	9214.69
724.50	5926.24
724.81	7454.61
725.12	7691.00
725.44	8882.33
725.75	7978.89
726.07	11339.90
726.38	8952.55
726.69	7026.29
727.01	9348.10
727.32	9317.67
727.63	6935.01
727.95	11592.67
728.26	6745.42
728.58	9497.89
728.89	6827.34
729.20	7517.80
729.52	6326.47
729.83	14558.13
730.14	9090.64
730.46	7824.41
730.77	10567.52
731.08	9081.28
731.39	7112.89
731.71	7660.57
732.02	9909.83
732.33	7616.10
732.65	6977.14
732.96	11529.48
733.27	9856.00
733.59	15264.97
733.90	10040.90
734.21	6050.28
734.52	6862.45
734.84	18569.81
735.15	6960.75
735.46	7143.32
735.77	8006.97
736.09	7627.81
736.40	11992.90
736.71	9596.20
737.02	5825.59
737.33	7080.12
737.65	7204.17
737.96	7838.45
738.27	8269.11
738.58	14537.07
738.89	9125.75
739.21	6712.66
739.52	5507.28
739.83	9121.07
740.14	6525.41
740.45	7859.52
740.76	6799.26
741.08	5914.53
741.39	7412.48
741.70	6780.53
742.01	8271.45
742.32	10684.55
742.63	8037.40
742.94	6394.34
743.26	9121.07
743.57	8669.34
743.88	9874.72
744.19	8351.03
744.50	7262.68
744.81	13530.64
745.12	7548.23
745.43	7564.61
745.74	16933.78
746.05	12255.04
746.36	5418.34
746.67	13020.40
746.99	7286.09
747.30	8954.89
747.61	6949.05
747.92	8149.75
748.23	10757.10
748.54	7332.90
748.85	7265.02
749.16	7712.07
749.47	6436.47
749.78	6916.28
750.09	7229.91
750.40	8592.11
750.71	8449.33
751.02	8931.48
751.33	7522.48
751.64	8667.00
751.95	7545.89
752.26	9254.48
752.57	9425.34
752.88	7124.59
753.19	7737.81
753.50	12697.41
753.81	7311.83
754.11	7723.77
754.42	18169.58
754.73	7999.95
755.04	8470.40
755.35	8259.75
755.66	14846.02
755.97	6164.97
756.28	6239.87
756.59	9254.48
756.90	18618.96
757.21	8753.60
757.52	12133.34
757.82	8706.79
758.13	6890.54
758.44	10457.51
758.75	9186.60
759.06	6668.19
759.37	6387.32
759.68	8587.43
759.98	6799.26
760.29	9312.99
760.60	8166.13
760.91	5671.12
761.22	7506.10
761.53	8086.55
761.83	6483.28
762.14	8077.19
762.45	6927.99
762.76	5907.51
763.07	8833.18
763.37	17114.00
763.68	12152.06
763.99	14181.31
764.30	12411.86
764.60	6839.05
764.91	10740.72
765.22	8297.20
765.53	14221.10
765.84	8360.39
766.14	7386.73
766.45	5619.63
766.76	11733.11
767.06	12842.52
767.37	7304.81
767.68	7871.22
767.99	7286.09
768.29	7047.35
768.60	7573.97
768.91	10787.53
769.21	14113.43
769.52	11925.03
769.83	7686.32
770.13	7754.19
770.44	7239.28
770.75	9699.18
771.05	7812.71
771.36	9537.68
771.67	8011.65
771.97	7356.30
772.28	7487.37
772.59	8191.88
772.89	9942.60
773.20	6731.38
773.51	6806.28
773.81	12559.31
774.12	6349.87
774.42	7749.51
774.73	6401.37
775.04	6607.33
775.34	23119.81
775.65	8999.36
775.95	13472.12
776.26	8636.58
776.56	6993.52
776.87	9020.42
777.18	60598.81
777.48	13614.90
777.79	8046.76
778.09	11709.70
778.40	7213.53
778.70	7255.66
779.01	11499.05
779.31	8168.47
779.62	7279.07
779.92	9666.41
780.23	9205.33
780.53	5951.98
780.84	7592.70
781.14	7016.93
781.45	7012.24
781.75	10717.31
782.06	6403.71
782.36	8741.90
782.67	6286.68
782.97	6640.10
783.28	14258.54
783.58	7112.89
783.89	7077.78
784.19	9006.38
784.49	13652.34
784.80	7445.24
785.10	14029.17
785.41	6457.54
785.71	9135.11
786.02	8821.48
786.32	14986.45
786.62	9853.66
786.93	12531.23
787.23	7255.66
787.54	7449.93
787.84	14909.21
788.14	9114.05
788.45	9301.29
788.75	9238.09
789.05	6090.07
789.36	7630.15
789.66	14604.94
789.96	9919.19
790.27	8060.80
790.57	7639.51
790.87	6377.96
791.18	7562.27
791.48	6497.33
791.78	8929.14
792.09	9397.25
792.39	6635.42
792.69	10527.73
793.00	8905.74
793.30	9540.02
793.60	5987.09
793.90	5715.59
794.21	8791.05
794.51	18548.75
794.81	11709.70
795.11	7976.55
795.42	6825.00
795.72	12332.28
796.02	9874.72
796.32	9085.96
796.63	9130.43
796.93	10965.41
797.23	9635.99
797.53	8468.06
797.84	6698.61
798.14	6555.84
798.44	8685.73
798.74	9092.98
799.04	8730.20
799.34	6263.27
799.65	17046.12
799.95	8243.37
800.25	7585.68
800.55	7279.07
800.85	8437.63
801.15	6698.61
801.46	7620.78
801.76	18932.59
802.06	6956.07
802.36	8704.45
802.66	6979.48
802.96	9921.53
803.26	11573.95
803.56	14162.58
803.87	17671.04
804.17	7616.10
804.47	10312.40
804.77	11293.08
805.07	11421.81
805.37	10265.59
805.67	9535.34
805.97	7400.77
806.27	7796.32
806.57	7332.90
806.87	12620.17
807.17	8351.03
807.47	12156.74
807.77	11660.55
808.07	7122.25
808.37	12575.70
808.67	8273.79
808.98	16538.23
809.28	7316.51
809.58	16996.97
809.88	11166.70
810.18	15578.61
810.47	7545.89
810.77	6408.39
811.07	9980.04
811.37	9029.79
811.67	6354.55
811.97	5788.14
812.27	6352.21
812.57	5839.64
812.87	6890.54
813.17	6679.89
813.47	6654.14
813.77	7335.24
814.07	6904.58
814.37	10679.86
814.67	6698.61
814.97	7747.17
815.27	6722.02
815.56	9296.61
815.86	11988.22
816.16	8416.57
816.46	6225.82
816.76	6803.94
817.06	10998.18
817.36	13631.28
817.66	8175.49
817.95	6448.18
818.25	8903.40
818.55	10991.16
818.85	9944.94
819.15	7314.17
819.45	14164.92
819.75	7772.92
820.04	7838.45
820.34	16802.71
820.64	10525.39
820.94	13568.09
821.24	7304.81
821.53	8063.15
821.83	6932.67
822.13	6176.67
822.43	7463.97
822.72	5994.11
823.02	6986.50
823.32	6375.62
823.62	8898.72
823.91	15768.19
824.21	6111.14
824.51	8849.57
824.81	7332.90
825.10	6094.76
825.40	9762.37
825.70	8060.80
826.00	13202.96
826.29	6967.77
826.59	8699.77
826.89	7456.95
827.18	8362.73
827.48	6827.34
827.78	6186.04
828.07	7960.16
828.37	9834.93
828.67	8872.97
828.96	7950.80
829.26	6764.15
829.56	10923.28
829.85	6750.10
830.15	8608.49
830.45	6012.84
830.74	12999.34
831.04	10031.54
831.34	10750.08
831.63	14347.48
831.93	10090.05
832.22	9886.42
832.52	8042.08
832.82	6101.78
833.11	6160.29
833.41	6483.28
833.70	7117.57
834.00	10787.53
834.29	8294.86
834.59	6012.84
834.89	9170.22
835.18	7370.35
835.48	13614.90
835.77	9598.54
836.07	9635.99
836.36	9605.56
836.66	11105.84
836.95	7740.15
837.25	6766.49
837.54	9186.60
837.84	7342.26
838.13	8456.36
838.43	6731.38
838.72	14501.96
839.02	11456.92
839.31	6490.31
839.61	11480.33
839.90	5839.64
840.20	8114.64
840.49	6253.91
840.78	8919.78
841.08	9776.42
841.37	6979.48
841.67	6291.36
841.96	9158.52
842.26	8421.25
842.55	5994.11
842.84	6534.78
843.14	10600.29
843.43	6129.86
843.73	7934.42
844.02	6031.56
844.31	7552.91
844.61	7094.16
844.90	8435.29
845.20	8257.41
845.49	5558.77
845.78	7208.85
846.08	6282.00
846.37	5114.07
846.66	8957.23
846.96	9390.23
847.25	9055.53
847.54	5942.62
847.84	6579.25
848.13	7578.65
848.42	10328.78
848.72	6649.46
849.01	9465.13
849.30	6712.66
849.59	6445.84
849.89	6794.58
850.18	13057.85
850.47	6349.87
850.76	17322.30
851.06	15382.00
851.35	9118.73
851.64	10274.95
851.93	8241.03
852.23	19559.86
852.52	7332.90
852.81	6869.47
853.10	7662.91
853.40	5591.54
853.69	5685.16
853.98	7707.38
854.27	10284.31
854.56	6801.60
854.86	9238.09
855.15	8039.74
855.44	8592.11
855.73	5776.44
856.02	6820.32
856.31	9947.28
856.61	8477.42
856.90	7194.81
857.19	6111.14
857.48	5734.31
857.77	6066.67
858.06	5191.31
858.35	5926.24
858.65	12067.80
858.94	9769.40
859.23	7459.29
859.52	9694.50
859.81	12659.96
860.10	6691.59
860.39	9563.43
860.68	7906.33
860.97	6267.95
861.26	6682.23
861.55	12704.43
861.85	8210.60
862.14	9834.93
862.43	10232.82
862.72	8416.57
863.01	5942.62
863.30	7136.29
863.59	7751.85
863.88	7454.61
864.17	7300.13
864.46	6085.39
864.75	15154.97
865.04	8222.30
865.33	6115.82
865.62	11595.01
865.91	6860.11
866.20	9423.00
866.49	6995.86
866.78	7295.45
867.07	7026.29
867.36	10607.31
867.65	10391.98
867.93	9500.23
868.22	8311.24
868.51	7433.54
868.80	8109.96
869.09	7426.52
869.38	6441.15
869.67	13331.69
869.96	13331.69
870.25	13331.69
