178.76	1764.76
179.14	1764.76
179.52	1764.76
179.90	1764.76
180.28	10504.32
180.66	6099.44
181.04	8201.24
181.42	7140.97
181.80	6118.16
182.18	10506.66
182.55	5888.79
182.93	7215.87
183.31	6998.20
183.69	7714.41
184.07	8119.32
184.45	6911.60
184.83	7087.14
185.21	6445.84
185.59	6719.68
185.97	16002.24
186.35	11779.92
186.72	6930.33
187.10	7148.00
187.48	11159.67
187.86	8985.32
188.24	6565.20
188.62	6242.21
189.00	10733.70
189.38	7768.24
189.75	7279.07
190.13	7847.82
190.51	6188.38
190.89	14675.16
191.27	20362.66
191.65	6801.60
192.03	7576.31
192.40	9921.53
192.78	7559.93
193.16	8549.98
193.54	11885.24
193.92	10595.61
194.30	6619.04
194.67	9357.46
195.05	8208.26
195.43	7101.19
195.81	6909.26
196.19	10614.33
196.56	7672.28
196.94	7129.27
197.32	11393.73
197.70	6494.99
198.08	8341.67
198.45	6670.53
198.83	7503.76
199.21	6817.98
199.59	12208.23
199.97	8086.55
200.34	5706.23
200.72	6511.37
201.10	13577.45
201.48	9870.04
201.85	6179.01
202.23	6740.74
202.61	6282.00
202.99	15534.14
203.36	6434.13
203.74	8741.90
204.12	6803.94
204.49	6424.77
204.87	8877.65
205.25	7000.54
205.63	5687.50
206.00	6328.81
206.38	7693.34
206.76	9444.06
207.14	6375.62
207.51	5851.34
207.89	10436.45
208.27	6291.36
208.64	5284.93
209.02	6429.45
209.40	6869.47
209.77	5621.97
210.15	14228.12
210.53	5757.72
210.90	11028.60
211.28	6047.94
211.66	11992.90
212.03	6389.66
212.41	5980.07
212.79	7145.66
213.16	5933.26
213.54	7660.57
213.92	7859.52
214.29	5373.87
214.67	6509.03
215.05	6684.57
215.42	9252.14
215.80	6670.53
216.17	6593.29
216.55	7548.23
216.93	5671.12
217.30	8812.12
217.68	6174.33
218.05	6705.63
218.43	6406.05
218.81	6651.80
219.18	10773.49
219.56	6604.99
219.93	6490.31
220.31	6532.44
220.69	5753.04
221.06	5935.60
221.44	7452.27
221.81	6129.86
222.19	5678.14
222.56	5902.83
222.94	6696.27
223.32	7393.75
223.69	6197.74
224.07	8720.84
224.44	11992.90
224.82	7398.43
225.19	8248.05
225.57	7389.07
225.94	6548.82
226.32	7187.79
226.69	11995.25
227.07	8493.80
227.44	6672.87
227.82	7681.64
228.19	6923.30
228.57	8315.92
228.94	11377.34
229.32	9174.90
229.69	8674.03
230.07	6665.85
230.44	6054.97
230.82	10567.52
231.19	9210.01
231.57	5504.94
231.94	5736.65
232.32	8767.65
232.69	6679.89
233.07	7433.54
233.44	8030.38
233.82	6937.35
234.19	7382.05
234.57	9788.12
234.94	6434.13
235.31	6558.18
235.69	7145.66
236.06	7372.69
236.44	8589.77
236.81	5708.57
237.19	7850.16
237.56	11241.59
237.93	6380.30
238.31	7639.51
238.68	6801.60
239.06	7414.82
239.43	8805.10
239.81	7878.24
240.18	5937.94
240.55	6113.48
240.93	12542.93
241.30	7569.29
241.67	6965.43
242.05	8395.50
242.42	9500.23
242.80	5729.63
243.17	7517.80
243.54	7716.75
243.92	9198.31
244.29	6951.39
244.66	7473.33
245.04	9827.91
245.41	15730.74
245.78	5982.41
246.16	6590.95
246.53	8610.83
246.90	6890.54
247.28	12336.96
247.65	6869.47
248.02	6967.77
248.40	9671.09
248.77	7478.01
249.14	8276.13
249.52	6689.25
249.89	8353.37
250.26	6078.37
250.64	7208.85
251.01	14757.08
251.38	5734.31
251.75	7281.41
252.13	6579.25
252.50	8910.42
252.87	12978.27
253.25	5935.60
253.62	7765.90
253.99	5664.10
254.36	9188.94
254.74	6382.64
255.11	6003.47
255.48	5575.16
255.85	13708.52
256.23	5570.48
256.60	5341.10
256.97	6724.36
257.34	7920.37
257.71	7412.48
258.09	6129.86
258.46	7536.52
258.83	10848.38
259.20	9345.76
259.58	6848.41
259.95	6857.77
260.32	9144.47
260.69	5982.41
261.06	10305.38
261.44	6127.52
261.81	12872.95
262.18	7742.49
262.55	6251.57
262.92	7227.57
263.29	6263.27
263.67	5628.99
264.04	6392.00
264.41	6693.93
264.78	6359.24
265.15	10076.01
265.52	12266.75
265.90	7293.11
266.27	6251.57
266.64	5694.52
267.01	5385.57
267.38	7815.05
267.75	6073.69
268.12	5233.44
268.50	6766.49
268.87	6223.48
269.24	6113.48
269.61	7489.71
269.98	8044.42
270.35	7831.43
270.72	6076.03
271.09	6827.34
271.46	6527.75
271.83	7655.89
272.21	8992.34
272.58	5900.49
272.95	6162.63
273.32	7187.79
273.69	7152.68
274.06	5476.85
274.43	6008.16
274.80	6855.43
275.17	7602.06
275.54	17369.12
275.91	7262.68
276.28	7115.23
276.65	7417.16
277.02	10862.43
277.39	6125.18
277.76	5921.56
278.13	8161.45
278.50	8526.57
278.87	10300.70
279.24	8877.65
279.61	7999.95
279.98	9647.69
280.35	6193.06
280.72	7295.45
281.09	6953.73
281.46	7152.68
281.83	6047.94
282.20	7808.03
282.57	6359.24
282.94	7826.75
283.31	6256.25
283.68	7618.44
284.05	5549.41
284.42	5160.88
284.79	7389.07
285.16	8414.23
285.53	6918.62
285.90	6913.94
286.27	14162.58
286.64	5437.06
287.01	6286.68
287.38	8273.79
287.75	58007.84
288.12	8290.18
288.49	16135.65
288.86	5865.38
289.23	5851.34
289.59	6017.52
289.96	5832.62
290.33	6033.90
290.70	6375.62
291.07	8128.68
291.44	7676.96
291.81	5689.84
292.18	7194.81
292.55	6537.12
292.91	12196.53
293.28	7875.90
293.65	10457.51
294.02	7662.91
294.39	5423.02
294.76	6773.51
295.13	7061.40
295.50	6846.07
295.86	6839.05
296.23	6265.61
296.60	5673.46
296.97	6373.28
297.34	6832.02
297.71	8613.17
298.07	7094.16
298.44	5334.08
298.81	7775.26
299.18	7236.94
299.55	10399.00
299.91	6736.06
300.28	7157.36
300.65	5280.25
301.02	7295.45
301.39	7868.88
301.75	12807.41
302.12	7892.29
302.49	6696.27
302.86	10043.24
303.23	6988.84
303.59	5685.16
303.96	16713.77
304.33	9401.93
304.70	14567.49
305.06	6478.60
305.43	10033.88
305.80	8035.06
306.17	8727.86
306.53	6134.54
306.90	9163.20
307.27	6960.75
307.64	10319.42
308.00	6181.35
308.37	6223.48
308.74	11576.29
309.11	8496.14
309.47	6162.63
309.84	5600.90
310.21	6881.18
310.57	7101.19
310.94	6455.20
311.31	7234.60
311.67	7557.59
312.04	5334.08
312.41	9413.63
312.77	7957.82
313.14	6244.55
313.51	6757.13
313.87	6188.38
314.24	6310.08
314.61	6214.12
314.97	6317.11
315.34	6998.20
315.71	5432.38
316.07	8807.44
316.44	5682.82
316.81	8468.06
317.17	6033.90
317.54	14986.45
317.91	6221.14
318.27	5249.82
318.64	6558.18
319.00	8552.32
319.37	5275.57
319.74	9029.79
320.10	9240.44
320.47	6572.22
320.83	10438.79
321.20	6689.25
321.57	5767.08
321.93	6181.35
322.30	7426.52
322.66	6059.65
323.03	8318.26
323.40	7758.88
323.76	6335.83
324.13	6303.06
324.49	5371.53
324.86	18260.86
325.22	7255.66
325.59	6867.13
325.95	7632.49
326.32	9212.35
326.68	8650.62
327.05	6967.77
327.42	5860.70
327.78	6265.61
328.15	9312.99
328.51	6214.12
328.88	8105.28
329.24	10773.49
329.61	7070.76
329.97	8444.65
330.34	6352.21
330.70	7162.04
331.07	10452.83
331.43	8451.67
331.80	12917.42
332.16	9872.38
332.52	5956.66
332.89	8079.53
333.25	5411.32
333.62	12002.27
333.98	6876.49
334.35	6761.81
334.71	7178.42
335.08	5703.89
335.44	11536.50
335.81	11487.35
336.17	9902.81
336.53	6904.58
336.90	5746.02
337.26	8156.77
337.63	9069.58
337.99	7513.12
338.36	5898.15
338.72	8547.64
339.08	7290.77
339.45	5664.10
339.81	9263.84
340.18	6583.93
340.54	10024.51
340.90	6043.26
341.27	6766.49
341.63	8013.99
341.99	5184.29
342.36	10129.84
342.72	5659.42
343.09	10200.05
343.45	6331.15
343.81	10406.02
344.18	5530.69
344.54	6792.23
344.90	7550.57
345.27	7103.53
345.63	6871.81
345.99	8528.91
346.36	7265.02
346.72	5846.66
347.08	5973.05
347.45	5385.57
347.81	9481.51
348.17	7487.37
348.54	5575.16
348.90	8905.74
349.26	9238.09
349.62	10546.45
349.99	5355.15
350.35	5088.32
350.71	7627.81
351.08	6927.99
351.44	5130.45
351.80	12894.01
352.16	11431.18
352.53	6033.90
352.89	8016.33
353.25	10824.98
353.61	6392.00
353.98	8376.78
354.34	9825.57
354.70	6335.83
355.06	5235.78
355.43	6871.81
355.79	6553.50
356.15	6333.49
356.51	5762.40
356.88	6120.50
357.24	6649.46
357.60	5441.75
357.96	5186.63
358.32	14979.43
358.69	5270.89
359.05	7866.54
359.41	7393.75
359.77	5867.72
360.13	6134.54
360.49	5877.09
360.86	8652.96
361.22	10672.84
361.58	7536.52
361.94	10829.66
362.30	5884.11
362.66	8147.40
363.03	5249.82
363.39	5203.01
363.75	6099.44
364.11	9760.03
364.47	6111.14
364.83	10415.38
365.19	7400.77
365.56	8608.49
365.92	5247.48
366.28	8482.10
366.64	9605.56
367.00	5336.42
367.36	5350.46
367.72	9760.03
368.08	9139.79
368.44	6209.44
368.80	8002.29
369.17	6310.08
369.53	6773.51
369.89	5811.55
370.25	5895.81
370.61	6188.38
370.97	10572.20
371.33	6282.00
371.69	12287.81
372.05	8023.36
372.41	5760.06
372.77	6471.58
373.13	7435.88
373.49	5093.01
373.85	7744.83
374.21	7356.30
374.57	5558.77
374.93	8432.95
375.29	8872.97
375.65	7309.49
376.01	7077.78
376.37	9844.29
376.73	8294.86
377.09	5767.08
377.45	9657.05
377.81	6649.46
378.17	5846.66
378.53	5128.11
378.89	8180.17
379.25	10761.78
379.61	13778.73
379.97	9118.73
380.33	6441.15
380.69	5902.83
381.05	5636.01
381.41	8800.41
381.77	7070.76
382.13	8395.50
382.49	14544.09
382.85	7187.79
383.21	8652.96
383.57	5254.50
383.93	10190.69
384.28	5083.64
384.64	6305.40
385.00	7407.80
385.36	7164.38
385.72	8800.41
386.08	5905.17
386.44	8585.08
386.80	8704.45
387.16	10497.30
387.52	9242.78
387.87	13224.03
388.23	7665.25
388.59	6132.20
388.95	5385.57
389.31	6509.03
389.67	6558.18
390.03	6108.80
390.38	6195.40
390.74	4940.87
391.10	9116.39
391.46	7410.14
391.82	5851.34
392.18	8088.89
392.54	4816.82
392.89	5537.71
393.25	8182.51
393.61	5624.31
393.97	5315.36
394.33	7555.25
394.68	6651.80
395.04	5418.34
395.40	7283.75
395.76	8968.93
396.12	7356.30
396.47	5692.18
396.83	6736.06
397.19	5511.96
397.55	5633.67
397.90	7016.93
398.26	7262.68
398.62	5467.49
398.98	4877.68
399.33	6534.78
399.69	24224.54
400.05	8009.31
400.41	5685.16
400.76	8432.95
401.12	9916.85
401.48	7686.32
401.84	6010.50
402.19	6200.08
402.55	7489.71
402.91	6958.41
403.26	5076.62
403.62	8133.36
403.98	6883.52
404.34	4758.31
404.69	6822.66
405.05	8746.58
405.41	13720.22
405.76	5816.23
406.12	5956.66
406.48	6689.25
406.83	6045.60
407.19	8149.75
407.55	7618.44
407.90	13572.77
408.26	8266.77
408.62	8865.95
408.97	6942.03
409.33	5336.42
409.68	5640.69
410.04	7389.07
410.40	5806.87
410.75	7723.77
411.11	5769.42
411.47	7447.58
411.82	6555.84
412.18	7014.59
412.53	6574.56
412.89	6106.46
413.25	6689.25
413.60	7047.35
413.96	5039.17
414.31	6340.51
414.67	7234.60
415.03	5210.03
415.38	5701.54
415.74	6340.51
416.09	6382.64
416.45	8177.83
416.80	5851.34
417.16	8297.20
417.51	6569.88
417.87	6239.87
418.23	7442.90
418.58	7749.51
418.94	4954.91
419.29	5856.02
419.65	7349.28
420.00	8652.96
420.36	7915.69
420.71	7960.16
421.07	5481.53
421.42	6897.56
421.78	8999.36
422.13	6436.47
422.49	5291.95
422.84	7148.00
423.20	5158.54
423.55	5483.88
423.91	5392.59
424.26	13554.04
424.61	8126.34
424.97	10876.47
425.32	5795.17
425.68	6513.71
426.03	7499.08
426.39	9823.23
426.74	9554.07
427.10	8957.23
427.45	6099.44
427.80	7501.42
428.16	6705.63
428.51	6675.21
428.87	7606.74
429.22	9380.87
429.58	9916.85
429.93	9701.52
430.28	5858.36
430.64	5846.66
430.99	5090.67
431.35	7225.23
431.70	6429.45
432.05	6689.25
432.41	7999.95
432.76	7494.40
433.11	7765.90
433.47	7522.48
433.82	10256.23
434.17	7939.10
434.53	7564.61
434.88	13495.53
435.24	7456.95
435.59	7185.44
435.94	5530.69
436.30	7955.48
436.65	6324.13
437.00	9193.62
437.35	15681.59
437.71	6417.75
438.06	6071.35
438.41	6033.90
438.77	7665.25
439.12	5198.33
439.47	4727.88
439.83	7424.18
440.18	5177.26
440.53	6487.96
440.88	11901.62
441.24	8212.94
441.59	5582.18
441.94	6279.66
442.30	7936.76
442.65	12257.39
443.00	6832.02
443.35	10043.24
443.71	6347.53
444.06	9071.92
444.41	7698.02
444.76	11192.44
445.11	7054.37
445.47	10010.47
445.82	8826.16
446.17	5811.55
446.52	10073.67
446.88	7035.65
447.23	5137.48
447.58	7784.62
447.93	5860.70
448.28	28725.39
448.63	10579.22
448.99	6787.55
449.34	8126.34
449.69	8526.57
450.04	6073.69
450.39	5975.39
450.74	6817.98
451.10	6715.00
451.45	7162.04
451.80	7316.51
452.15	9565.77
452.50	7899.31
452.85	9490.87
453.21	8652.96
453.56	7761.22
453.91	6534.78
454.26	7143.32
454.61	5654.73
454.96	8250.39
455.31	6494.99
455.66	6148.59
456.01	7983.57
456.36	6195.40
456.72	5834.96
457.07	7564.61
457.42	9984.73
457.77	9011.06
458.12	5710.91
458.47	7178.42
458.82	9397.25
459.17	6909.26
459.52	7176.08
459.87	11550.54
460.22	5575.16
460.57	7049.69
460.92	5961.34
461.27	7981.23
461.62	6558.18
461.97	5813.89
462.32	11761.19
462.67	10101.75
463.02	13149.13
463.38	13046.15
463.73	8760.63
464.08	11929.71
464.43	7524.82
464.78	5369.19
465.12	7957.82
465.47	8280.82
465.82	26562.74
466.17	6516.05
466.52	8304.22
466.87	6246.89
467.22	5907.51
467.57	5057.90
467.92	7524.82
468.27	10633.05
468.62	14391.95
468.97	6583.93
469.32	4762.99
469.67	15171.35
470.02	13710.86
470.37	6129.86
470.72	7346.94
471.07	5135.14
471.42	6595.63
471.76	6764.15
472.11	6328.81
472.46	8444.65
472.81	14370.89
473.16	5823.25
473.51	5874.74
473.86	5160.88
474.21	6410.73
474.56	6256.25
474.90	6022.20
475.25	9577.47
475.60	8535.93
475.95	5921.56
476.30	11152.65
476.65	10127.50
477.00	14560.47
477.34	10743.06
477.69	5406.64
478.04	9055.53
478.39	7087.14
478.74	5647.71
479.09	5139.82
479.43	6993.52
479.78	4847.25
480.13	12187.17
480.48	9912.17
480.83	7211.19
481.17	5437.06
481.52	6984.16
481.87	6380.30
482.22	11557.57
482.57	6490.31
482.91	9029.79
483.26	7618.44
483.61	6296.04
483.96	7105.87
484.30	65535.00
484.65	12643.57
485.00	5706.23
485.35	6628.40
485.69	5853.68
486.04	6476.26
486.39	7513.12
486.74	7274.38
487.08	5123.43
487.43	7665.25
487.78	4863.63
488.12	8102.93
488.47	5998.79
488.82	10291.34
489.17	5781.12
489.51	5004.07
489.86	7695.68
490.21	4980.66
490.55	7501.42
490.90	5280.25
491.25	6164.97
491.59	5380.89
491.94	12327.60
492.29	6237.53
492.63	6822.66
492.98	4652.98
493.33	7166.72
493.67	6047.94
494.02	5362.17
494.37	5533.03
494.71	8189.53
495.06	6038.58
495.40	10071.33
495.75	5753.04
496.10	10169.63
496.44	6707.98
496.79	8109.96
497.13	5729.63
497.48	13837.25
497.83	10090.05
498.17	8018.68
498.52	5975.39
498.86	8479.76
499.21	6523.07
499.56	5715.59
499.90	6333.49
500.25	5179.61
500.59	6773.51
500.94	7737.81
501.28	8552.32
501.63	9338.74
501.97	6401.37
502.32	5678.14
502.67	7709.72
503.01	5322.38
503.36	6001.13
503.70	6019.86
504.05	8060.80
504.39	8795.73
504.74	6562.86
505.08	10464.54
505.43	4762.99
505.77	5371.53
506.12	7358.64
506.46	6480.94
506.81	5701.54
507.15	5640.69
507.49	6179.01
507.84	5680.48
508.18	7379.71
508.53	7220.55
508.87	7063.74
509.22	6340.51
509.56	65535.00
509.91	18913.87
510.25	6949.05
510.60	4877.68
510.94	8779.35
511.28	4781.71
511.63	9238.09
511.97	7393.75
512.32	8821.48
512.66	5678.14
513.00	6853.09
513.35	9198.31
513.69	5687.50
514.04	8236.35
514.38	8458.70
514.72	7328.22
515.07	5664.10
515.41	5753.04
515.76	5724.95
516.10	6890.54
516.44	8557.00
516.79	6069.01
517.13	5233.44
517.47	9226.39
517.82	7145.66
518.16	6518.39
518.50	7318.86
518.85	7131.61
519.19	9816.21
519.53	13015.72
519.88	8667.00
520.22	6384.98
520.56	6792.23
520.91	5219.39
521.25	5441.75
521.59	6614.35
521.93	7688.66
522.28	6413.07
522.62	7363.33
522.96	8718.50
523.31	6450.52
523.65	7885.26
523.99	8329.97
524.33	11164.36
524.68	8006.97
525.02	5315.36
525.36	7669.94
525.70	5121.09
526.05	5851.34
526.39	5502.60
526.73	8102.93
527.07	7047.35
527.41	10422.41
527.76	5746.02
528.10	6314.77
528.44	7714.41
528.78	6600.31
529.12	8250.39
529.47	6530.09
529.81	9043.83
530.15	9214.69
530.49	7969.52
530.83	4889.38
531.18	5425.36
531.52	6513.71
531.86	5240.46
532.20	7052.03
532.54	9364.48
532.88	4713.84
533.22	6347.53
533.57	7007.56
533.91	9097.66
534.25	5296.63
534.59	10406.02
534.93	8348.69
535.27	5785.80
535.61	6394.34
535.95	10607.31
536.30	5200.67
536.64	6689.25
536.98	4631.92
537.32	6331.15
537.66	4908.10
538.00	7990.59
538.34	8107.62
538.68	8093.57
539.02	11213.51
539.36	6026.88
539.70	5219.39
540.04	6541.80
540.39	19183.03
540.73	5617.29
541.07	6810.96
541.41	7330.56
541.75	7541.21
542.09	9926.21
542.43	7595.04
542.77	6773.51
543.11	7206.51
543.45	6820.32
543.79	9294.27
544.13	6438.81
544.47	6408.39
544.81	5715.59
545.15	8046.76
545.49	6600.31
545.83	5336.42
546.17	6174.33
546.51	4690.43
546.85	5959.00
547.19	10600.29
547.53	5217.05
547.87	8168.47
548.21	11625.44
548.54	7021.61
548.88	5947.30
549.22	5727.29
549.56	5078.96
549.90	5926.24
550.24	6752.45
550.58	5558.77
550.92	9451.08
551.26	6019.86
551.60	10581.56
551.94	6274.98
552.28	6216.46
552.61	8107.62
552.95	6513.71
553.29	6045.60
553.63	7014.59
553.97	10824.98
554.31	8947.87
554.65	10097.07
554.99	9895.78
555.32	6115.82
555.66	7983.57
556.00	4765.33
556.34	6502.01
556.68	7108.21
557.02	9022.77
557.36	6974.80
557.69	6588.61
558.03	5944.96
558.37	12252.70
558.71	14370.89
559.05	10127.50
559.38	10995.84
559.72	5666.44
560.06	8641.26
560.40	8011.65
560.74	9638.33
561.07	7957.82
561.41	8826.16
561.75	7754.19
562.09	6043.26
562.42	8781.69
562.76	8133.36
563.10	7068.42
563.44	23791.55
563.77	7494.40
564.11	7964.84
564.45	9469.81
564.79	7852.50
565.12	7272.04
565.46	7391.41
565.80	7513.12
566.14	7456.95
566.47	9067.24
566.81	5720.27
567.15	7368.01
567.48	7812.71
567.82	8070.17
568.16	7531.84
568.49	5703.89
568.83	5357.49
569.17	6839.05
569.50	7524.82
569.84	10434.11
570.18	7683.98
570.51	10970.09
570.85	6731.38
571.19	6394.34
571.52	5827.93
571.86	9039.15
572.20	6319.45
572.53	10534.75
572.87	5769.42
573.21	5542.39
573.54	5430.04
573.88	7323.54
574.21	7103.53
574.55	6691.59
574.89	9551.73
575.22	8709.13
575.56	6148.59
575.89	6052.63
576.23	6384.98
576.57	7651.21
576.90	5905.17
577.24	7194.81
577.57	5298.97
577.91	7454.61
578.24	5146.84
578.58	6726.70
578.91	7873.56
579.25	5774.10
579.59	7164.38
579.92	6633.08
580.26	5181.95
580.59	7669.94
580.93	7377.37
581.26	6228.17
581.60	7859.52
581.93	8290.18
582.27	10675.18
582.60	5661.76
582.94	7435.88
583.27	5238.12
583.61	6413.07
583.94	7300.13
584.28	5355.15
584.61	6420.09
584.94	7976.55
585.28	7852.50
585.61	8519.55
585.95	8208.26
586.28	11365.64
586.62	12716.13
586.95	6848.41
587.29	11906.31
587.62	14820.27
587.95	5441.75
588.29	7234.60
588.62	8205.92
588.96	9123.41
589.29	6279.66
589.62	6115.82
589.96	6525.41
590.29	5987.09
590.63	5181.95
590.96	8589.77
591.29	8985.32
591.63	9228.73
591.96	5565.79
592.29	6361.58
592.63	6193.06
592.96	7466.31
593.30	11454.58
593.63	7503.76
593.96	5729.63
594.30	6197.74
594.63	7747.17
594.96	11431.18
595.30	6867.13
595.63	6256.25
595.96	5933.26
596.29	7634.83
596.63	6443.49
596.96	8580.40
597.29	7833.77
597.63	5093.01
597.96	9685.14
598.29	9518.96
598.63	9287.25
598.96	5916.87
599.29	6218.80
599.62	6085.39
599.96	5973.05
600.29	6612.01
600.62	5713.25
600.95	6218.80
601.29	6700.95
601.62	7646.53
601.95	6799.26
602.28	6087.73
602.61	22588.51
602.95	7035.65
603.28	11698.00
603.61	5731.97
603.94	9111.71
604.27	5748.36
604.61	8341.67
604.94	7911.01
605.27	7389.07
605.60	5535.37
605.93	6200.08
606.27	8816.80
606.60	5652.39
606.93	5310.68
607.26	10778.17
607.59	6902.24
607.92	9493.21
608.26	5963.68
608.59	5942.62
608.92	6560.52
609.25	5685.16
609.58	7627.81
609.91	8016.33
610.24	12961.89
610.57	7812.71
610.90	9415.98
611.24	5107.05
611.57	5221.74
611.90	8631.90
612.23	6656.48
612.56	8688.07
612.89	8500.83
613.22	8519.55
613.55	4968.96
613.88	9172.56
614.21	5647.71
614.54	7674.62
614.87	5717.93
615.20	4793.42
615.53	9745.99
615.87	5961.34
616.20	7082.46
616.53	10017.49
616.86	6902.24
617.19	7955.48
617.52	6155.61
617.85	6263.27
618.18	5783.46
618.51	6368.60
618.84	8407.20
619.17	6670.53
619.50	10558.16
619.83	10050.26
620.16	8334.65
620.49	6134.54
620.82	13617.24
621.14	10518.37
621.47	6375.62
621.80	9411.29
622.13	7276.73
622.46	14389.61
622.79	8346.35
623.12	5516.64
623.45	8994.68
623.78	8456.36
624.11	5540.05
624.44	7564.61
624.77	5540.05
625.10	5935.60
625.43	5572.82
625.75	7213.53
626.08	5947.30
626.41	5682.82
626.74	7094.16
627.07	6251.57
627.40	11932.05
627.73	6382.64
628.06	5731.97
628.38	4573.41
628.71	8688.07
629.04	9675.77
629.37	8421.25
629.70	7276.73
630.03	5753.04
630.36	9561.09
630.68	8664.66
631.01	6071.35
631.34	10792.21
631.67	6155.61
632.00	4837.89
632.32	8861.27
632.65	9774.08
632.98	7545.89
633.31	7002.88
633.64	8865.95
633.96	5767.08
634.29	10417.72
634.62	7103.53
634.95	7445.24
635.27	7384.39
635.60	8278.47
635.93	7644.19
636.26	7616.10
636.58	6359.24
636.91	6122.84
637.24	5872.40
637.57	7194.81
637.89	8037.40
638.22	6331.15
638.55	7206.51
638.87	7492.05
639.20	8463.38
639.53	7751.85
639.86	6157.95
640.18	5687.50
640.51	7328.22
640.84	7585.68
641.16	5507.28
641.49	7363.33
641.82	5472.17
642.14	5617.29
642.47	13661.71
642.80	6850.75
643.12	9020.42
643.45	6890.54
643.78	7126.93
644.10	6036.24
644.43	6857.77
644.75	9769.40
645.08	5137.48
645.41	7922.71
645.73	5561.11
646.06	14965.39
646.39	8828.50
646.71	6155.61
647.04	5755.38
647.36	5081.30
647.69	8271.45
648.01	7131.61
648.34	5987.09
648.67	9418.32
648.99	10040.90
649.32	5841.98
649.64	5313.02
649.97	4690.43
650.29	5399.62
650.62	14146.20
650.94	7019.27
651.27	10766.46
651.59	6803.94
651.92	5902.83
652.25	7754.19
652.57	5668.78
652.90	5755.38
653.22	7489.71
653.55	7583.34
653.87	4828.53
654.20	7143.32
654.52	10864.77
654.84	6602.65
655.17	7997.61
655.49	11066.05
655.82	6476.26
656.14	7424.18
656.47	8404.86
656.79	11494.37
657.12	6485.62
657.44	6324.13
657.77	8601.47
658.09	7269.70
658.41	6670.53
658.74	8308.90
659.06	5280.25
659.39	6619.04
659.71	6179.01
660.03	6871.81
660.36	6394.34
660.68	9743.65
661.01	12772.30
661.33	10253.89
661.65	6157.95
661.98	13572.77
662.30	10186.01
662.63	6897.56
662.95	6485.62
663.27	6029.22
663.60	5359.83
663.92	6649.46
664.24	6745.42
664.57	5476.85
664.89	6069.01
665.21	6179.01
665.54	9195.96
665.86	7115.23
666.18	7468.65
666.51	10164.95
666.83	6242.21
667.15	14822.61
667.47	9364.48
667.80	8065.49
668.12	5916.87
668.44	7190.13
668.77	8634.24
669.09	10127.50
669.41	8575.72
669.73	5226.42
670.06	7014.59
670.38	6527.75
670.70	5261.52
671.02	8133.36
671.35	6317.11
671.67	10118.14
671.99	6509.03
672.31	9912.17
672.63	7639.51
672.96	10850.72
673.28	6380.30
673.60	7243.96
673.92	7269.70
674.24	5849.00
674.57	6017.52
674.89	9521.30
675.21	6628.40
675.53	8950.21
675.85	9666.41
676.17	9844.29
676.50	5619.63
676.82	9664.07
677.14	7300.13
677.46	14108.75
677.78	5317.70
678.10	9303.63
678.42	6803.94
678.75	6155.61
679.07	5652.39
679.39	6986.50
679.71	6286.68
680.03	6282.00
680.35	6216.46
680.67	6427.11
680.99	5998.79
681.31	5345.78
681.63	7978.89
681.96	9977.70
682.28	6352.21
682.60	5640.69
682.92	8395.50
683.24	5249.82
683.56	8454.02
683.88	6286.68
684.20	6628.40
684.52	6291.36
684.84	6263.27
685.16	6499.67
685.48	8833.18
685.80	7740.15
686.12	8381.46
686.44	11597.35
686.76	6855.43
687.08	5247.48
687.40	5692.18
687.72	9224.05
688.04	6604.99
688.36	14251.52
688.68	10677.52
689.00	7829.09
689.32	6476.26
689.64	6408.39
689.96	6846.07
690.28	9614.92
690.60	8713.81
690.92	6057.31
691.24	8336.99
691.56	6621.38
691.88	6766.49
692.19	5907.51
692.51	9191.28
692.83	7822.07
693.15	8755.94
693.47	7817.39
693.79	7206.51
694.11	9516.62
694.43	7812.71
694.75	6920.96
695.06	7520.14
695.38	9989.41
695.70	7110.55
696.02	7400.77
696.34	6532.44
696.66	6462.22
696.98	5095.35
697.29	7288.43
697.61	11000.52
697.93	9736.63
698.25	13226.37
698.57	7899.31
698.89	5350.46
699.20	6766.49
699.52	10942.00
699.84	4952.57
700.16	6834.36
700.48	10312.40
700.79	5767.08
701.11	11492.03
701.43	9191.28
701.75	6120.50
702.07	6614.35
702.38	11756.51
702.70	6146.25
703.02	5977.73
703.34	8552.32
703.65	7297.79
703.97	6633.08
704.29	4999.38
704.61	5785.80
704.92	8912.76
705.24	6703.29
705.56	9366.82
705.87	9621.94
706.19	7080.12
706.51	5226.42
706.82	9631.30
707.14	5996.45
707.46	5242.80
707.78	5891.13
708.09	8217.62
708.41	9418.32
708.73	7475.67
709.04	10132.18
709.36	6686.91
709.68	7030.97
709.99	12987.63
710.31	10373.25
710.62	7155.02
710.94	6499.67
711.26	8039.74
711.57	6513.71
711.89	5586.86
712.21	14644.73
712.52	7075.44
712.84	10284.31
713.15	7480.35
713.47	9067.24
713.79	5488.56
714.10	6155.61
714.42	6609.67
714.73	10586.24
715.05	5542.39
715.36	5778.78
715.68	5912.19
715.99	6635.42
716.31	9596.20
716.63	8451.67
716.94	9327.03
717.26	19623.05
717.57	9184.26
717.89	11405.43
718.20	5959.00
718.52	9219.37
718.83	6925.65
719.15	14443.45
719.46	14101.73
719.78	7499.08
720.09	6890.54
720.41	5935.60
720.72	5715.59
721.04	5774.10
721.35	6869.47
721.67	6888.20
721.98	6485.62
722.29	6431.79
722.61	6150.93
722.92	5144.50
723.24	6806.28
723.55	7255.66
723.87	7412.48
724.18	8737.22
724.50	5621.97
724.81	6827.34
725.12	6897.56
725.44	8234.00
725.75	7365.67
726.07	10298.36
726.38	8311.24
726.69	6567.54
727.01	8589.77
727.32	8894.04
727.63	6494.99
727.95	10649.44
728.26	6239.87
728.58	8837.86
728.89	6312.42
729.20	6988.84
729.52	5837.30
729.83	13397.23
730.14	8409.54
730.46	7145.66
730.77	9699.18
731.08	8397.84
731.39	6607.33
731.71	7075.44
732.02	9041.49
732.33	7126.93
732.65	6691.59
732.96	10630.71
733.27	9109.36
733.59	14052.58
733.90	9603.22
734.21	5706.23
734.52	6712.66
734.84	16723.13
735.15	6410.73
735.46	6951.39
735.77	7279.07
736.09	7126.93
736.40	10820.30
736.71	8931.48
737.02	5537.71
737.33	6539.46
737.65	6246.89
737.96	7255.66
738.27	7646.53
738.58	13177.22
738.89	8599.13
739.21	6251.57
739.52	5179.61
739.83	8575.72
740.14	6047.94
740.45	7241.62
740.76	6487.96
741.08	5689.84
741.39	6911.60
741.70	6401.37
742.01	7733.13
742.32	10061.96
742.63	7466.31
742.94	6129.86
743.26	8603.81
743.57	7955.48
743.88	9179.58
744.19	7770.58
744.50	6750.10
744.81	12252.70
745.12	7077.78
745.43	6876.49
745.74	15117.52
746.05	12444.63
746.36	5200.67
746.67	12093.55
746.99	6689.25
747.30	8355.71
747.61	6434.13
747.92	7784.62
748.23	9713.22
748.54	6726.70
748.85	6810.96
749.16	7440.56
749.47	5982.41
749.78	6604.99
750.09	6342.85
750.40	7817.39
750.71	7583.34
751.02	8259.75
751.33	6951.39
751.64	7873.56
751.95	7108.21
752.26	8629.56
752.57	8671.68
752.88	6712.66
753.19	7089.48
753.50	10356.87
753.81	6951.39
754.11	7276.73
754.42	16531.20
754.73	7417.16
755.04	8147.40
755.35	7878.24
755.66	13568.09
755.97	5888.79
756.28	5755.38
756.59	8456.36
756.90	16580.36
757.21	7997.61
757.52	11073.07
757.82	8177.83
758.13	6363.92
758.44	9879.40
758.75	8587.43
759.06	6384.98
759.37	5804.53
759.68	7967.18
759.98	6326.47
760.29	8643.60
760.60	7665.25
760.91	5357.49
761.22	6878.83
761.53	7447.58
761.83	6106.46
762.14	7424.18
762.45	6256.25
762.76	5589.20
763.07	8210.60
763.37	15955.43
763.68	11302.45
763.99	12767.62
764.30	11653.53
764.60	6279.66
764.91	9874.72
765.22	7524.82
765.53	13345.73
765.84	7803.35
766.14	6871.81
766.45	5495.58
766.76	10939.66
767.06	11655.87
767.37	6764.15
767.68	7318.86
767.99	6738.40
768.29	6469.24
768.60	7155.02
768.91	9937.91
769.21	12896.35
769.52	10747.74
769.83	7220.55
770.13	7192.47
770.44	6796.92
770.75	9039.15
771.05	7197.15
771.36	8854.25
771.67	7660.57
771.97	6827.34
772.28	7040.33
772.59	7592.70
772.89	9329.38
773.20	6438.81
773.51	6359.24
773.81	11461.60
774.12	5942.62
774.42	7190.13
774.73	6108.80
775.04	6251.57
775.34	21118.65
775.65	8369.76
775.95	12346.33
776.26	8145.06
776.56	6633.08
776.87	8383.80
777.18	65535.00
777.48	17511.89
777.79	7730.79
778.09	10752.42
778.40	6820.32
778.70	6719.68
779.01	10640.08
779.31	7536.52
779.62	6707.98
779.92	8823.82
780.23	8482.10
780.53	5584.52
780.84	7155.02
781.14	6516.05
781.45	6436.47
781.75	9317.67
782.06	6164.97
782.36	8124.00
782.67	6003.47
782.97	6230.51
783.28	13057.85
783.58	6722.02
783.89	6506.69
784.19	8446.99
784.49	12657.62
784.80	7035.65
785.10	12800.39
785.41	6012.84
785.71	8540.61
786.02	8292.52
786.32	13827.88
786.62	9242.78
786.93	11602.04
787.23	6640.10
787.54	6820.32
787.84	12332.28
788.14	8372.10
788.45	5572.82
788.75	9968.34
789.05	5776.44
789.36	7080.12
789.66	13540.00
789.96	9130.43
790.27	7283.75
790.57	7122.25
790.87	6204.76
791.18	6387.32
791.48	6363.92
791.78	8194.22
792.09	8734.88
792.39	6380.30
792.69	9406.61
793.00	8304.22
793.30	8858.93
793.60	5905.17
793.90	5476.85
794.21	8234.00
794.51	16695.04
794.81	10778.17
795.11	7372.69
795.42	6382.64
795.72	11346.92
796.02	9186.60
796.32	8386.14
796.63	8547.64
796.93	10054.94
797.23	9041.49
797.53	7871.22
797.84	10588.58
798.14	6162.63
798.44	8086.55
798.74	8585.08
799.04	8116.98
799.34	5849.00
799.65	15384.34
799.95	7822.07
800.25	6967.77
800.55	6864.79
800.85	7943.78
801.15	6298.38
801.46	7218.21
801.76	17640.62
802.06	6719.68
802.36	9174.90
802.66	6745.42
802.96	9214.69
803.26	10534.75
803.56	13069.55
803.87	16255.02
804.17	7166.72
804.47	9645.35
804.77	10286.65
805.07	10384.96
805.37	9345.76
805.67	8847.22
805.97	6949.05
806.27	7199.49
806.57	6654.14
806.87	11700.34
807.17	7950.80
807.47	11105.84
807.77	10782.85
808.07	6675.21
808.37	11389.05
808.67	7782.28
808.98	15094.11
809.28	6848.41
809.58	15679.25
809.88	10345.17
810.18	14256.20
810.47	6911.60
810.77	7166.72
811.07	9305.97
811.37	8404.86
811.67	6080.71
811.97	5263.86
812.27	6033.90
812.57	5282.59
812.87	6450.52
813.17	6399.02
813.47	6279.66
813.77	6778.19
814.07	6532.44
814.37	9870.04
814.67	6291.36
814.97	7091.82
815.27	6270.30
815.56	8603.81
815.86	11199.46
816.16	7918.03
816.46	5673.46
816.76	6384.98
817.06	10174.31
817.36	12327.60
817.66	7531.84
817.95	6054.97
818.25	8222.30
818.55	9895.78
818.85	9090.64
819.15	6548.82
819.45	13172.54
819.75	7398.43
820.04	7421.84
820.34	15412.43
820.64	9652.37
820.94	12140.36
821.24	7098.84
821.53	6881.18
821.83	6597.97
822.13	5919.21
822.43	6904.58
822.72	5731.97
823.02	6293.70
823.32	5898.15
823.62	7857.18
823.91	14469.19
824.21	5820.91
824.51	8203.58
824.81	6935.01
825.10	5680.48
825.40	8992.34
825.70	7559.93
826.00	12435.27
826.29	6609.67
826.59	8116.98
826.89	6965.43
827.18	6375.62
827.48	6490.31
827.78	5891.13
828.07	7258.00
828.37	9055.53
828.67	8091.23
828.96	7534.18
829.26	6466.90
829.56	10572.20
829.85	6597.97
830.15	7978.89
830.45	5640.69
830.74	12053.76
831.04	9233.41
831.34	10251.55
831.63	13146.79
831.93	9610.24
832.22	9025.11
832.52	7468.65
832.82	5923.90
833.11	5858.36
833.41	6094.76
833.70	6780.53
834.00	10092.39
834.29	7817.39
834.59	5645.37
834.89	8184.85
835.18	6827.34
835.48	12748.90
835.77	8798.07
836.07	9205.33
836.36	9064.89
836.66	10052.60
836.95	7129.27
837.25	6272.64
837.54	8549.98
837.84	6579.25
838.13	7728.45
838.43	6249.23
838.72	13568.09
839.02	10530.07
839.31	6244.55
839.61	10630.71
839.90	5668.78
840.20	7459.29
840.49	5771.76
840.78	8072.51
841.08	8940.85
841.37	6637.76
841.67	5776.44
841.96	8627.21
842.26	7824.41
842.55	5591.54
842.84	6036.24
843.14	9682.80
843.43	5706.23
843.73	7190.13
844.02	5699.20
844.31	6881.18
844.61	6551.16
844.90	8065.49
845.20	7590.36
845.49	5224.08
845.78	6616.69
846.08	5865.38
846.37	4924.49
846.66	8411.89
846.96	8793.39
847.25	8374.44
847.54	5631.33
847.84	8741.90
848.13	6993.52
848.42	9640.67
848.72	6305.40
849.01	8725.52
849.30	6403.71
849.59	6008.16
849.89	6305.40
850.18	11932.05
850.47	5933.26
850.76	15613.71
851.06	14310.04
851.35	8341.67
851.64	9404.27
851.93	7569.29
852.23	10504.32
852.52	6927.99
852.81	6490.31
853.10	6300.72
853.40	5444.09
853.69	5352.81
853.98	7229.91
854.27	9518.96
854.56	6523.07
854.86	8538.27
855.15	7424.18
855.44	7932.08
855.73	5406.64
856.02	6347.53
856.31	9219.37
856.61	7918.03
856.90	6602.65
857.19	5710.91
857.48	5497.92
857.77	5790.49
858.06	4943.21
858.35	5628.99
858.65	11180.74
858.94	9078.94
859.23	7157.36
859.52	8915.10
859.81	11719.06
860.10	6363.92
860.39	8940.85
860.68	7564.61
860.97	5937.94
861.26	6150.93
861.55	11791.62
861.85	7524.82
862.14	8975.95
862.43	9317.67
862.72	7590.36
863.01	5607.92
863.30	6712.66
863.59	7307.15
863.88	6925.65
864.17	7091.82
864.46	6059.65
864.75	14279.61
865.04	7466.31
865.33	5753.04
865.62	10452.83
865.91	6331.15
866.20	8774.67
866.49	6562.86
866.78	6843.73
867.07	6651.80
867.36	9771.74
867.65	9823.23
867.93	8667.00
868.22	7262.68
868.51	6857.77
868.80	7550.57
869.09	6986.50
869.38	6061.99
869.67	12002.27
869.96	12002.27
870.25	12002.27
