178.76	1724.97
179.14	1724.97
179.52	1724.97
179.90	1652.42
180.28	11246.27
180.66	10038.56
181.04	9984.73
181.42	7564.61
181.80	6581.59
182.18	11288.40
182.55	6101.78
182.93	7480.35
183.31	7225.23
183.69	8133.36
184.07	8458.70
184.45	7246.30
184.83	7543.55
185.21	6796.92
185.59	6946.71
185.97	17235.70
186.35	12477.40
186.72	7405.46
187.10	7520.14
187.48	12182.49
187.86	9341.08
188.24	6792.23
188.62	6354.55
189.00	11307.13
189.38	8287.84
189.75	8304.22
190.13	8088.89
190.51	6366.26
190.89	15695.63
191.27	21694.43
191.65	7286.09
192.03	8259.75
192.40	10586.24
192.78	7756.54
193.16	9092.98
193.54	12702.09
193.92	11180.74
194.30	6782.87
194.67	9806.84
195.05	8699.77
195.43	7564.61
195.81	7084.80
196.19	11211.17
196.56	7953.14
196.94	7534.18
197.32	11948.43
197.70	6623.72
198.08	8777.01
198.45	6998.20
198.83	7779.94
199.21	7000.54
199.59	12648.26
199.97	8388.48
200.34	6015.18
200.72	6850.75
201.10	14544.09
201.48	10263.25
201.85	6368.60
202.23	7138.63
202.61	6595.63
202.99	16243.32
203.36	6724.36
203.74	9621.94
204.12	7676.96
204.49	6754.79
204.87	9060.21
205.25	7183.10
205.63	5902.83
206.00	6480.94
206.38	8210.60
206.76	10125.16
207.14	6775.85
207.51	6141.57
207.89	11232.23
208.27	6537.12
208.64	5504.94
209.02	6801.60
209.40	7150.34
209.77	5724.95
210.15	15089.43
210.53	6134.54
210.90	11538.84
211.28	6384.98
211.66	12456.33
212.03	6656.48
212.41	5956.66
212.79	7307.15
213.16	6087.73
213.54	7854.84
213.92	8138.04
214.29	5811.55
214.67	6825.00
215.05	6977.14
215.42	9584.49
215.80	6949.05
216.17	6834.36
216.55	7861.86
216.93	6003.47
217.30	9156.18
217.68	6476.26
218.05	6822.66
218.43	6619.04
218.81	6869.47
219.18	11508.41
219.56	6960.75
219.93	6801.60
220.31	6569.88
220.69	6094.76
221.06	6200.08
221.44	7957.82
221.81	6384.98
222.19	5809.21
222.56	6157.95
222.94	6902.24
223.32	7801.01
223.69	6546.48
224.07	9071.92
224.44	10223.46
224.82	7698.02
225.19	8643.60
225.57	7707.38
225.94	7033.31
226.32	7543.55
226.69	12528.89
227.07	8840.20
227.44	7000.54
227.82	8142.72
228.19	7293.11
228.57	9144.47
228.94	12028.01
229.32	9919.19
229.69	9048.51
230.07	7070.76
230.44	6286.68
230.82	11520.12
231.19	9745.99
231.57	5827.93
231.94	5961.34
232.32	15625.42
232.69	7442.90
233.07	7782.28
233.44	7068.42
233.82	6937.35
234.19	7585.68
234.57	10370.91
234.94	6480.94
235.31	6846.07
235.69	7473.33
236.06	7768.24
236.44	9043.83
236.81	6097.10
237.19	8175.49
237.56	12224.62
237.93	6581.59
238.31	7946.12
238.68	7033.31
239.06	7744.83
239.43	9221.71
239.81	8381.46
240.18	6207.10
240.55	6387.32
240.93	13385.52
241.30	8152.09
241.67	7286.09
242.05	8840.20
242.42	9935.57
242.80	5959.00
243.17	7985.91
243.54	7950.80
243.92	9509.60
244.29	7281.41
244.66	7789.30
245.04	10281.97
245.41	16624.83
245.78	6090.07
246.16	7021.61
246.53	9200.65
246.90	7337.58
247.28	13575.11
247.65	7204.17
248.02	7342.26
248.40	10223.46
248.77	7798.66
249.14	8573.38
249.52	7176.08
249.89	8549.98
250.26	6335.83
250.64	7712.07
251.01	15779.89
251.38	5935.60
251.75	7463.97
252.13	6927.99
252.50	9423.00
252.87	13678.09
253.25	5886.45
253.62	8109.96
253.99	6017.52
254.36	9502.58
254.74	6799.26
255.11	6263.27
255.48	5703.89
255.85	14623.67
256.23	5858.36
256.60	5535.37
256.97	7084.80
257.34	8535.93
257.71	7758.88
258.09	7059.06
258.46	7838.45
258.83	11740.13
259.20	9872.38
259.58	7194.81
259.95	7590.36
260.32	9809.19
260.69	6054.97
261.06	11468.62
261.44	6342.85
261.81	13570.43
262.18	8037.40
262.55	6586.27
262.92	7379.71
263.29	6633.08
263.67	5888.79
264.04	6871.81
264.41	6932.67
264.78	6583.93
265.15	10377.94
265.52	12725.49
265.90	7655.89
266.27	6445.84
266.64	5783.46
267.01	5490.90
267.38	8208.26
267.75	6333.49
268.12	5359.83
268.50	7311.83
268.87	6553.50
269.24	6024.54
269.61	7742.49
269.98	8594.45
270.35	8208.26
270.72	6340.51
271.09	7166.72
271.46	6705.63
271.83	8124.00
272.21	9596.20
272.58	6022.20
272.95	6628.40
273.32	7375.03
273.69	7447.58
274.06	5671.12
274.43	6349.87
274.80	7225.23
275.17	8042.08
275.54	14679.84
275.91	7461.63
276.28	7501.42
276.65	7616.10
277.02	11475.65
277.39	6377.96
277.76	6331.15
278.13	8681.05
278.50	8856.59
278.87	10785.19
279.24	9406.61
279.61	8535.93
279.98	11812.68
280.35	6457.54
280.72	7463.97
281.09	7194.81
281.46	7597.38
281.83	6174.33
282.20	7971.86
282.57	6729.04
282.94	8173.15
283.31	6670.53
283.68	8042.08
284.05	5799.85
284.42	5636.01
284.79	7852.50
285.16	8805.10
285.53	7557.59
285.90	7363.33
286.27	15192.42
286.64	5579.84
287.01	6347.53
287.38	8704.45
287.75	59660.26
288.12	8720.84
288.49	16901.01
288.86	6092.41
289.23	6188.38
289.59	6356.90
289.96	5987.09
290.33	6565.20
290.70	6665.85
291.07	8601.47
291.44	8025.70
291.81	6108.80
292.18	7730.79
292.55	6860.11
292.91	13018.06
293.28	8409.54
293.65	11328.19
294.02	7995.27
294.39	5785.80
294.76	7218.21
295.13	7562.27
295.50	7164.38
295.86	7281.41
296.23	6607.33
296.60	6017.52
296.97	6590.95
297.34	7131.61
297.71	9034.47
298.07	7302.47
298.44	5355.15
298.81	8091.23
299.18	7658.23
299.55	10824.98
299.91	7131.61
300.28	7613.76
300.65	5624.31
301.02	7520.14
301.39	8339.33
301.75	13729.58
302.12	8507.85
302.49	7255.66
302.86	10768.80
303.23	7456.95
303.59	5973.05
303.96	17661.68
304.33	9860.68
304.70	15463.92
305.06	6661.16
305.43	10384.96
305.80	8374.44
306.17	9317.67
306.53	6642.44
306.90	9699.18
307.27	7417.16
307.64	10644.76
308.00	6672.87
308.37	6871.81
308.74	12561.66
309.11	9256.82
309.47	6326.47
309.84	5673.46
310.21	7103.53
310.57	7578.65
310.94	6839.05
311.31	7339.92
311.67	7847.82
312.04	5575.16
312.41	9966.00
312.77	8365.07
313.14	6387.32
313.51	7239.28
313.87	6768.83
314.24	6604.99
314.61	6595.63
314.97	6794.58
315.34	7445.24
315.71	5877.09
316.07	9301.29
316.44	6047.94
316.81	9029.79
317.17	6359.24
317.54	15714.36
317.91	6623.72
318.27	5516.64
318.64	7030.97
319.00	9078.94
319.37	5668.78
319.74	9563.43
320.10	9795.14
320.47	6878.83
320.83	11201.80
321.20	7119.91
321.57	6099.44
321.93	6644.78
322.30	7793.98
322.66	6305.40
323.03	8851.91
323.40	8168.47
323.76	6553.50
324.13	6506.69
324.49	5458.13
324.86	19164.31
325.22	7672.28
325.59	7009.90
325.95	8156.77
326.32	9617.26
326.68	9387.89
327.05	7133.95
327.42	6164.97
327.78	6635.42
328.15	9612.58
328.51	6572.22
328.88	7585.68
329.24	11576.29
329.61	7368.01
329.97	8894.04
330.34	6630.74
330.70	7304.81
331.07	10934.98
331.43	8858.93
331.80	13600.85
332.16	10408.36
332.52	6186.04
332.89	8456.36
333.25	5577.50
333.62	12858.90
333.98	7733.13
334.35	6417.75
334.71	7426.52
335.08	5982.41
335.44	12306.54
335.81	12126.32
336.17	10490.28
336.53	7356.30
336.90	6054.97
337.26	8388.48
337.63	14129.81
337.99	7939.10
338.36	6090.07
338.72	9100.00
339.08	7501.42
339.45	5872.40
339.81	9771.74
340.18	6782.87
340.54	10604.97
340.90	6466.90
341.27	7117.57
341.63	8706.79
341.99	5467.49
342.36	10644.76
342.72	5940.28
343.09	10750.08
343.45	6452.86
343.81	10984.13
344.18	5727.29
344.54	7105.87
344.90	8095.91
345.27	7552.91
345.63	7225.23
345.99	9029.79
346.36	7571.63
346.72	6019.86
347.08	6225.82
347.45	5687.50
347.81	10059.62
348.17	7915.69
348.54	5708.57
348.90	9149.15
349.26	9994.09
349.62	10874.13
349.99	5537.71
350.35	5401.96
350.71	7927.39
351.08	7246.30
351.44	5373.87
351.80	13645.32
352.16	11840.77
352.53	6113.48
352.89	8573.38
353.25	11283.72
353.61	6951.39
353.98	8856.59
354.34	10516.03
354.70	6576.91
355.06	6260.93
355.43	7330.56
355.79	6935.01
356.15	6747.76
356.51	6094.76
356.88	6239.87
357.24	6883.52
357.60	5729.63
357.96	5378.55
358.32	15520.09
358.69	5570.48
359.05	8077.19
359.41	7716.75
359.77	5860.70
360.13	6370.94
360.49	6218.80
360.86	9399.59
361.22	11812.68
361.58	7946.12
361.94	11501.39
362.30	6040.92
362.66	8755.94
363.03	5303.65
363.39	5345.78
363.75	6338.17
364.11	10272.61
364.47	6340.51
364.83	10906.90
365.19	7805.69
365.56	9149.15
365.92	5432.38
366.28	8910.42
366.64	10169.63
367.00	5692.18
367.36	5568.13
367.72	10272.61
368.08	9699.18
368.44	6602.65
368.80	8624.87
369.17	6703.29
369.53	6925.65
369.89	6373.28
370.25	6204.76
370.61	6373.28
370.97	10909.24
371.33	6506.69
371.69	13303.60
372.05	8608.49
372.41	5954.32
372.77	6640.10
373.13	7758.88
373.49	5301.31
373.85	8332.31
374.21	7716.75
374.57	5816.23
374.93	8875.31
375.29	9401.93
375.65	7754.19
376.01	7510.78
376.37	10539.43
376.73	8793.39
377.09	5778.78
377.45	10258.57
377.81	7066.08
378.17	6024.54
378.53	5394.93
378.89	8638.92
379.25	11351.60
379.61	14628.35
379.97	9713.22
380.33	6640.10
380.69	6469.24
381.05	5832.62
381.41	9305.97
381.77	7274.38
382.13	8152.09
382.49	15140.93
382.85	7566.95
383.21	9261.50
383.57	5497.92
383.93	10860.09
384.28	5371.53
384.64	6808.62
385.00	7885.26
385.36	7548.23
385.72	9481.51
386.08	6136.88
386.44	9181.92
386.80	9177.24
387.16	12603.78
387.52	9919.19
387.87	14520.68
388.23	8177.83
388.59	6373.28
388.95	5652.39
389.31	7049.69
389.67	6771.17
390.03	6427.11
390.38	6843.73
390.74	5167.90
391.10	9790.46
391.46	7632.49
391.82	6104.12
392.18	8582.74
392.54	5029.81
392.89	5729.63
393.25	8751.26
393.61	5830.27
393.97	5631.33
394.33	8077.19
394.68	7272.04
395.04	5612.60
395.40	7545.89
395.76	9540.02
396.12	7775.26
396.47	5813.89
396.83	7232.26
397.19	5736.65
397.55	6092.41
397.90	7592.70
398.26	7454.61
398.62	5870.06
398.98	4971.30
399.33	6899.90
399.69	25626.53
400.05	8559.34
400.41	6031.56
400.76	8980.64
401.12	10544.11
401.48	7992.93
401.84	6167.31
402.19	6537.12
402.55	7969.52
402.91	7370.35
403.26	5472.17
403.62	8627.21
403.98	7360.98
404.34	4880.02
404.69	7234.60
405.05	9558.75
405.41	14431.74
405.76	6036.24
406.12	6036.24
406.48	7007.56
406.83	6443.49
407.19	8613.17
407.55	7920.37
407.90	14511.32
408.26	8688.07
408.62	9364.48
408.97	7407.80
409.33	5867.72
409.68	5923.90
410.04	8025.70
410.40	6092.41
410.75	8423.59
411.11	5949.64
411.47	7719.09
411.82	6771.17
412.18	7419.50
412.53	7021.61
412.89	6328.81
413.25	7204.17
413.60	7379.71
413.96	5444.09
414.31	6546.48
414.67	7730.79
415.03	5387.91
415.38	5830.27
415.74	6562.86
416.09	6630.74
416.45	8716.16
416.80	6179.01
417.16	8655.30
417.51	6972.46
417.87	6677.55
418.23	7660.57
418.58	8278.47
418.94	4910.44
419.29	6300.72
419.65	7927.39
420.00	9018.08
420.36	8133.36
420.71	8304.22
421.07	5628.99
421.42	7255.66
421.78	9490.87
422.13	6829.68
422.49	6981.82
422.84	7529.50
423.20	5418.34
423.55	5753.04
423.91	5650.05
424.26	14366.21
424.61	8306.56
424.97	11716.72
425.32	6015.18
425.68	6722.02
426.03	7896.97
426.39	10782.85
426.74	10134.52
427.10	9717.90
427.45	6270.30
427.80	7962.50
428.16	7026.29
428.51	7119.91
428.87	7913.35
429.22	9900.47
429.58	10874.13
429.93	10434.11
430.28	6118.16
430.64	6317.11
430.99	5373.87
431.35	7789.30
431.70	6801.60
432.05	6815.64
432.41	8449.33
432.76	7941.44
433.11	8100.59
433.47	7882.92
433.82	10843.70
434.17	8332.31
434.53	9107.02
434.88	14724.31
435.24	7866.54
435.59	7548.23
435.94	5680.48
436.30	8360.39
436.65	6782.87
437.00	9664.07
437.35	16985.27
437.71	6782.87
438.06	6537.12
438.41	6413.07
438.77	8264.43
439.12	5455.79
439.47	4896.40
439.83	8016.33
440.18	5324.72
440.53	6736.06
440.88	12573.36
441.24	8938.51
441.59	5825.59
441.94	6656.48
442.30	8468.06
442.65	12945.50
443.00	7358.64
443.35	10604.97
443.71	6743.08
444.06	9858.34
444.41	8112.30
444.76	11625.44
445.11	7461.63
445.47	10628.37
445.82	9392.57
446.17	6001.13
446.52	11009.88
446.88	7515.46
447.23	5198.33
447.58	8170.81
447.93	6078.37
448.28	30340.36
448.63	11365.64
448.99	7183.10
449.34	8711.47
449.69	9205.33
450.04	6394.34
450.39	6242.21
450.74	7173.74
451.10	7180.76
451.45	7833.77
451.80	7960.16
452.15	10176.65
452.50	8348.69
452.85	10338.15
453.21	9394.91
453.56	7908.67
453.91	7052.03
454.26	7452.27
454.61	5942.62
454.96	8613.17
455.31	6960.75
455.66	6494.99
456.01	8283.16
456.36	6464.56
456.72	6012.84
457.07	7798.66
457.42	10644.76
457.77	9212.35
458.12	6057.31
458.47	7576.31
458.82	9776.42
459.17	7323.54
459.52	7566.95
459.87	36683.22
460.22	6143.91
460.57	7407.80
460.92	6167.31
461.27	8390.82
461.62	6771.17
461.97	6017.52
462.32	12547.61
462.67	11262.66
463.02	14200.03
463.38	14073.64
463.73	9207.67
464.08	12669.32
464.43	7281.41
464.78	5678.14
465.12	8414.23
465.47	8903.40
465.82	31552.76
466.17	6637.76
466.52	8968.93
466.87	6506.69
467.22	6022.20
467.57	5357.49
467.92	7875.90
468.27	11311.81
468.62	15520.09
468.97	6846.07
469.32	5497.92
469.67	16395.45
470.02	14438.76
470.37	6384.98
470.72	7651.21
471.07	5469.83
471.42	6803.94
471.76	7094.16
472.11	6916.28
472.46	8755.94
472.81	15398.38
473.16	6061.99
473.51	6118.16
473.86	5341.10
474.21	6874.15
474.56	6656.48
474.90	6506.69
475.25	10139.20
475.60	9156.18
475.95	6228.17
476.30	11485.01
476.65	10656.46
477.00	15777.55
477.34	11700.34
477.69	5806.87
478.04	9511.94
478.39	7323.54
478.74	6040.92
479.09	5247.48
479.43	22494.89
479.78	5390.25
480.13	13376.16
480.48	10553.48
480.83	7424.18
481.17	5556.43
481.52	7386.73
481.87	6792.23
482.22	12262.07
482.57	6794.58
482.91	9474.49
483.26	7941.44
483.61	6778.19
483.96	7644.19
484.30	65535.00
484.65	12996.99
485.00	6031.56
485.35	6930.33
485.69	6001.13
486.04	6757.13
486.39	7978.89
486.74	7805.69
487.08	5399.62
487.43	8161.45
487.78	5102.37
488.12	8470.40
488.47	6314.77
488.82	10822.64
489.17	6076.03
489.51	5390.25
489.86	8219.96
490.21	5294.29
490.55	7936.76
490.90	5502.60
491.25	6464.56
491.59	5643.03
491.94	13078.91
492.29	6487.96
492.63	7232.26
492.98	4840.23
493.33	7583.34
493.67	6466.90
494.02	5685.16
494.37	5743.67
494.71	8681.05
495.06	6260.93
495.40	10602.63
495.75	6246.89
496.10	10644.76
496.44	8175.49
496.79	8627.21
497.13	6066.67
497.48	14897.51
497.83	10586.24
498.17	8690.41
498.52	5930.92
498.86	8793.39
499.21	7716.75
499.56	5940.28
499.90	6888.20
500.25	5411.32
500.59	7117.57
500.94	8147.40
501.28	8931.48
501.63	9942.60
501.97	6448.18
502.32	5933.26
502.67	8067.83
503.01	5394.93
503.36	6415.41
503.70	6370.94
504.05	8608.49
504.39	9460.45
504.74	6855.43
505.08	11180.74
505.43	4905.76
505.77	5654.73
506.12	7559.93
506.46	6672.87
506.81	5975.39
507.15	5984.75
507.49	6569.88
507.84	5916.87
508.18	8028.04
508.53	7506.10
508.87	7370.35
509.22	6750.10
509.56	65535.00
509.91	19683.91
510.25	7166.72
510.60	5128.11
510.94	11101.16
511.28	5111.73
511.63	9731.95
511.97	8018.68
512.32	9385.55
512.66	5921.56
513.00	7449.93
513.35	9923.87
513.69	5996.45
514.04	8805.10
514.38	8987.66
514.72	7784.62
515.07	5966.03
515.41	5898.15
515.76	6005.81
516.10	8091.23
516.44	9034.47
516.79	6523.07
517.13	5666.44
517.47	9619.60
517.82	7459.29
518.16	8166.13
518.50	7658.23
518.85	7815.05
519.19	10644.76
519.53	13837.25
519.88	9275.54
520.22	6817.98
520.56	7424.18
520.91	5577.50
521.25	5713.25
521.59	6984.16
521.93	8138.04
522.28	6630.74
522.62	7204.17
522.96	9523.64
523.31	6864.79
523.65	8109.96
523.99	8858.93
524.33	11805.66
524.68	8578.06
525.02	5474.51
525.36	8091.23
525.70	5385.57
526.05	6120.50
526.39	5788.14
526.73	8613.17
527.07	7492.05
527.41	11087.12
527.76	5916.87
528.10	7080.12
528.44	8297.20
528.78	6949.05
529.12	8858.93
529.47	6551.16
529.81	9486.19
530.15	9827.91
530.49	8446.99
530.83	5282.59
531.18	5724.95
531.52	6789.89
531.86	5364.51
532.20	7492.05
532.54	9949.62
532.88	4896.40
533.22	6892.88
533.57	6387.32
533.91	10871.79
534.25	5664.10
534.59	11344.58
534.93	8961.91
535.27	6115.82
535.61	6808.62
535.95	11339.90
536.30	8585.08
536.64	7276.73
536.98	4856.61
537.32	6705.63
537.66	5240.46
538.00	8329.97
538.34	8540.61
538.68	8435.29
539.02	11995.25
539.36	6516.05
539.70	5444.09
540.04	7253.32
540.39	20795.66
540.73	5956.66
541.07	7300.13
541.41	7817.39
541.75	7967.18
542.09	10492.62
542.43	8156.77
542.77	7199.49
543.11	7777.60
543.45	7613.76
543.79	9792.80
544.13	6771.17
544.47	6607.33
544.81	5860.70
545.15	8648.28
545.49	6930.33
545.83	5844.32
546.17	6726.70
546.51	4912.78
546.85	6300.72
547.19	11288.40
547.53	5558.77
547.87	8875.31
548.21	12634.21
548.54	7248.64
548.88	6169.65
549.22	6038.58
549.56	5488.56
549.90	6225.82
550.24	7098.84
550.58	5919.21
550.92	10122.82
551.26	6480.94
551.60	11213.51
551.94	6710.32
552.28	6546.48
552.61	8610.83
552.95	8470.40
553.29	6160.29
553.63	7405.46
553.97	11840.77
554.31	9540.02
554.65	10803.91
554.99	10581.56
555.32	6462.22
555.66	8416.57
556.00	4950.23
556.34	6836.70
556.68	7571.63
557.02	9738.97
557.36	7445.24
557.69	7068.42
558.03	6415.41
558.37	13050.83
558.71	15197.10
559.05	10942.00
559.38	11868.86
559.72	6125.18
560.06	9289.59
560.40	8624.87
560.74	10073.67
561.07	8318.26
561.41	9289.59
561.75	8203.58
562.09	10235.16
562.42	9397.25
562.76	8669.34
563.10	7407.80
563.44	25322.26
563.77	7857.18
564.11	8383.80
564.45	10230.48
564.79	8437.63
565.12	7475.67
565.46	7585.68
565.80	8032.72
566.14	7798.66
566.47	9734.29
566.81	5865.38
567.15	7585.68
567.48	8273.79
567.82	8526.57
568.16	7311.83
568.49	5996.45
568.83	5554.09
569.17	7236.94
569.50	8065.49
569.84	11157.33
570.18	8079.53
570.51	11508.41
570.85	7117.57
571.19	6675.21
571.52	6015.18
571.86	7492.05
572.20	6555.84
572.53	11433.52
572.87	6111.14
573.21	5935.60
573.54	5689.84
573.88	8067.83
574.21	7515.46
574.55	7302.47
574.89	6434.13
575.22	9277.88
575.56	6328.81
575.89	6207.10
576.23	6775.85
576.57	8053.78
576.90	6256.25
577.24	7674.62
577.57	5769.42
577.91	7981.23
578.24	5268.55
578.58	6986.50
578.91	8561.68
579.25	6031.56
579.59	7414.82
579.92	7129.27
580.26	5764.74
580.59	8116.98
580.93	8058.46
581.26	6649.46
581.60	8159.11
581.93	8627.21
582.27	11522.46
582.60	5846.66
582.94	7623.12
583.27	5823.25
583.61	6942.03
583.94	7733.13
584.28	5401.96
584.61	6817.98
584.94	8606.15
585.28	8430.61
585.61	9598.54
585.95	8578.06
586.28	12145.04
586.62	13572.77
586.95	7274.38
587.29	12566.34
587.62	10249.21
587.95	5582.18
588.29	7854.84
588.62	8582.74
588.96	9724.93
589.29	6572.22
589.62	6420.09
589.96	6789.89
590.29	6352.21
590.63	5369.19
590.96	8971.27
591.29	9240.44
591.63	9832.59
591.96	5771.76
592.29	6712.66
592.63	6466.90
592.96	7922.71
593.30	12173.13
593.63	8065.49
593.96	5886.45
594.30	6562.86
594.63	8203.58
594.96	12116.95
595.30	7236.94
595.63	6731.38
595.96	6190.72
596.29	8077.19
596.63	6593.29
596.96	9018.08
597.29	8339.33
597.63	5259.18
597.96	10429.43
598.29	10066.64
598.63	9781.10
598.96	6146.25
599.29	6520.73
599.62	6256.25
599.96	6363.92
600.29	6923.30
600.62	5860.70
600.95	6516.05
601.29	7075.44
601.62	7929.74
601.95	7204.17
602.28	6260.93
602.61	43330.34
602.95	7555.25
603.28	12248.02
603.61	6108.80
603.94	9699.18
604.27	6012.84
604.61	8849.57
604.94	8217.62
605.27	7826.75
605.60	5774.10
605.93	6434.13
606.27	9687.48
606.60	7110.55
606.93	5502.60
607.26	11552.88
607.59	7220.55
607.92	10026.86
608.26	6904.58
608.59	6197.74
608.92	7005.22
609.25	5802.19
609.58	8053.78
609.91	8744.24
610.24	14246.84
610.57	8255.07
610.90	9844.29
611.24	5385.57
611.57	5432.38
611.90	9282.56
612.23	7166.72
612.56	9268.52
612.89	8788.71
613.22	9069.58
613.55	5359.83
613.88	9783.44
614.21	6008.16
614.54	8102.93
614.87	6043.26
615.20	4947.89
615.53	10417.72
615.87	6328.81
616.20	7564.61
616.53	10457.51
616.86	7246.30
617.19	8201.24
617.52	6377.96
617.85	6466.90
618.18	6054.97
618.51	6747.76
618.84	8657.64
619.17	7089.48
619.50	11089.46
619.83	10429.43
620.16	8744.24
620.49	6506.69
620.82	14958.36
621.14	11098.82
621.47	6977.14
621.80	10104.09
622.13	7815.05
622.46	15428.81
622.79	8894.04
623.12	5680.48
623.45	9537.68
623.78	8954.89
624.11	6022.20
624.44	8091.23
624.77	6150.93
625.10	6211.78
625.43	5799.85
625.75	7571.63
626.08	6181.35
626.41	5802.19
626.74	9998.77
627.07	6707.98
627.40	12498.46
627.73	6654.14
628.06	6099.44
628.38	4950.23
628.71	9240.44
629.04	10352.19
629.37	9895.78
629.70	7808.03
630.03	6094.76
630.36	10066.64
630.68	9282.56
631.01	6513.71
631.34	11382.03
631.67	6541.80
632.00	5146.84
632.32	9320.01
632.65	10480.92
632.98	7756.54
633.31	7363.33
633.64	9390.23
633.96	5930.92
634.29	11323.51
634.62	7419.50
634.95	8093.57
635.27	7866.54
635.60	9160.86
635.93	8074.85
636.26	8191.88
636.58	6511.37
636.91	6565.20
637.24	6361.58
637.57	7377.37
637.89	8507.85
638.22	6015.18
638.55	7609.08
638.87	7911.01
639.20	8924.46
639.53	8594.45
639.86	6534.78
640.18	5870.06
640.51	7595.04
640.84	8030.38
641.16	5788.14
641.49	8315.92
641.82	5895.81
642.14	6012.84
642.47	14703.25
642.80	7229.91
643.12	9635.99
643.45	7068.42
643.78	7417.16
644.10	6305.40
644.43	7225.23
644.75	10483.26
645.08	5324.72
645.41	8437.63
645.73	5893.47
646.06	15836.06
646.39	9441.72
646.71	6380.30
647.04	6237.53
647.36	5121.09
647.69	8753.60
648.01	7456.95
648.34	6141.57
648.67	10160.27
648.99	10768.80
649.32	6106.46
649.64	5462.81
649.97	4978.32
650.29	5628.99
650.62	15098.80
650.94	7510.78
651.27	11838.43
651.59	7129.27
651.92	6354.55
652.25	11159.67
652.57	6054.97
652.90	6113.48
653.22	7817.39
653.55	7906.33
653.87	5226.42
654.20	7606.74
654.52	11662.89
654.84	7056.72
655.17	8589.77
655.49	11779.92
655.82	6637.76
656.14	7925.05
656.47	11412.45
656.79	11903.96
657.12	6916.28
657.44	6555.84
657.77	9240.44
658.09	7768.24
658.41	7213.53
658.74	8800.41
659.06	5530.69
659.39	7103.53
659.71	6534.78
660.03	7335.24
660.36	6874.15
660.68	10373.25
661.01	13902.78
661.33	11035.63
661.65	6506.69
661.98	14471.53
662.30	14588.56
662.63	7543.55
662.95	6904.58
663.27	6321.79
663.60	5738.99
663.92	7131.61
664.24	7152.68
664.57	5944.96
664.89	6392.00
665.21	6583.93
665.54	9863.02
665.86	7660.57
666.18	7829.09
666.51	10775.83
666.83	6621.38
667.15	15784.57
667.47	9865.36
667.80	8662.32
668.12	6214.12
668.44	7805.69
668.77	9186.60
669.09	10621.35
669.41	9135.11
669.73	5481.53
670.06	7349.28
670.38	6883.52
670.70	5481.53
671.02	8641.26
671.35	6581.59
671.67	11059.03
671.99	6949.05
672.31	10569.86
672.63	7889.95
672.96	11747.15
673.28	6593.29
673.60	7590.36
673.92	7623.12
674.24	6207.10
674.57	6342.85
674.89	10141.54
675.21	7045.01
675.53	9551.73
675.85	10413.04
676.17	10523.05
676.50	5994.11
676.82	10424.75
677.14	7655.89
677.46	15360.94
677.78	5703.89
678.10	10076.01
678.42	7386.73
678.75	6445.84
679.07	5860.70
679.39	7473.33
679.71	6654.14
680.03	6597.97
680.35	6516.05
680.67	6855.43
680.99	6232.85
681.31	6076.03
681.63	8557.00
681.96	10590.92
682.28	6523.07
682.60	7578.65
682.92	9018.08
683.24	6045.60
683.56	8915.10
683.88	6408.39
684.20	6988.84
684.52	6616.69
684.84	6473.92
685.16	7122.25
685.48	9320.01
685.80	8177.83
686.12	8912.76
686.44	12423.56
686.76	7265.02
687.08	5490.90
687.40	6057.31
687.72	9659.39
688.04	6349.87
688.36	15187.74
688.68	11655.87
689.00	8432.95
689.32	6970.12
689.64	6654.14
689.96	7239.28
690.28	10113.45
690.60	10780.51
690.92	6352.21
691.24	8894.04
691.56	6832.02
691.88	7192.47
692.19	5982.41
692.51	9867.70
692.83	8409.54
693.15	9366.82
693.47	8189.53
693.79	7824.41
694.11	10221.12
694.43	9224.05
694.75	7419.50
695.06	8046.76
695.38	10541.77
695.70	7541.21
696.02	7683.98
696.34	6604.99
696.66	6689.25
696.98	5418.34
697.29	7016.93
697.61	11843.11
697.93	10228.14
698.25	41717.71
698.57	8557.00
698.89	5556.43
699.20	7080.12
699.52	11566.93
699.84	5291.95
700.16	7075.44
700.48	11136.27
700.79	6064.33
701.11	12358.03
701.43	9434.70
701.75	6478.60
702.07	7049.69
702.38	12301.86
702.70	6349.87
703.02	6169.65
703.34	8985.32
703.65	7838.45
703.97	7080.12
704.29	5394.93
704.61	5933.26
704.92	9380.87
705.24	6813.30
705.56	9898.13
705.87	10469.22
706.19	7386.73
706.51	7009.90
706.82	10443.47
707.14	6204.76
707.46	5404.30
707.78	5980.07
708.09	8702.11
708.41	9998.77
708.73	7953.14
709.04	10628.37
709.36	6801.60
709.68	7302.47
709.99	13652.34
710.31	10668.16
710.62	7679.30
710.94	6946.71
711.26	8404.86
711.57	7009.90
711.89	5860.70
712.21	16119.27
712.52	7721.43
712.84	10897.53
713.15	7925.05
713.47	9678.12
713.79	5818.57
714.10	6502.01
714.42	6963.09
714.73	11122.23
715.05	5664.10
715.36	5991.77
715.68	6366.26
715.99	6867.13
716.31	9846.63
716.63	8872.97
716.94	9804.50
717.26	20430.54
717.57	9568.11
717.89	11918.01
718.20	6272.64
718.52	9593.86
718.83	7248.64
719.15	15655.84
719.46	15103.48
719.78	7950.80
720.09	7321.20
720.41	6265.61
720.72	5783.46
721.04	5909.85
721.35	7201.83
721.67	7075.44
721.98	6813.30
722.29	6745.42
722.61	6340.51
722.92	5268.55
723.24	7110.55
723.55	7803.35
723.87	8205.92
724.18	9163.20
724.50	5912.19
724.81	7368.01
725.12	7452.27
725.44	8589.77
725.75	7836.11
726.07	11131.59
726.38	8582.74
726.69	6883.52
727.01	9156.18
727.32	9130.43
727.63	6710.32
727.95	11318.83
728.26	6518.39
728.58	9392.57
728.89	6785.21
729.20	7466.31
729.52	6129.86
729.83	14569.83
730.14	8868.29
730.46	7756.54
730.77	10429.43
731.08	8903.40
731.39	7005.22
731.71	7515.46
732.02	9460.45
732.33	7482.69
732.65	6827.34
732.96	11321.17
733.27	9858.34
733.59	15082.41
733.90	10057.28
734.21	5998.79
734.52	6813.30
734.84	18099.36
735.15	6836.70
735.46	6991.18
735.77	7906.33
736.09	7578.65
736.40	11513.10
736.71	9500.23
737.02	5715.59
737.33	6946.71
737.65	7096.50
737.96	7695.68
738.27	8093.57
738.58	14150.88
738.89	9125.75
739.21	6602.65
739.52	5643.03
739.83	8926.80
740.14	6450.52
740.45	7470.99
740.76	6799.26
741.08	5912.19
741.39	7372.69
741.70	6817.98
742.01	7974.21
742.32	10609.65
742.63	8121.66
742.94	6258.59
743.26	8961.91
743.57	8510.19
743.88	9635.99
744.19	8243.37
744.50	7063.74
744.81	13114.02
745.12	7431.20
745.43	7234.60
745.74	16519.50
746.05	11847.79
746.36	5345.78
746.67	12788.69
746.99	7096.50
747.30	8908.08
747.61	6829.68
747.92	7833.77
748.23	10651.78
748.54	7220.55
748.85	7255.66
749.16	7990.59
749.47	6380.30
749.78	6825.00
750.09	7155.02
750.40	8376.78
750.71	7962.50
751.02	8748.92
751.33	7468.65
751.64	8554.66
751.95	7648.87
752.26	9043.83
752.57	9100.00
752.88	7162.04
753.19	7588.02
753.50	12196.53
753.81	7318.86
754.11	7627.81
754.42	17673.39
754.73	7719.09
755.04	8463.38
755.35	8205.92
755.66	14581.54
755.97	6076.03
756.28	6155.61
756.59	9036.81
756.90	17858.29
757.21	8425.93
757.52	11700.34
757.82	8655.30
758.13	6761.81
758.44	10373.25
758.75	9032.13
759.06	6633.08
759.37	6164.97
759.68	8334.65
759.98	6747.76
760.29	9170.22
760.60	8121.66
760.91	5598.56
761.22	7426.52
761.53	7892.29
761.83	6511.37
762.14	7779.94
762.45	6780.53
762.76	5872.40
763.07	8615.51
763.37	16912.71
763.68	11812.68
763.99	13769.37
764.30	12449.31
764.60	6724.36
764.91	10738.38
765.22	7999.95
765.53	14080.66
765.84	8290.18
766.14	7037.99
766.45	5699.20
766.76	11721.40
767.06	12688.04
767.37	7419.50
767.68	7812.71
767.99	7157.36
768.29	6775.85
768.60	7524.82
768.91	10345.17
769.21	13874.70
769.52	11304.79
769.83	7583.34
770.13	7719.09
770.44	7253.32
770.75	9219.37
771.05	7723.77
771.36	9322.35
771.67	7896.97
771.97	7030.97
772.28	7480.35
772.59	8114.64
772.89	9933.23
773.20	6642.44
773.51	6775.85
773.81	12496.12
774.12	6338.17
774.42	7768.24
774.73	6324.13
775.04	6459.88
775.34	22693.83
775.65	8713.81
775.95	13224.03
776.26	8575.72
776.56	6958.41
776.87	8788.71
777.18	65535.00
777.48	18307.67
777.79	8067.83
778.09	11555.22
778.40	7087.14
778.70	7201.83
779.01	11445.22
779.31	7957.82
779.62	7201.83
779.92	9481.51
780.23	8933.82
780.53	5930.92
780.84	7609.08
781.14	6977.14
781.45	6665.85
781.75	10544.11
782.06	6399.02
782.36	8454.02
782.67	6345.19
782.97	6499.67
783.28	13984.70
783.58	7133.95
783.89	6817.98
784.19	8936.17
784.49	13249.77
784.80	7386.73
785.10	13469.78
785.41	6457.54
785.71	9085.96
786.02	8727.86
786.32	15290.72
786.62	9755.35
786.93	12451.65
787.23	6960.75
787.54	7267.36
787.84	14626.01
788.14	9060.21
788.45	9172.56
788.75	8571.04
789.05	6162.63
789.36	7609.08
789.66	14394.29
789.96	9657.05
790.27	7672.28
790.57	7660.57
790.87	6441.15
791.18	7358.64
791.48	6431.79
791.78	9156.18
792.09	9312.99
792.39	6729.04
792.69	10024.51
793.00	8638.92
793.30	9247.46
793.60	6038.58
793.90	5650.05
794.21	8940.85
794.51	17862.97
794.81	11318.83
795.11	7740.15
795.42	6867.13
795.72	12131.00
796.02	9841.95
796.32	8671.68
796.63	8861.27
796.93	10654.12
797.23	9451.08
797.53	8264.43
797.84	6485.62
798.14	6441.15
798.44	8652.96
798.74	9179.58
799.04	8636.58
799.34	6127.52
799.65	16826.11
799.95	7988.25
800.25	7372.69
800.55	7265.02
800.85	8365.07
801.15	6565.20
801.46	7515.46
801.76	18700.88
802.06	6878.83
802.36	8692.75
802.66	7028.63
802.96	9806.84
803.26	11281.38
803.56	13846.61
803.87	17240.39
804.17	7611.42
804.47	10012.81
804.77	10857.75
805.07	11316.49
805.37	9970.68
805.67	9547.05
805.97	7372.69
806.27	7653.55
806.57	7091.82
806.87	12294.83
807.17	8341.67
807.47	11932.05
807.77	11426.50
808.07	7054.37
808.37	12201.21
808.67	8077.19
808.98	15906.28
809.28	7293.11
809.58	16748.87
809.88	11129.25
810.18	15339.87
810.47	7473.33
810.77	6415.41
811.07	9528.32
811.37	8903.40
811.67	6502.01
811.97	5586.86
812.27	6331.15
812.57	5589.20
812.87	6738.40
813.17	6665.85
813.47	6586.27
813.77	7290.77
814.07	6705.63
814.37	10387.30
814.67	6635.42
814.97	7513.12
815.27	6384.98
815.56	8919.78
815.86	11833.75
816.16	8262.09
816.46	6249.23
816.76	6588.61
817.06	10991.16
817.36	13217.01
817.66	7789.30
817.95	6319.45
818.25	8627.21
818.55	10768.80
818.85	9671.09
819.15	6953.73
819.45	13783.41
819.75	7658.23
820.04	8058.46
820.34	16460.99
820.64	10307.72
820.94	13128.06
821.24	7276.73
821.53	7812.71
821.83	6822.66
822.13	6125.18
822.43	7356.30
822.72	5942.62
823.02	6619.04
823.32	6342.85
823.62	8769.99
823.91	15747.12
824.21	5940.28
824.51	8821.48
824.81	7190.13
825.10	5898.15
825.40	9476.83
825.70	7976.55
826.00	13062.53
826.29	6911.60
826.59	8624.87
826.89	7389.07
827.18	8166.13
827.48	6672.87
827.78	6153.27
828.07	7964.84
828.37	10146.22
828.67	8568.70
828.96	7789.30
829.26	6658.82
829.56	10682.20
829.85	6778.19
830.15	8652.96
830.45	5928.58
830.74	12809.75
831.04	9874.72
831.34	10778.17
831.63	14003.43
831.93	10216.44
832.22	9607.90
832.52	7864.20
832.82	6134.54
833.11	6179.01
833.41	6424.77
833.70	6977.14
834.00	10782.85
834.29	8119.32
834.59	5792.83
834.89	8858.93
835.18	7623.12
835.48	13514.25
835.77	9200.65
836.07	9493.21
836.36	9270.86
836.66	10703.27
836.95	7517.80
837.25	6778.19
837.54	8929.14
837.84	7117.57
838.13	8264.43
838.43	6635.42
838.72	14363.87
839.02	11098.82
839.31	6471.58
839.61	11075.42
839.90	5776.44
840.20	8006.97
840.49	6333.49
840.78	8325.29
841.08	9331.72
841.37	6981.82
841.67	6003.47
841.96	9053.19
842.26	8339.33
842.55	5841.98
842.84	6389.66
843.14	10324.10
843.43	5863.04
843.73	7714.41
844.02	5980.07
844.31	7414.82
844.61	6857.77
844.90	8737.22
845.20	8053.78
845.49	5514.30
845.78	7272.04
846.08	6338.17
846.37	5212.37
846.66	8830.84
846.96	9322.35
847.25	8847.22
847.54	5998.79
847.84	6487.96
848.13	7360.98
848.42	10125.16
848.72	6621.38
849.01	9212.35
849.30	6700.95
849.59	6387.32
849.89	6637.76
850.18	12496.12
850.47	6246.89
850.76	16823.77
851.06	15201.78
851.35	9097.66
851.64	10073.67
851.93	8273.79
852.23	19058.98
852.52	7265.02
852.81	6885.86
853.10	7740.15
853.40	5659.42
853.69	5706.23
853.98	7665.25
854.27	10162.61
854.56	6843.73
854.86	9174.90
855.15	7836.11
855.44	8407.20
855.73	5720.27
856.02	6799.26
856.31	9776.42
856.61	8624.87
856.90	6930.33
857.19	6069.01
857.48	5713.25
857.77	5933.26
858.06	5020.45
858.35	6012.84
858.65	11742.47
858.94	9495.55
859.23	7377.37
859.52	9467.47
859.81	12580.38
860.10	6630.74
860.39	9476.83
860.68	7744.83
860.97	6251.57
861.26	6586.27
861.55	12477.40
861.85	7744.83
862.14	9570.45
862.43	9886.42
862.72	8191.88
863.01	5888.79
863.30	6949.05
863.59	7744.83
863.88	7463.97
864.17	7206.51
864.46	5984.75
864.75	14981.77
865.04	7815.05
865.33	6012.84
865.62	11253.30
865.91	6789.89
866.20	9116.39
866.49	6927.99
866.78	7286.09
867.07	6944.37
867.36	10661.14
867.65	10265.59
867.93	9135.11
868.22	8095.91
868.51	7428.86
868.80	7878.24
869.09	7255.66
869.38	6347.53
869.67	13041.46
869.96	13041.46
870.25	13041.46
