178.76	1708.59
179.14	1708.59
179.52	1708.59
179.90	1678.16
180.28	11119.89
180.66	6202.42
181.04	8526.57
181.42	7421.84
181.80	6340.51
182.18	11023.92
182.55	5963.68
182.93	7461.63
183.31	7180.76
183.69	8067.83
184.07	8271.45
184.45	7276.73
184.83	7468.65
185.21	6635.42
185.59	6810.96
185.97	16809.73
186.35	12149.72
186.72	7063.74
187.10	7578.65
187.48	12039.72
187.86	9212.35
188.24	6829.68
188.62	6324.13
189.00	11389.05
189.38	7955.48
189.75	7389.07
190.13	8168.47
190.51	6441.15
190.89	15293.06
191.27	21223.98
191.65	7150.34
192.03	8009.31
192.40	10679.86
192.78	7854.84
193.16	8980.64
193.54	12638.89
193.92	11023.92
194.30	6815.64
194.67	9710.88
195.05	8484.44
195.43	7482.69
195.81	7204.17
196.19	10829.66
196.56	7857.18
196.94	7356.30
197.32	12009.29
197.70	6731.38
198.08	8823.82
198.45	6892.88
198.83	7625.47
199.21	6951.39
199.59	12674.00
199.97	8234.00
200.34	6069.01
200.72	6726.70
201.10	14366.21
201.48	10359.21
201.85	6558.18
202.23	7009.90
202.61	7087.14
202.99	42036.02
203.36	6782.87
203.74	9296.61
204.12	7129.27
204.49	6494.99
204.87	8924.46
205.25	7199.49
205.63	6003.47
206.00	6647.12
206.38	8116.98
206.76	9771.74
207.14	6682.23
207.51	6097.10
207.89	11016.90
208.27	6443.49
208.64	5537.71
209.02	6843.73
209.40	7145.66
209.77	5696.86
210.15	15197.10
210.53	6010.50
210.90	11634.80
211.28	6363.92
211.66	12264.41
212.03	6649.46
212.41	6083.05
212.79	7227.57
213.16	6141.57
213.54	7805.69
213.92	8002.29
214.29	5729.63
214.67	6752.45
215.05	6925.65
215.42	9516.62
215.80	6937.35
216.17	6930.33
216.55	8142.72
216.93	5949.64
217.30	9123.41
217.68	6518.39
218.05	6874.15
218.43	6572.22
218.81	6993.52
219.18	11562.25
219.56	6775.85
219.93	6574.56
220.31	6551.16
220.69	5872.40
221.06	6209.44
221.44	7770.58
221.81	6396.68
222.19	5790.49
222.56	6125.18
222.94	6897.56
223.32	7726.11
223.69	6401.37
224.07	9156.18
224.44	12786.35
224.82	7836.11
225.19	8489.12
225.57	7634.83
225.94	6850.75
226.32	7494.40
226.69	12589.74
227.07	8641.26
227.44	6778.19
227.82	7999.95
228.19	7077.78
228.57	8870.63
228.94	11925.03
229.32	9785.78
229.69	9114.05
230.07	6846.07
230.44	6408.39
230.82	11412.45
231.19	9912.17
231.57	5687.50
231.94	5802.19
232.32	9151.49
232.69	7140.97
233.07	7644.19
233.44	8205.92
233.82	7002.88
234.19	7616.10
234.57	10242.18
234.94	6544.14
235.31	6801.60
235.69	7300.13
236.06	7817.39
236.44	8830.84
236.81	5951.98
237.19	8107.62
237.56	11955.46
237.93	6527.75
238.31	7880.58
238.68	7241.62
239.06	7824.41
239.43	8975.95
239.81	8278.47
240.18	6024.54
240.55	6356.90
240.93	13060.19
241.30	8013.99
241.67	7314.17
242.05	8786.37
242.42	9851.31
242.80	5783.46
243.17	7978.89
243.54	7726.11
243.92	9357.46
244.29	7220.55
244.66	7634.83
245.04	10441.13
245.41	16573.33
245.78	6076.03
246.16	6925.65
246.53	8805.10
246.90	7159.70
247.28	13104.66
247.65	7192.47
248.02	7260.34
248.40	10223.46
248.77	7709.72
249.14	8585.08
249.52	7169.06
249.89	8744.24
250.26	6279.66
250.64	7761.22
251.01	15660.52
251.38	5959.00
251.75	7679.30
252.13	6993.52
252.50	9308.31
252.87	13692.13
253.25	6071.35
253.62	8156.77
253.99	5980.07
254.36	9490.87
254.74	6595.63
255.11	6286.68
255.48	5554.09
255.85	14450.47
256.23	5823.25
256.60	5537.71
256.97	7026.29
257.34	8423.59
257.71	7925.05
258.09	7103.53
258.46	7719.09
258.83	11454.58
259.20	9853.66
259.58	7030.97
259.95	7564.61
260.32	9619.60
260.69	6193.06
261.06	10939.66
261.44	6429.45
261.81	13352.76
262.18	7948.46
262.55	6422.43
262.92	7606.74
263.29	6581.59
263.67	5877.09
264.04	6789.89
264.41	6785.21
264.78	6530.09
265.15	10516.03
265.52	12737.20
265.90	7538.87
266.27	6656.48
266.64	5785.80
267.01	5544.73
267.38	8145.06
267.75	6214.12
268.12	5455.79
268.50	7117.57
268.87	6569.88
269.24	6429.45
269.61	7817.39
269.98	8421.25
270.35	8189.53
270.72	6249.23
271.09	7110.55
271.46	6640.10
271.83	8018.68
272.21	9376.19
272.58	6136.88
272.95	6431.79
273.32	7389.07
273.69	7452.27
274.06	5846.66
274.43	6356.90
274.80	7075.44
275.17	7941.44
275.54	11751.83
275.91	7391.41
276.28	7318.86
276.65	7920.37
277.02	11321.17
277.39	6406.05
277.76	6338.17
278.13	8538.27
278.50	8961.91
278.87	10558.16
279.24	9373.85
279.61	8620.19
279.98	10085.37
280.35	6658.82
280.72	7662.91
281.09	7178.42
281.46	7616.10
281.83	6251.57
282.20	8021.02
282.57	6684.57
282.94	8215.28
283.31	6773.51
283.68	8042.08
284.05	5841.98
284.42	5437.06
284.79	7826.75
285.16	8627.21
285.53	7487.37
285.90	7585.68
286.27	15241.57
286.64	5703.89
287.01	6436.47
287.38	8669.34
287.75	59400.46
288.12	8723.18
288.49	16854.20
288.86	6094.76
289.23	6270.30
289.59	6445.84
289.96	6029.22
290.33	6649.46
290.70	6888.20
291.07	8669.34
291.44	8079.53
291.81	6069.01
292.18	7571.63
292.55	6750.10
292.91	12903.37
293.28	8545.30
293.65	11274.36
294.02	8004.63
294.39	5858.36
294.76	7272.04
295.13	7709.72
295.50	7070.76
295.86	7159.70
296.23	6628.40
296.60	6085.39
296.97	6689.25
297.34	7267.36
297.71	9179.58
298.07	7445.24
298.44	5511.96
298.81	8210.60
299.18	7660.57
299.55	10897.53
299.91	7197.15
300.28	7588.02
300.65	5703.89
301.02	7763.56
301.39	8381.46
301.75	13799.80
302.12	8472.74
302.49	7220.55
302.86	10942.00
303.23	7571.63
303.59	6129.86
303.96	17444.01
304.33	9884.08
304.70	15307.10
305.06	6787.55
305.43	10485.60
305.80	8404.86
306.17	9235.75
306.53	6513.71
306.90	9481.51
307.27	7604.40
307.64	10724.33
308.00	6623.72
308.37	6567.54
308.74	12358.03
309.11	9172.56
309.47	6511.37
309.84	5710.91
310.21	7190.13
310.57	7679.30
310.94	6820.32
311.31	7447.58
311.67	7946.12
312.04	5568.13
312.41	10141.54
312.77	8346.35
313.14	6478.60
313.51	7194.81
313.87	6661.16
314.24	6588.61
314.61	6623.72
314.97	6902.24
315.34	7447.58
315.71	5935.60
316.07	9334.06
316.44	5865.38
316.81	8704.45
317.17	6441.15
317.54	15936.71
317.91	6583.93
318.27	5575.16
318.64	7073.10
319.00	8910.42
319.37	5633.67
319.74	9406.61
320.10	9745.99
320.47	6876.49
320.83	11187.76
321.20	7176.08
321.57	6061.99
321.93	6752.45
322.30	7709.72
322.66	6406.05
323.03	8805.10
323.40	8285.50
323.76	6607.33
324.13	6703.29
324.49	5544.73
324.86	19019.19
325.22	7604.40
325.59	6960.75
325.95	8133.36
326.32	9706.20
326.68	9282.56
327.05	7094.16
327.42	6253.91
327.78	6553.50
328.15	9694.50
328.51	6347.53
328.88	8823.82
329.24	11372.66
329.61	7295.45
329.97	8819.14
330.34	6537.12
330.70	7447.58
331.07	11005.20
331.43	8891.70
331.80	13760.01
332.16	10417.72
332.52	6216.46
332.89	8444.65
333.25	5514.30
333.62	12840.18
333.98	7779.94
334.35	7019.27
334.71	7538.87
335.08	5947.30
335.44	12259.73
335.81	12159.08
336.17	10373.25
336.53	7201.83
336.90	6176.67
337.26	8716.16
337.63	9586.83
337.99	7852.50
338.36	6101.78
338.72	9188.94
339.08	7618.44
339.45	5951.98
339.81	9792.80
340.18	6815.64
340.54	10621.35
340.90	6567.54
341.27	7054.37
341.63	8339.33
341.99	5516.64
342.36	10611.99
342.72	6043.26
343.09	10691.57
343.45	6506.69
343.81	10848.38
344.18	5579.84
344.54	7250.98
344.90	7988.25
345.27	7557.59
345.63	7162.04
345.99	9055.53
346.36	7541.21
346.72	5980.07
347.08	6134.54
347.45	5591.54
347.81	10164.95
348.17	7700.36
348.54	5851.34
348.90	9153.84
349.26	9865.36
349.62	10953.71
349.99	5416.00
350.35	5301.31
350.71	7911.01
351.08	7377.37
351.44	5324.72
351.80	13752.99
352.16	11779.92
352.53	6092.41
352.89	8695.09
353.25	11019.24
353.61	6700.95
353.98	8840.20
354.34	10509.01
354.70	6633.08
355.06	5488.56
355.43	7456.95
355.79	6836.70
356.15	6829.68
356.51	6122.84
356.88	6246.89
357.24	6965.43
357.60	5675.80
357.96	5439.40
358.32	15754.15
358.69	5507.28
359.05	8198.90
359.41	7468.65
359.77	5844.32
360.13	6300.72
360.49	6069.01
360.86	9235.75
361.22	11571.61
361.58	7744.83
361.94	11129.25
362.30	5886.45
362.66	8491.46
363.03	5413.66
363.39	5423.02
363.75	6389.66
364.11	10340.49
364.47	6401.37
364.83	11068.39
365.19	7740.15
365.56	9165.54
365.92	5392.59
366.28	8767.65
366.64	9963.66
367.00	5640.69
367.36	5535.37
367.72	10066.64
368.08	9469.81
368.44	6579.25
368.80	8355.71
369.17	6658.82
369.53	6920.96
369.89	6066.67
370.25	6174.33
370.61	6244.55
370.97	11054.35
371.33	6392.00
371.69	13085.94
372.05	8496.14
372.41	5877.09
372.77	6502.01
373.13	7761.22
373.49	5228.76
373.85	8201.24
374.21	7499.08
374.57	5813.89
374.93	8910.42
375.29	9198.31
375.65	7707.38
376.01	7342.26
376.37	10417.72
376.73	8617.85
377.09	5762.40
377.45	9949.62
377.81	7066.08
378.17	6061.99
378.53	5327.06
378.89	8645.94
379.25	11084.78
379.61	14394.29
379.97	9408.95
380.33	6415.41
380.69	6328.81
381.05	5951.98
381.41	9202.99
381.77	7290.77
382.13	8690.41
382.49	15454.56
382.85	7531.84
383.21	8919.78
383.57	5420.68
383.93	10642.42
384.28	5420.68
384.64	6754.79
385.00	7625.47
385.36	7566.95
385.72	9156.18
386.08	6171.99
386.44	9011.06
386.80	9137.45
387.16	12580.38
387.52	9771.74
387.87	13713.20
388.23	8079.53
388.59	6232.85
388.95	5706.23
389.31	6768.83
389.67	7007.56
390.03	6326.47
390.38	6689.25
390.74	5195.99
391.10	9490.87
391.46	7747.17
391.82	6113.48
392.18	8524.23
392.54	4997.04
392.89	5804.53
393.25	8538.27
393.61	5746.02
393.97	5640.69
394.33	8074.85
394.68	7108.21
395.04	5521.32
395.40	7339.92
395.76	9554.07
396.12	7775.26
396.47	5947.30
396.83	7096.50
397.19	5816.23
397.55	5898.15
397.90	7489.71
398.26	7318.86
398.62	5839.64
398.98	4992.36
399.33	6827.34
399.69	25495.46
400.05	8304.22
400.41	5870.06
400.76	9008.72
401.12	10389.64
401.48	7960.16
401.84	6195.40
402.19	6466.90
402.55	7927.39
402.91	7358.64
403.26	5408.98
403.62	8533.59
403.98	7162.04
404.34	4980.66
404.69	7103.53
405.05	9385.55
405.41	14258.54
405.76	6040.92
406.12	6092.41
406.48	6885.86
406.83	6150.93
407.19	8620.19
407.55	8114.64
407.90	14380.25
408.26	8688.07
408.62	9308.31
408.97	7082.46
409.33	5589.20
409.68	5933.26
410.04	7894.63
410.40	5998.79
410.75	8308.90
411.11	6078.37
411.47	7658.23
411.82	6743.08
412.18	7241.62
412.53	6796.92
412.89	6270.30
413.25	6902.24
413.60	7468.65
413.96	5392.59
414.31	6485.62
414.67	7442.90
415.03	5329.40
415.38	5776.44
415.74	6527.75
416.09	6745.42
416.45	8704.45
416.80	6064.33
417.16	8362.73
417.51	6916.28
417.87	6558.18
418.23	8018.68
418.58	8332.31
418.94	5179.61
419.29	6211.78
419.65	7765.90
420.00	8786.37
420.36	8418.91
420.71	8395.50
421.07	5696.86
421.42	7176.08
421.78	9207.67
422.13	6850.75
422.49	5762.40
422.84	7339.92
423.20	5210.03
423.55	5607.92
423.91	5593.88
424.26	14066.62
424.61	8479.76
424.97	11585.65
425.32	6209.44
425.68	6787.55
426.03	7775.26
426.39	10265.59
426.74	10097.07
427.10	9654.71
427.45	6167.31
427.80	7878.24
428.16	7129.27
428.51	7030.97
428.87	7754.19
429.22	9703.86
429.58	10354.53
429.93	10326.44
430.28	6256.25
430.64	6270.30
430.99	5383.23
431.35	7599.72
431.70	6663.51
432.05	6743.08
432.41	8271.45
432.76	7978.89
433.11	8159.11
433.47	7896.97
433.82	10909.24
434.17	8280.82
434.53	8021.02
434.88	14403.66
435.24	7854.84
435.59	7445.24
435.94	5753.04
436.30	8580.40
436.65	6492.65
437.00	9701.52
437.35	16451.63
437.71	6665.85
438.06	6324.13
438.41	6314.77
438.77	8072.51
439.12	5352.81
439.47	4795.76
439.83	7826.75
440.18	5233.44
440.53	6607.33
440.88	12531.23
441.24	8971.27
441.59	5760.06
441.94	6677.55
442.30	8519.55
442.65	12980.61
443.00	7140.97
443.35	10633.05
443.71	7126.93
444.06	9771.74
444.41	8159.11
444.76	11595.01
445.11	7073.10
445.47	10352.19
445.82	9132.77
446.17	5949.64
446.52	10532.41
446.88	7396.09
447.23	5331.74
447.58	8004.63
447.93	6080.71
448.28	30536.97
448.63	10998.18
448.99	7040.33
449.34	8535.93
449.69	8926.80
450.04	6272.64
450.39	6370.94
450.74	7084.80
451.10	6932.67
451.45	7353.96
451.80	7735.47
452.15	10186.01
452.50	8449.33
452.85	10092.39
453.21	9259.16
453.56	7988.25
453.91	6911.60
454.26	7606.74
454.61	5783.46
454.96	8372.10
455.31	6808.62
455.66	6560.52
456.01	8210.60
456.36	6417.75
456.72	6195.40
457.07	7857.18
457.42	10560.50
457.77	9242.78
458.12	5898.15
458.47	7311.83
458.82	9659.39
459.17	7136.29
459.52	7478.01
459.87	12187.17
460.22	5825.59
460.57	7302.47
460.92	6246.89
461.27	8168.47
461.62	6684.57
461.97	5942.62
462.32	12599.10
462.67	10890.51
463.02	13804.48
463.38	13783.41
463.73	9090.64
464.08	12709.11
464.43	7838.45
464.78	5645.37
465.12	8339.33
465.47	8760.63
465.82	29125.63
466.17	6612.01
466.52	8910.42
466.87	6431.79
467.22	5977.73
467.57	5366.85
467.92	7903.99
468.27	11220.53
468.62	15239.23
468.97	6951.39
469.32	4945.55
469.67	16240.98
470.02	14398.98
470.37	6141.57
470.72	7742.49
471.07	5483.88
471.42	6862.45
471.76	6949.05
472.11	6771.17
472.46	8634.24
472.81	15232.21
473.16	6139.23
473.51	6040.92
473.86	5474.51
474.21	6817.98
474.56	6565.20
474.90	6455.20
475.25	9921.53
475.60	9071.92
475.95	6293.70
476.30	11241.59
476.65	10546.45
477.00	15274.34
477.34	11424.15
477.69	5783.46
478.04	9427.68
478.39	7428.86
478.74	5884.11
479.09	5385.57
479.43	7358.64
479.78	5184.29
480.13	12554.63
480.48	10335.81
480.83	7412.48
481.17	5451.11
481.52	7185.44
481.87	6775.85
482.22	12135.68
482.57	6815.64
482.91	9462.79
483.26	8126.34
483.61	6614.35
483.96	7660.57
484.30	65535.00
484.65	6267.95
485.00	5802.19
485.35	6834.36
485.69	6270.30
486.04	6558.18
486.39	8023.36
486.74	7676.96
487.08	5399.62
487.43	8191.88
487.78	5093.01
488.12	8503.17
488.47	6115.82
488.82	10841.36
489.17	5961.34
489.51	5385.57
489.86	8287.84
490.21	5390.25
490.55	7922.71
490.90	5504.94
491.25	6560.52
491.59	5689.84
491.94	13055.51
492.29	6443.49
492.63	7187.79
492.98	4891.72
493.33	7527.16
493.67	6441.15
494.02	5600.90
494.37	5678.14
494.71	8538.27
495.06	6265.61
495.40	11002.86
495.75	6157.95
496.10	10616.67
496.44	7070.76
496.79	8386.14
497.13	5909.85
497.48	14801.55
497.83	10562.84
498.17	8372.10
498.52	6366.26
498.86	8990.00
499.21	6832.02
499.56	5970.71
499.90	6597.97
500.25	5423.02
500.59	7080.12
500.94	7826.75
501.28	8954.89
501.63	10050.26
501.97	6616.69
502.32	5966.03
502.67	8100.59
503.01	5472.17
503.36	6539.46
503.70	6328.81
504.05	8475.08
504.39	9420.66
504.74	6796.92
505.08	11037.97
505.43	4837.89
505.77	5563.45
506.12	7492.05
506.46	6640.10
506.81	5970.71
507.15	5930.92
507.49	6504.35
507.84	5895.81
508.18	7693.34
508.53	7400.77
508.87	7344.60
509.22	6679.89
509.56	65535.00
509.91	19365.59
510.25	7119.91
510.60	5167.90
510.94	9273.20
511.28	4849.59
511.63	9497.89
511.97	7981.23
512.32	9139.79
512.66	5888.79
513.00	7225.23
513.35	9605.56
513.69	5589.20
514.04	8545.30
514.38	9032.13
514.72	7691.00
515.07	5942.62
515.41	5994.11
515.76	6076.03
516.10	8116.98
516.44	9071.92
516.79	6179.01
517.13	5526.00
517.47	9430.02
517.82	7510.78
518.16	6972.46
518.50	7520.14
518.85	7786.96
519.19	10548.79
519.53	13905.12
519.88	8968.93
520.22	6682.23
520.56	7218.21
520.91	5373.87
521.25	5703.89
521.59	6949.05
521.93	8056.12
522.28	6710.32
522.62	7529.50
522.96	9537.68
523.31	6803.94
523.65	8084.21
523.99	8875.31
524.33	11761.19
524.68	8397.84
525.02	5373.87
525.36	8191.88
525.70	5259.18
526.05	6246.89
526.39	5839.64
526.73	8765.31
527.07	7379.71
527.41	11052.01
527.76	5966.03
528.10	6609.67
528.44	8138.04
528.78	6925.65
529.12	8819.14
529.47	6700.95
529.81	9556.41
530.15	9579.81
530.49	8388.48
530.83	5188.97
531.18	5640.69
531.52	6857.77
531.86	5408.98
532.20	7234.60
532.54	9963.66
532.88	4943.21
533.22	6633.08
533.57	7452.27
533.91	9797.48
534.25	5568.13
534.59	11115.20
534.93	8725.52
535.27	5975.39
535.61	6843.73
535.95	11417.13
536.30	8947.87
536.64	7407.80
536.98	4716.18
537.32	6499.67
537.66	5064.92
538.00	8355.71
538.34	8479.76
538.68	8336.99
539.02	11868.86
539.36	6410.73
539.70	5617.29
540.04	6960.75
540.39	20208.19
540.73	5944.96
541.07	7162.04
541.41	7927.39
541.75	7667.60
542.09	10354.53
542.43	7983.57
542.77	7178.42
543.11	7751.85
543.45	7047.35
543.79	9490.87
544.13	6487.96
544.47	6806.28
544.81	5811.55
545.15	8360.39
545.49	6918.62
545.83	5905.17
546.17	6569.88
546.51	4877.68
546.85	6246.89
547.19	11475.65
547.53	5392.59
547.87	8538.27
548.21	12332.28
548.54	7169.06
548.88	6160.29
549.22	5956.66
549.56	5310.68
549.90	6228.17
550.24	7119.91
550.58	5806.87
550.92	9954.30
551.26	6630.74
551.60	11124.57
551.94	6633.08
552.28	6537.12
552.61	8484.44
552.95	6677.55
553.29	6237.53
553.63	7222.89
553.97	11424.15
554.31	9537.68
554.65	10534.75
554.99	10590.92
555.32	6441.15
555.66	8432.95
556.00	4882.36
556.34	6696.27
556.68	7529.50
557.02	9640.67
557.36	7405.46
557.69	6998.20
558.03	6284.34
558.37	13071.89
558.71	15049.64
559.05	10684.55
559.38	12044.40
559.72	5900.49
560.06	8858.93
560.40	8477.42
560.74	10038.56
561.07	8215.28
561.41	9177.24
561.75	7974.21
562.09	6221.14
562.42	9130.43
562.76	8449.33
563.10	7393.75
563.44	25170.12
563.77	7733.13
564.11	8479.76
564.45	10101.75
564.79	8360.39
565.12	7307.15
565.46	7693.34
565.80	8042.08
566.14	7772.92
566.47	9570.45
566.81	5902.83
567.15	7672.28
567.48	8006.97
567.82	8465.72
568.16	7351.62
568.49	6033.90
568.83	5668.78
569.17	7066.08
569.50	7857.18
569.84	11199.46
570.18	8088.89
570.51	11749.49
570.85	7016.93
571.19	6682.23
571.52	6059.65
571.86	9640.67
572.20	6593.29
572.53	11290.74
572.87	6239.87
573.21	5703.89
573.54	5640.69
573.88	7964.84
574.21	7515.46
574.55	7016.93
574.89	10197.71
575.22	9263.84
575.56	6473.92
575.89	6324.13
576.23	6679.89
576.57	8086.55
576.90	6183.70
577.24	7578.65
577.57	5668.78
577.91	8013.99
578.24	5359.83
578.58	7138.63
578.91	8369.76
579.25	6057.31
579.59	7356.30
579.92	6899.90
580.26	5439.40
580.59	8222.30
580.93	8011.65
581.26	6628.40
581.60	8124.00
581.93	8596.79
582.27	11279.04
582.60	5935.60
582.94	7641.85
583.27	5500.26
583.61	6883.52
583.94	7705.04
584.28	5432.38
584.61	6696.27
584.94	8510.19
585.28	8395.50
585.61	8999.36
585.95	8681.05
586.28	11676.93
586.62	13469.78
586.95	7255.66
587.29	12603.78
587.62	15992.88
587.95	5961.34
588.29	7719.09
588.62	8446.99
588.96	9696.84
589.29	6429.45
589.62	6455.20
589.96	6857.77
590.29	6424.77
590.63	5383.23
590.96	8875.31
591.29	9249.80
591.63	9816.21
591.96	5731.97
592.29	6715.00
592.63	6420.09
592.96	8119.32
593.30	12189.51
593.63	7983.57
593.96	6045.60
594.30	6347.53
594.63	7950.80
594.96	13226.37
595.30	7232.26
595.63	6502.01
595.96	6153.27
596.29	8035.06
596.63	6516.05
596.96	9039.15
597.29	8351.03
597.63	5231.10
597.96	10530.07
598.29	9884.08
598.63	9717.90
598.96	6083.05
599.29	6347.53
599.62	6207.10
599.96	6207.10
600.29	6743.08
600.62	5870.06
600.95	6602.65
601.29	7131.61
601.62	7660.57
601.95	7037.99
602.28	6237.53
602.61	23234.50
602.95	7400.77
603.28	12355.69
603.61	6221.14
603.94	9734.29
604.27	5921.56
604.61	8491.46
604.94	8290.18
605.27	7667.60
605.60	5762.40
605.93	6445.84
606.27	9495.55
606.60	6923.30
606.93	5497.92
607.26	11379.68
607.59	7180.76
607.92	9954.30
608.26	6590.95
608.59	6251.57
608.92	6965.43
609.25	5877.09
609.58	7974.21
609.91	8704.45
610.24	13818.52
610.57	8283.16
610.90	9811.53
611.24	5242.80
611.57	5439.40
611.90	9238.09
612.23	7199.49
612.56	9238.09
612.89	8601.47
613.22	9027.45
613.55	5411.32
613.88	9682.80
614.21	5724.95
614.54	8074.85
614.87	5961.34
615.20	4880.02
615.53	10380.28
615.87	6324.13
616.20	7508.44
616.53	10583.90
616.86	7183.10
617.19	8215.28
617.52	9048.51
617.85	6462.22
618.18	6118.16
618.51	6799.26
618.84	8711.47
619.17	6885.86
619.50	11180.74
619.83	10574.54
620.16	8624.87
620.49	6356.90
620.82	14516.00
621.14	10998.18
621.47	7737.81
621.80	9987.07
622.13	7440.56
622.46	15208.80
622.79	8828.50
623.12	5738.99
623.45	9493.21
623.78	8875.31
624.11	5724.95
624.44	7824.41
624.77	5966.03
625.10	6293.70
625.43	5760.06
625.75	7550.57
626.08	6249.23
626.41	6153.27
626.74	7183.10
627.07	6715.00
627.40	12512.50
627.73	6525.41
628.06	6059.65
628.38	4931.51
628.71	9060.21
629.04	10157.92
629.37	8990.00
629.70	7735.47
630.03	6061.99
630.36	10106.43
630.68	9163.20
631.01	6555.84
631.34	11260.32
631.67	6492.65
632.00	4961.94
632.32	9338.74
632.65	10314.74
632.98	7981.23
633.31	7372.69
633.64	9561.09
633.96	5884.11
634.29	11192.44
634.62	7653.55
634.95	7985.91
635.27	7707.38
635.60	8688.07
635.93	7887.61
636.26	8004.63
636.58	6513.71
636.91	6382.64
637.24	6120.50
637.57	7485.03
637.89	8526.57
638.22	6707.98
638.55	7508.44
638.87	7976.55
639.20	8903.40
639.53	8201.24
639.86	6469.24
640.18	5895.81
640.51	7595.04
640.84	8067.83
641.16	5863.04
641.49	7838.45
641.82	5724.95
642.14	5877.09
642.47	14712.61
642.80	7056.72
643.12	9706.20
643.45	7105.87
643.78	7428.86
644.10	6356.90
644.43	7316.51
644.75	10560.50
645.08	5329.40
645.41	8257.41
645.73	6045.60
646.06	15723.72
646.39	9509.60
646.71	6331.15
647.04	6031.56
647.36	5322.38
647.69	8875.31
648.01	7550.57
648.34	6111.14
648.67	10010.47
648.99	10813.28
649.32	6223.48
649.64	5565.79
649.97	4765.33
650.29	5507.28
650.62	14789.85
650.94	7339.92
651.27	11267.34
651.59	7197.15
651.92	6260.93
652.25	8173.15
652.57	6008.16
652.90	6174.33
653.22	7981.23
653.55	7859.52
653.87	5109.39
654.20	7372.69
654.52	11562.25
654.84	6918.62
655.17	8542.96
655.49	11562.25
655.82	6665.85
656.14	7861.86
656.47	11293.08
656.79	12109.93
657.12	6780.53
657.44	6682.23
657.77	9081.28
658.09	7716.75
658.41	7026.29
658.74	8718.50
659.06	5650.05
659.39	6972.46
659.71	6396.68
660.03	7405.46
660.36	6635.42
660.68	10260.91
661.01	13752.99
661.33	10703.27
661.65	6335.83
661.98	14544.09
662.30	14064.28
662.63	7445.24
662.95	6930.33
663.27	6300.72
663.60	5729.63
663.92	7084.80
664.24	7037.99
664.57	5914.53
664.89	6307.74
665.21	6490.31
665.54	9689.82
665.86	7433.54
666.18	7719.09
666.51	10457.51
666.83	6518.39
667.15	15463.92
667.47	10169.63
667.80	8482.10
668.12	6256.25
668.44	7712.07
668.77	9048.51
669.09	10548.79
669.41	9214.69
669.73	5408.98
670.06	7372.69
670.38	6956.07
670.70	5561.11
671.02	8554.66
671.35	6530.09
671.67	10771.15
671.99	6817.98
672.31	10661.14
672.63	7962.50
672.96	11557.57
673.28	6595.63
673.60	7566.95
673.92	7480.35
674.24	6076.03
674.57	6310.08
674.89	10120.48
675.21	6981.82
675.53	9584.49
675.85	10258.57
676.17	10249.21
676.50	5961.34
676.82	10223.46
677.14	7714.41
677.46	15073.05
677.78	5640.69
678.10	9727.27
678.42	7187.79
678.75	6569.88
679.07	5624.31
679.39	7321.20
679.71	6593.29
680.03	6511.37
680.35	6665.85
680.67	6717.34
680.99	6260.93
681.31	5624.31
681.63	8313.58
681.96	10619.01
682.28	6586.27
682.60	5921.56
682.92	8842.54
683.24	5423.02
683.56	8858.93
683.88	6342.85
684.20	7091.82
684.52	6576.91
684.84	6635.42
685.16	6621.38
685.48	9310.65
685.80	7920.37
686.12	9329.38
686.44	12175.47
686.76	7103.53
687.08	5420.68
687.40	6059.65
687.72	9376.19
688.04	6122.84
688.36	14993.47
688.68	11260.32
689.00	8095.91
689.32	6881.18
689.64	6551.16
689.96	7176.08
690.28	10031.54
690.60	10640.08
690.92	6312.42
691.24	8814.46
691.56	6895.22
691.88	7049.69
692.19	5902.83
692.51	9664.07
692.83	8439.97
693.15	9217.03
693.47	8315.92
693.79	7747.17
694.11	10005.79
694.43	7784.62
694.75	7105.87
695.06	7866.54
695.38	10387.30
695.70	7480.35
696.02	7756.54
696.34	6532.44
696.66	6612.01
696.98	5345.78
697.29	7637.17
697.61	11599.70
697.93	10031.54
698.25	14036.19
698.57	8241.03
698.89	5654.73
699.20	6967.77
699.52	11482.67
699.84	5156.20
700.16	7098.84
700.48	10712.63
700.79	6078.37
701.11	12339.30
701.43	9703.86
701.75	6382.64
702.07	6935.01
702.38	12135.68
702.70	6209.44
703.02	6015.18
703.34	8931.48
703.65	7695.68
703.97	7037.99
704.29	5423.02
704.61	5916.87
704.92	9406.61
705.24	6888.20
705.56	9586.83
705.87	10090.05
706.19	7510.78
706.51	5453.45
706.82	10209.42
707.14	6331.15
707.46	5444.09
707.78	6017.52
708.09	8837.86
708.41	9825.57
708.73	8021.02
709.04	10312.40
709.36	6829.68
709.68	7206.51
709.99	13425.31
710.31	10560.50
710.62	7527.16
710.94	6712.66
711.26	8257.41
711.57	6846.07
711.89	5834.96
712.21	15782.23
712.52	7473.33
712.84	10993.50
713.15	8011.65
713.47	9593.86
713.79	5720.27
714.10	6480.94
714.42	6836.70
714.73	11300.11
715.05	5579.84
715.36	5947.30
715.68	6246.89
715.99	6766.49
716.31	10038.56
716.63	8690.41
716.94	9846.63
717.26	20369.68
717.57	9694.50
717.89	11864.18
718.20	6171.99
718.52	9858.34
718.83	7246.30
719.15	15208.80
719.46	14588.56
719.78	8081.87
720.09	7304.81
720.41	6186.04
720.72	5813.89
721.04	5867.72
721.35	7178.42
721.67	7108.21
721.98	6927.99
722.29	6724.36
722.61	6413.07
722.92	5200.67
723.24	7136.29
723.55	7726.11
723.87	8128.68
724.18	9116.39
724.50	5846.66
724.81	7178.42
725.12	7290.77
725.44	8479.76
725.75	7901.65
726.07	10883.49
726.38	8557.00
726.69	6899.90
727.01	8982.98
727.32	9415.98
727.63	6778.19
727.95	11147.97
728.26	6518.39
728.58	9128.09
728.89	6614.35
729.20	7206.51
729.52	6188.38
729.83	14284.29
730.14	9027.45
730.46	7283.75
730.77	10209.42
731.08	8882.33
731.39	7045.01
731.71	7543.55
732.02	9401.93
732.33	7377.37
732.65	6904.58
732.96	11243.93
733.27	9769.40
733.59	14972.41
733.90	9982.38
734.21	5949.64
734.52	7070.76
734.84	17975.31
735.15	6635.42
735.46	7005.22
735.77	7836.11
736.09	7393.75
736.40	11405.43
736.71	9427.68
737.02	5727.29
737.33	6799.26
737.65	6403.71
737.96	7618.44
738.27	7983.57
738.58	13809.16
738.89	8863.61
739.21	6532.44
739.52	5289.61
739.83	9034.47
740.14	6260.93
740.45	7625.47
740.76	6647.12
741.08	5816.23
741.39	7267.36
741.70	6731.38
742.01	7939.10
742.32	10422.41
742.63	7950.80
742.94	6171.99
743.26	8990.00
743.57	8437.63
743.88	9448.74
744.19	8053.78
744.50	7033.31
744.81	13184.24
745.12	7393.75
745.43	7342.26
745.74	16058.42
746.05	12023.33
746.36	5282.59
746.67	12484.42
746.99	7005.22
747.30	8779.35
747.61	6715.00
747.92	8077.19
748.23	10499.64
748.54	7061.40
748.85	6956.07
749.16	7772.92
749.47	6047.94
749.78	6768.83
750.09	6930.33
750.40	8409.54
750.71	7941.44
751.02	8643.60
751.33	7239.28
751.64	8568.70
751.95	7524.82
752.26	8774.67
752.57	9158.52
752.88	6906.92
753.19	7716.75
753.50	11033.29
753.81	6995.86
754.11	7496.74
754.42	17502.53
754.73	7655.89
755.04	8294.86
755.35	8100.59
755.66	14516.00
755.97	6005.81
756.28	6179.01
756.59	8784.03
756.90	17743.60
757.21	8416.57
757.52	11543.52
757.82	8531.25
758.13	6668.19
758.44	10263.25
758.75	8938.51
759.06	6480.94
759.37	6153.27
759.68	8390.82
759.98	6668.19
760.29	8851.91
760.60	8011.65
760.91	5521.32
761.22	7258.00
761.53	7749.51
761.83	6249.23
762.14	7634.83
762.45	6684.57
762.76	5783.46
763.07	8753.60
763.37	16716.11
763.68	11707.36
763.99	13671.07
764.30	12002.27
764.60	6668.19
764.91	10532.41
765.22	8013.99
765.53	13909.80
765.84	8231.66
766.14	7295.45
766.45	5839.64
766.76	11573.95
767.06	12428.24
767.37	7309.49
767.68	7618.44
767.99	7119.91
768.29	6686.91
768.60	7527.16
768.91	10668.16
769.21	13514.25
769.52	11421.81
769.83	7309.49
770.13	7655.89
770.44	7077.78
770.75	9277.88
771.05	7515.46
771.36	9160.86
771.67	7948.46
771.97	7145.66
772.28	7300.13
772.59	7967.18
772.89	9708.54
773.20	6677.55
773.51	6817.98
773.81	11997.59
774.12	6087.73
774.42	7449.93
774.73	6181.35
775.04	6401.37
775.34	22192.96
775.65	8727.86
775.95	13224.03
776.26	8606.15
776.56	6871.81
776.87	8697.43
777.18	65535.00
777.48	18307.67
777.79	7988.25
778.09	11307.13
778.40	7155.02
778.70	7150.34
779.01	11187.76
779.31	7763.56
779.62	7087.14
779.92	9518.96
780.23	8950.21
780.53	5886.45
780.84	7342.26
781.14	6878.83
781.45	6651.80
781.75	9827.91
782.06	6422.43
782.36	8409.54
782.67	6263.27
782.97	6567.54
783.28	13855.97
783.58	7028.63
783.89	6789.89
784.19	9041.49
784.49	13032.10
784.80	7346.94
785.10	13317.65
785.41	6195.40
785.71	9245.12
786.02	8624.87
786.32	14590.90
786.62	9647.69
786.93	12329.94
787.23	7054.37
787.54	7309.49
787.84	13008.70
788.14	9062.55
788.45	9172.56
788.75	10771.15
789.05	6211.78
789.36	7438.22
789.66	14349.82
789.96	9493.21
790.27	7728.45
790.57	8365.07
790.87	6380.30
791.18	6642.44
791.48	6616.69
791.78	8603.81
792.09	9132.77
792.39	6431.79
792.69	10031.54
793.00	8847.22
793.30	9195.96
793.60	6076.03
793.90	5460.47
794.21	8884.67
794.51	17626.57
794.81	11279.04
795.11	7866.54
795.42	6630.74
795.72	11906.31
796.02	9671.09
796.32	8622.53
796.63	8910.42
796.93	10356.87
797.23	9418.32
797.53	8339.33
797.84	10731.36
798.14	6506.69
798.44	8526.57
798.74	9064.89
799.04	8327.63
799.34	6045.60
799.65	16222.25
799.95	8023.36
800.25	7328.22
800.55	7040.33
800.85	8285.50
801.15	6511.37
801.46	7449.93
801.76	18359.16
802.06	6916.28
802.36	8521.89
802.66	6946.71
802.96	9643.01
803.26	11199.46
803.56	13631.28
803.87	16910.37
804.17	7548.23
804.47	10122.82
804.77	10918.60
805.07	11274.36
805.37	9870.04
805.67	9434.70
805.97	7164.38
806.27	7627.81
806.57	7019.27
806.87	12051.42
807.17	8252.73
807.47	11733.11
807.77	11393.73
808.07	7091.82
808.37	12070.14
808.67	8238.69
808.98	16278.43
809.28	7229.91
809.58	16603.76
809.88	10815.62
810.18	15197.10
810.47	7396.09
810.77	7510.78
811.07	9755.35
811.37	8784.03
811.67	6321.79
811.97	5638.35
812.27	6401.37
812.57	5516.64
812.87	6860.11
813.17	6555.84
813.47	6462.22
813.77	7068.42
814.07	6944.37
814.37	10382.62
814.67	6452.86
814.97	7248.64
815.27	6649.46
815.56	8968.93
815.86	11452.24
816.16	8292.52
816.46	6045.60
816.76	6593.29
817.06	10736.04
817.36	13090.62
817.66	7826.75
817.95	6319.45
818.25	8634.24
818.55	10326.44
818.85	9762.37
819.15	7023.95
819.45	13610.22
819.75	7581.00
820.04	7632.49
820.34	16332.26
820.64	10183.67
820.94	12947.84
821.24	7349.28
821.53	7815.05
821.83	6768.83
822.13	6029.22
822.43	7360.98
822.72	5970.71
823.02	6707.98
823.32	6265.61
823.62	8081.87
823.91	15360.94
824.21	5879.43
824.51	8552.32
824.81	7089.48
825.10	5778.78
825.40	9619.60
825.70	7819.73
826.00	13177.22
826.29	6874.15
826.59	8484.44
826.89	7096.50
827.18	6640.10
827.48	6740.74
827.78	6167.31
828.07	7782.28
828.37	9888.76
828.67	8465.72
828.96	7824.41
829.26	6586.27
829.56	10867.11
829.85	6817.98
830.15	8451.67
830.45	5860.70
830.74	12844.86
831.04	9722.59
831.34	10820.30
831.63	14258.54
831.93	10047.92
832.22	9551.73
832.52	7887.61
832.82	6108.80
833.11	6078.37
833.41	6392.00
833.70	6874.15
834.00	10551.14
834.29	8009.31
834.59	5778.78
834.89	8781.69
835.18	7150.34
835.48	13376.16
835.77	9348.10
836.07	9415.98
836.36	9331.72
836.66	10607.31
836.95	7419.50
837.25	6534.78
837.54	9137.45
837.84	6913.94
838.13	8315.92
838.43	6464.56
838.72	13947.25
839.02	11138.61
839.31	6623.72
839.61	10824.98
839.90	5785.80
840.20	7822.07
840.49	6160.29
840.78	8444.65
841.08	9298.95
841.37	7005.22
841.67	6047.94
841.96	9172.56
842.26	8255.07
842.55	5750.70
842.84	6331.15
843.14	10286.65
843.43	5973.05
843.73	7728.45
844.02	5891.13
844.31	7267.36
844.61	6862.45
844.90	8517.21
845.20	7817.39
845.49	5530.69
845.78	6949.05
846.08	6176.67
846.37	5107.05
846.66	8727.86
846.96	9315.33
847.25	8493.80
847.54	5818.57
847.84	9174.90
848.13	7342.26
848.42	10202.40
848.72	6494.99
849.01	9184.26
849.30	6504.35
849.59	6406.05
849.89	6413.07
850.18	12587.40
850.47	6167.31
850.76	18995.79
851.06	15005.17
851.35	8601.47
851.64	9933.23
851.93	7850.16
852.23	11063.71
852.52	7101.19
852.81	6853.09
853.10	7660.57
853.40	5425.36
853.69	5621.97
853.98	7616.10
854.27	9926.21
854.56	6883.52
854.86	8903.40
855.15	7775.26
855.44	8351.03
855.73	5675.80
856.02	6766.49
856.31	9982.38
856.61	8407.20
856.90	7066.08
857.19	6012.84
857.48	5804.53
857.77	6106.46
858.06	5198.33
858.35	5851.34
858.65	11592.67
858.94	9444.06
859.23	7281.41
859.52	9687.48
859.81	12173.13
860.10	6626.06
860.39	9385.55
860.68	7822.07
860.97	6183.70
861.26	6579.25
861.55	12278.45
861.85	7742.49
862.14	9240.44
862.43	9942.60
862.72	8070.17
863.01	5757.72
863.30	6752.45
863.59	7463.97
863.88	7211.19
864.17	7403.11
864.46	6265.61
864.75	14841.34
865.04	7875.90
865.33	5895.81
865.62	11136.27
865.91	6672.87
866.20	9041.49
866.49	6939.69
866.78	7059.06
867.07	6988.84
867.36	10438.79
867.65	12020.99
867.93	9158.52
868.22	7796.32
868.51	7185.44
868.80	7712.07
869.09	7276.73
869.38	6349.87
869.67	12826.14
869.96	12826.14
870.25	12826.14
