178.76	1834.98
179.14	1834.98
179.52	1834.98
179.90	1734.34
180.28	10326.44
180.66	5984.75
181.04	7889.95
181.42	7110.55
181.80	6031.56
182.18	10267.93
182.55	5628.99
182.93	7162.04
183.31	7026.29
183.69	7688.66
184.07	7915.69
184.45	6878.83
184.83	7005.22
185.21	6291.36
185.59	6569.88
185.97	15503.71
186.35	11482.67
186.72	6925.65
187.10	6939.69
187.48	11122.23
187.86	8784.03
188.24	6534.78
188.62	5879.43
189.00	10464.54
189.38	7534.18
189.75	7197.15
190.13	7604.40
190.51	6171.99
190.89	14525.36
191.27	20119.24
191.65	6787.55
192.03	7613.76
192.40	9856.00
192.78	7368.01
193.16	8549.98
193.54	11662.89
193.92	10366.23
194.30	6581.59
194.67	9041.49
195.05	8287.84
195.43	7162.04
195.81	6794.58
196.19	10239.84
196.56	7461.63
196.94	7173.74
197.32	11204.14
197.70	6436.47
198.08	8374.44
198.45	6588.61
198.83	7346.94
199.21	6684.57
199.59	11852.47
199.97	7836.11
200.34	5771.76
200.72	6530.09
201.10	13287.22
201.48	9692.16
201.85	6237.53
202.23	6693.93
202.61	6478.60
202.99	15609.03
203.36	6452.86
203.74	8793.39
204.12	6836.70
204.49	6260.93
204.87	8409.54
205.25	6841.39
205.63	5731.97
206.00	6260.93
206.38	7616.10
206.76	9121.07
207.14	6282.00
207.51	5746.02
207.89	10471.56
208.27	6239.87
208.64	5362.17
209.02	6654.14
209.40	6722.02
209.77	5387.91
210.15	14010.45
210.53	5916.87
210.90	10757.10
211.28	6022.20
211.66	11609.06
212.03	6291.36
212.41	5778.78
212.79	6972.46
213.16	5853.68
213.54	7337.58
213.92	7478.01
214.29	5437.06
214.67	6384.98
215.05	6649.46
215.42	8814.46
215.80	6684.57
216.17	6502.01
216.55	7487.37
216.93	5675.80
217.30	8669.34
217.68	6120.50
218.05	6459.88
218.43	6263.27
218.81	6602.65
219.18	10586.24
219.56	6604.99
219.93	6406.05
220.31	6331.15
220.69	5834.96
221.06	6033.90
221.44	7442.90
221.81	6111.14
222.19	5507.28
222.56	5961.34
222.94	6576.91
223.32	7365.67
223.69	6216.46
224.07	8503.17
224.44	12109.93
224.82	7405.46
225.19	8126.34
225.57	7412.48
225.94	6499.67
226.32	7021.61
226.69	11630.12
227.07	8208.26
227.44	6642.44
227.82	7468.65
228.19	6789.89
228.57	8292.52
228.94	11098.82
229.32	9301.29
229.69	8566.36
230.07	6700.95
230.44	6024.54
230.82	10406.02
231.19	9109.36
231.57	5483.88
231.94	5715.59
232.32	8739.56
232.69	6628.40
233.07	7295.45
233.44	7873.56
233.82	6759.47
234.19	7096.50
234.57	9701.52
234.94	6223.48
235.31	6635.42
235.69	6906.92
236.06	7225.23
236.44	8273.79
236.81	5626.65
237.19	7592.70
237.56	11042.65
237.93	6258.59
238.31	7339.92
238.68	6780.53
239.06	7356.30
239.43	8627.21
239.81	7798.66
240.18	5797.51
240.55	6026.88
240.93	12306.54
241.30	7503.76
241.67	6935.01
242.05	8362.73
242.42	9193.62
242.80	5654.73
243.17	7485.03
243.54	7353.96
243.92	9032.13
244.29	6874.15
244.66	7342.26
245.04	9872.38
245.41	15218.16
245.78	5888.79
246.16	6541.80
246.53	8549.98
246.90	6839.05
247.28	12245.68
247.65	6757.13
248.02	7115.23
248.40	9621.94
248.77	7152.68
249.14	8189.53
249.52	6595.63
249.89	8025.70
250.26	6033.90
250.64	7281.41
251.01	14590.90
251.38	5575.16
251.75	7187.79
252.13	6483.28
252.50	8702.11
252.87	12652.94
253.25	5776.44
253.62	7634.83
253.99	5617.29
254.36	9081.28
254.74	6361.58
255.11	5849.00
255.48	5490.90
255.85	13600.85
256.23	5699.20
256.60	5181.95
256.97	6801.60
257.34	7775.26
257.71	7358.64
258.09	6403.71
258.46	7396.09
258.83	10813.28
259.20	9394.91
259.58	6977.14
259.95	6892.88
260.32	9102.34
260.69	5788.14
261.06	10167.29
261.44	5980.07
261.81	12500.80
262.18	7552.91
262.55	6181.35
262.92	7089.48
263.29	6314.77
263.67	5596.22
264.04	6366.26
264.41	6686.91
264.78	6265.61
265.15	9867.70
265.52	11674.59
265.90	7112.89
266.27	6223.48
266.64	5614.95
267.01	5320.04
267.38	7627.81
267.75	5973.05
268.12	5252.16
268.50	6707.98
268.87	6115.82
269.24	6104.12
269.61	7421.84
269.98	7997.61
270.35	7606.74
270.72	5942.62
271.09	6649.46
271.46	6384.98
271.83	7562.27
272.21	8837.86
272.58	5827.93
272.95	6111.14
273.32	6836.70
273.69	7087.14
274.06	5324.72
274.43	5902.83
274.80	6829.68
275.17	7403.11
275.54	16919.73
275.91	7148.00
276.28	7087.14
276.65	7190.13
277.02	10644.76
277.39	6040.92
277.76	5973.05
278.13	7960.16
278.50	8320.60
278.87	10150.90
279.24	8849.57
279.61	7955.48
279.98	9392.57
280.35	6085.39
280.72	7178.42
281.09	6649.46
281.46	7002.88
281.83	6036.24
282.20	7632.49
282.57	6417.75
282.94	7852.50
283.31	6387.32
283.68	7531.84
284.05	5376.21
284.42	5107.05
284.79	7414.82
285.16	8105.28
285.53	6927.99
285.90	7005.22
286.27	14043.21
286.64	5390.25
287.01	6047.94
287.38	8184.85
287.75	57542.07
288.12	8203.58
288.49	15690.95
288.86	5863.04
289.23	5881.77
289.59	5966.03
289.96	5760.06
290.33	6284.34
290.70	6523.07
291.07	8109.96
291.44	7548.23
291.81	5685.16
292.18	7094.16
292.55	6492.65
292.91	11690.98
293.28	7983.57
293.65	10361.55
294.02	7527.16
294.39	5425.36
294.76	6764.15
295.13	7087.14
295.50	6796.92
295.86	6794.58
296.23	6310.08
296.60	5523.66
296.97	6209.44
297.34	6846.07
297.71	8641.26
298.07	7089.48
298.44	5263.86
298.81	7562.27
299.18	7089.48
299.55	10197.71
299.91	6626.06
300.28	7805.69
300.65	5313.02
301.02	7131.61
301.39	7782.28
301.75	12666.98
302.12	7840.79
302.49	6768.83
302.86	9951.96
303.23	7061.40
303.59	5746.02
303.96	16439.92
304.33	9270.86
304.70	14298.33
305.06	6251.57
305.43	9708.54
305.80	7978.89
306.17	8634.24
306.53	6153.27
306.90	9020.42
307.27	6911.60
307.64	10076.01
308.00	6265.61
308.37	6214.12
308.74	11604.38
309.11	8475.08
309.47	5951.98
309.84	5437.06
310.21	6759.47
310.57	7199.49
310.94	6612.01
311.31	6960.75
311.67	7382.05
312.04	5282.59
312.41	9252.14
312.77	7730.79
313.14	6090.07
313.51	6590.95
313.87	6228.17
314.24	6129.86
314.61	6216.46
314.97	6399.02
315.34	6883.52
315.71	5413.66
316.07	8711.47
316.44	5708.57
316.81	8383.80
317.17	5966.03
317.54	14691.54
317.91	6188.38
318.27	5261.52
318.64	6623.72
319.00	8170.81
319.37	5352.81
319.74	8872.97
320.10	9083.62
320.47	6342.85
320.83	10401.34
321.20	6633.08
321.57	5804.53
321.93	6157.95
322.30	7227.57
322.66	6003.47
323.03	8224.64
323.40	7599.72
323.76	6160.29
324.13	6162.63
324.49	5380.89
324.86	17951.91
325.22	7035.65
325.59	6775.85
325.95	7375.03
326.32	9156.18
326.68	8683.39
327.05	6670.53
327.42	5930.92
327.78	6160.29
328.15	9022.77
328.51	6113.48
328.88	8327.63
329.24	10574.54
329.61	6935.01
329.97	8196.56
330.34	6157.95
330.70	6974.80
331.07	10270.27
331.43	8159.11
331.80	12535.91
332.16	9760.03
332.52	5966.03
332.89	7843.14
333.25	5200.67
333.62	11705.02
333.98	6384.98
334.35	6691.59
334.71	7115.23
335.08	5720.27
335.44	11382.03
335.81	11222.87
336.17	9764.72
336.53	6757.13
336.90	5746.02
337.26	8182.51
337.63	8889.35
337.99	7098.84
338.36	5654.73
338.72	8477.42
339.08	6963.09
339.45	5579.84
339.81	9036.81
340.18	6429.45
340.54	9872.38
340.90	6127.52
341.27	6817.98
341.63	7997.61
341.99	5060.24
342.36	9923.87
342.72	5776.44
343.09	10038.56
343.45	6237.53
343.81	10125.16
344.18	5441.75
344.54	6677.55
344.90	7426.52
345.27	7117.57
345.63	6684.57
345.99	8442.31
346.36	7061.40
346.72	5628.99
347.08	5858.36
347.45	5366.85
347.81	9497.89
348.17	7258.00
348.54	5540.05
348.90	8627.21
349.26	9238.09
349.62	10040.90
349.99	5188.97
350.35	5093.01
350.71	7452.27
351.08	6913.94
351.44	5130.45
351.80	12683.36
352.16	10974.77
352.53	5919.21
352.89	7971.86
353.25	10647.10
353.61	6431.79
353.98	8245.71
354.34	9701.52
354.70	6244.55
355.06	5114.07
355.43	6771.17
355.79	6464.56
356.15	6401.37
356.51	5783.46
356.88	5750.70
357.24	6579.25
357.60	5430.04
357.96	5163.22
358.32	14506.64
358.69	5334.08
359.05	7559.93
359.41	7314.17
359.77	5575.16
360.13	5912.19
360.49	5841.98
360.86	8650.62
361.22	10693.91
361.58	7358.64
361.94	10466.88
362.30	5713.25
362.66	7978.89
363.03	5062.58
363.39	5226.42
363.75	6129.86
364.11	9547.05
364.47	6129.86
364.83	10312.40
365.19	7286.09
365.56	8458.70
365.92	5219.39
366.28	8257.41
366.64	9460.45
367.00	5291.95
367.36	5210.03
367.72	9390.23
368.08	8896.38
368.44	6282.00
368.80	7964.84
369.17	6427.11
369.53	6509.03
369.89	5760.06
370.25	5816.23
370.61	6019.86
370.97	10256.23
371.33	6246.89
371.69	12177.81
372.05	7857.18
372.41	5624.31
372.77	6347.53
373.13	7140.97
373.49	5008.75
373.85	7735.47
374.21	7255.66
374.57	5713.25
374.93	8318.26
375.29	8919.78
375.65	7066.08
376.01	6846.07
376.37	9706.20
376.73	8074.85
377.09	5472.17
377.45	9408.95
377.81	6729.04
378.17	5837.30
378.53	4999.38
378.89	7990.59
379.25	10544.11
379.61	13504.89
379.97	8936.17
380.33	6326.47
380.69	5846.66
381.05	5427.70
381.41	8795.73
381.77	6937.35
382.13	8187.19
382.49	14277.27
382.85	7101.19
383.21	8252.73
383.57	5231.10
383.93	9844.29
384.28	5114.07
384.64	6384.98
385.00	7185.44
385.36	6970.12
385.72	8603.81
386.08	5825.59
386.44	8512.53
386.80	8575.72
387.16	10406.02
387.52	9153.84
387.87	13184.24
388.23	7599.72
388.59	6069.01
388.95	5420.68
389.31	6441.15
389.67	6607.33
390.03	6047.94
390.38	6195.40
390.74	4950.23
391.10	9046.17
391.46	7129.27
391.82	5806.87
392.18	8056.12
392.54	4732.56
392.89	5507.28
393.25	7906.33
393.61	5666.44
393.97	5266.21
394.33	7438.22
394.68	6537.12
395.04	5331.74
395.40	6935.01
395.76	8603.81
396.12	7180.76
396.47	5643.03
396.83	6815.64
397.19	5444.09
397.55	5633.67
397.90	6930.33
398.26	6970.12
398.62	5460.47
398.98	4905.76
399.33	6469.24
399.69	24161.35
400.05	7859.52
400.41	5657.07
400.76	8250.39
401.12	9738.97
401.48	7419.50
401.84	5734.31
402.19	6012.84
402.55	7492.05
402.91	6930.33
403.26	5130.45
403.62	8032.72
403.98	6869.47
404.34	4777.03
404.69	6705.63
405.05	8517.21
405.41	13474.46
405.76	5757.72
406.12	5657.07
406.48	6541.80
406.83	5954.32
407.19	7936.76
407.55	7581.00
407.90	13525.96
408.26	8154.43
408.62	8732.54
408.97	6707.98
409.33	5266.21
409.68	5650.05
410.04	7351.62
410.40	5827.93
410.75	7906.33
411.11	5738.99
411.47	7236.94
411.82	6317.11
412.18	6974.80
412.53	6469.24
412.89	5937.94
413.25	6499.67
413.60	6881.18
413.96	5100.03
414.31	6176.67
414.67	7042.67
415.03	5165.56
415.38	5441.75
415.74	6193.06
416.09	6417.75
416.45	8119.32
416.80	5673.46
417.16	8095.91
417.51	6478.60
417.87	6286.68
418.23	7613.76
418.58	7838.45
418.94	4887.04
419.29	5933.26
419.65	7358.64
420.00	8475.08
420.36	7801.01
420.71	7768.24
421.07	5336.42
421.42	6724.36
421.78	8620.19
422.13	6438.81
422.49	5289.61
422.84	7033.31
423.20	5043.85
423.55	5387.91
423.91	5355.15
424.26	13231.05
424.61	8058.46
424.97	10832.00
425.32	5832.62
425.68	6392.00
426.03	7412.48
426.39	9661.73
426.74	9303.63
427.10	8975.95
427.45	5767.08
427.80	7293.11
428.16	6691.59
428.51	6520.73
428.87	7330.56
429.22	9186.60
429.58	9795.14
429.93	9582.15
430.28	5738.99
430.64	5989.43
430.99	4973.64
431.35	7215.87
431.70	6216.46
432.05	6597.97
432.41	7817.39
432.76	7473.33
433.11	7573.97
433.47	7520.14
433.82	10059.62
434.17	7810.37
434.53	7492.05
434.88	13437.02
435.24	7445.24
435.59	7035.65
435.94	5310.68
436.30	7786.96
436.65	6181.35
437.00	9069.58
437.35	15480.30
437.71	6401.37
438.06	6010.50
438.41	5867.72
438.77	7634.83
439.12	5069.60
439.47	4676.39
439.83	7281.41
440.18	4966.62
440.53	6300.72
440.88	11847.79
441.24	8145.06
441.59	5462.81
441.94	6169.65
442.30	7810.37
442.65	12184.83
443.00	6846.07
443.35	9853.66
443.71	6452.86
444.06	9013.40
444.41	7691.00
444.76	10867.11
445.11	6665.85
445.47	9518.96
445.82	8777.01
446.17	5533.03
446.52	10008.13
446.88	7094.16
447.23	4961.94
447.58	7676.96
447.93	5638.35
448.28	27868.76
448.63	10513.69
448.99	6775.85
449.34	8114.64
449.69	8461.04
450.04	6019.86
450.39	5994.11
450.74	6815.64
451.10	6623.72
451.45	6867.13
451.80	7262.68
452.15	9486.19
452.50	7768.24
452.85	9563.43
453.21	8510.19
453.56	7452.27
453.91	6434.13
454.26	7157.36
454.61	5514.30
454.96	8006.97
455.31	6518.39
455.66	6186.04
456.01	7831.43
456.36	6359.24
456.72	5877.09
457.07	7520.14
457.42	9797.48
457.77	8683.39
458.12	5596.22
458.47	7138.63
458.82	9303.63
459.17	6913.94
459.52	7110.55
459.87	11332.87
460.22	5476.85
460.57	6740.74
460.92	5841.98
461.27	7925.05
461.62	6445.84
461.97	5708.57
462.32	11349.26
462.67	10216.44
463.02	12924.44
463.38	12652.94
463.73	8468.06
464.08	11714.38
464.43	7501.42
464.78	5453.45
465.12	7765.90
465.47	8201.24
465.82	27082.34
466.17	6415.41
466.52	8238.69
466.87	6047.94
467.22	5638.35
467.57	5046.20
467.92	7496.74
468.27	10633.05
468.62	14293.65
468.97	6569.88
469.32	4837.89
469.67	14946.66
470.02	13542.34
470.37	5940.28
470.72	7218.21
471.07	5247.48
471.42	6436.47
471.76	6604.99
472.11	6333.49
472.46	8006.97
472.81	14441.11
473.16	5813.89
473.51	5720.27
473.86	5097.69
474.21	6331.15
474.56	6043.26
474.90	6012.84
475.25	9242.78
475.60	8542.96
475.95	5839.64
476.30	10705.61
476.65	9804.50
477.00	14457.49
477.34	10616.67
477.69	5486.22
478.04	8772.33
478.39	6981.82
478.74	5694.52
479.09	4992.36
479.43	6935.01
479.78	4805.12
480.13	11932.05
480.48	9467.47
480.83	7103.53
481.17	5242.80
481.52	6827.34
481.87	6422.43
482.22	11353.94
482.57	6361.58
482.91	8877.65
483.26	7538.87
483.61	6232.85
483.96	7316.51
484.30	65535.00
484.65	12571.02
485.00	5783.46
485.35	6600.31
485.69	5673.46
486.04	6361.58
486.39	7424.18
486.74	7236.94
487.08	5076.62
487.43	7613.76
487.78	4882.36
488.12	7852.50
488.47	5923.90
488.82	10090.05
489.17	5628.99
489.51	5032.15
489.86	7513.12
490.21	5060.24
490.55	7414.82
490.90	5221.74
491.25	6094.76
491.59	5294.29
491.94	12109.93
492.29	5994.11
492.63	6937.35
492.98	4688.09
493.33	6979.48
493.67	6001.13
494.02	5338.76
494.37	5348.12
494.71	7906.33
495.06	5795.17
495.40	9949.62
495.75	5830.27
496.10	9921.53
496.44	6590.95
496.79	7824.41
497.13	5636.01
497.48	13612.56
497.83	9703.86
498.17	7843.14
498.52	5982.41
498.86	8442.31
499.21	6457.54
499.56	5673.46
499.90	6375.62
500.25	5174.92
500.59	6815.64
500.94	7485.03
501.28	8315.92
501.63	9181.92
501.97	6267.95
502.32	5652.39
502.67	7573.97
503.01	5259.18
503.36	6104.12
503.70	5968.37
504.05	7896.97
504.39	8699.77
504.74	6370.94
505.08	10272.61
505.43	4596.81
505.77	5256.84
506.12	7005.22
506.46	6403.71
506.81	5535.37
507.15	5554.09
507.49	6239.87
507.84	5600.90
508.18	7351.62
508.53	7019.27
508.87	6832.02
509.22	6202.42
509.56	65535.00
509.91	18572.15
510.25	6942.03
510.60	4840.23
510.94	8430.61
511.28	4706.82
511.63	8931.48
511.97	7470.99
512.32	8709.13
512.66	5584.52
513.00	6778.19
513.35	9083.62
513.69	5600.90
514.04	7988.25
514.38	8439.97
514.72	7164.38
515.07	5549.41
515.41	5526.00
515.76	5760.06
516.10	6796.92
516.44	8704.45
516.79	5959.00
517.13	5287.27
517.47	8943.19
517.82	7005.22
518.16	6459.88
518.50	7049.69
518.85	7059.06
519.19	9832.59
519.53	12954.87
519.88	8461.04
520.22	6307.74
520.56	6789.89
520.91	5170.24
521.25	5425.36
521.59	6516.05
521.93	7616.10
522.28	6377.96
522.62	7318.86
522.96	8795.73
523.31	6200.08
523.65	7588.02
523.99	8236.35
524.33	10846.04
524.68	7840.79
525.02	5390.25
525.36	7400.77
525.70	5032.15
526.05	5767.08
526.39	5401.96
526.73	8070.17
527.07	7148.00
527.41	10087.71
527.76	5652.39
528.10	6298.38
528.44	7683.98
528.78	6590.95
529.12	8304.22
529.47	6352.21
529.81	8795.73
530.15	8936.17
530.49	7791.64
530.83	4889.38
531.18	5401.96
531.52	6469.24
531.86	5256.84
532.20	6874.15
532.54	9167.88
532.88	4805.12
533.22	6359.24
533.57	6913.94
533.91	8947.87
534.25	5324.72
534.59	10314.74
534.93	8180.17
535.27	5678.14
535.61	6459.88
535.95	10448.15
536.30	5266.21
536.64	6707.98
536.98	4475.10
537.32	6204.76
537.66	4884.70
538.00	7653.55
538.34	8046.76
538.68	7768.24
539.02	11084.78
539.36	5987.09
539.70	5102.37
540.04	6469.24
540.39	19084.73
540.73	5666.44
541.07	6707.98
541.41	7356.30
541.75	7449.93
542.09	9671.09
542.43	7595.04
542.77	6656.48
543.11	7363.33
543.45	6754.79
543.79	8943.19
544.13	6438.81
544.47	6359.24
544.81	5729.63
545.15	7957.82
545.49	6607.33
545.83	5467.49
546.17	6293.70
546.51	4772.35
546.85	5872.40
547.19	10537.09
547.53	5151.52
547.87	8241.03
548.21	11571.61
548.54	6785.21
548.88	5738.99
549.22	5614.95
549.56	5109.39
549.90	5849.00
550.24	6726.70
550.58	5661.76
550.92	9413.63
551.26	6132.20
551.60	10541.77
551.94	6118.16
552.28	6150.93
552.61	7906.33
552.95	6345.19
553.29	5853.68
553.63	6965.43
553.97	10693.91
554.31	8894.04
554.65	9956.64
554.99	9612.58
555.32	6031.56
555.66	7749.51
556.00	4631.92
556.34	6553.50
556.68	7101.19
557.02	8905.74
557.36	7063.74
557.69	6675.21
558.03	5825.59
558.37	11843.11
558.71	13760.01
559.05	9844.29
559.38	10909.24
559.72	5507.28
560.06	8339.33
560.40	8126.34
560.74	9465.13
561.07	7693.34
561.41	8592.11
561.75	7602.06
562.09	6064.33
562.42	8526.57
562.76	7854.84
563.10	6984.16
563.44	23192.37
563.77	7358.64
564.11	7714.41
564.45	9481.51
564.79	7880.58
565.12	7056.72
565.46	7220.55
565.80	7412.48
566.14	7288.43
566.47	9085.96
566.81	5682.82
567.15	7300.13
567.48	7611.42
567.82	8042.08
568.16	7555.25
568.49	5694.52
568.83	5050.88
569.17	6677.55
569.50	7407.80
569.84	10403.68
570.18	7510.78
570.51	10668.16
570.85	6597.97
571.19	6312.42
571.52	5713.25
571.86	8966.59
572.20	6193.06
572.53	10265.59
572.87	5792.83
573.21	5479.19
573.54	5261.52
573.88	7297.79
574.21	7129.27
574.55	6768.83
574.89	9415.98
575.22	8690.41
575.56	5987.09
575.89	5870.06
576.23	6429.45
576.57	7630.15
576.90	5806.87
577.24	7269.70
577.57	5366.85
577.91	7400.77
578.24	5146.84
578.58	6602.65
578.91	7990.59
579.25	5722.61
579.59	7045.01
579.92	6614.35
580.26	5320.04
580.59	7634.83
580.93	7290.77
581.26	6225.82
581.60	7485.03
581.93	8091.23
582.27	10513.69
582.60	5500.26
582.94	7281.41
583.27	5247.48
583.61	6354.55
583.94	7337.58
584.28	5036.83
584.61	6282.00
584.94	7808.03
585.28	7765.90
585.61	8322.94
585.95	8119.32
586.28	10993.50
586.62	12599.10
586.95	6736.06
587.29	11751.83
587.62	14626.01
587.95	5507.28
588.29	7358.64
588.62	8013.99
588.96	8952.55
589.29	6157.95
589.62	6097.10
589.96	6527.75
590.29	6083.05
590.63	5015.77
590.96	8182.51
591.29	8634.24
591.63	9210.01
591.96	5397.28
592.29	6211.78
592.63	6064.33
592.96	7258.00
593.30	11225.21
593.63	7513.12
593.96	5621.97
594.30	6221.14
594.63	7529.50
594.96	11222.87
595.30	6810.96
595.63	6263.27
595.96	5851.34
596.29	7744.83
596.63	6380.30
596.96	8294.86
597.29	7894.63
597.63	5076.62
597.96	9706.20
598.29	9137.45
598.63	8891.70
598.96	5750.70
599.29	6073.69
599.62	5799.85
599.96	5863.04
600.29	6651.80
600.62	5511.96
600.95	6094.76
601.29	6670.53
601.62	7328.22
601.95	6801.60
602.28	6038.58
602.61	22293.60
602.95	6815.64
603.28	11426.50
603.61	5753.04
603.94	8938.51
604.27	5600.90
604.61	8138.04
604.94	7822.07
605.27	7166.72
605.60	5458.13
605.93	6083.05
606.27	8695.09
606.60	5593.88
606.93	5233.44
607.26	10693.91
607.59	6853.09
607.92	9305.97
608.26	6001.13
608.59	5816.23
608.92	6499.67
609.25	5521.32
609.58	7328.22
609.91	8095.91
610.24	12814.43
610.57	7796.32
610.90	9085.96
611.24	5022.79
611.57	5181.95
611.90	8739.56
612.23	6675.21
612.56	8524.23
612.89	8219.96
613.22	8425.93
613.55	5074.28
613.88	9050.85
614.21	5556.43
614.54	7730.79
614.87	5680.48
615.20	4767.67
615.53	9652.37
615.87	5888.79
616.20	6946.71
616.53	9694.50
616.86	6813.30
617.19	7786.96
617.52	5937.94
617.85	6218.80
618.18	5860.70
618.51	6235.19
618.84	8126.34
619.17	6612.01
619.50	10436.45
619.83	9860.68
620.16	7946.12
620.49	6134.54
620.82	13422.97
621.14	10200.05
621.47	6438.81
621.80	9188.94
622.13	7126.93
622.46	14019.81
622.79	8290.18
623.12	5528.35
623.45	8912.76
623.78	8255.07
624.11	5509.62
624.44	7578.65
624.77	5434.72
625.10	5811.55
625.43	5481.53
625.75	7162.04
626.08	5907.51
626.41	5551.75
626.74	6848.41
627.07	6310.08
627.40	11531.82
627.73	6223.48
628.06	5717.93
628.38	4643.62
628.71	8442.31
629.04	9418.32
629.37	8430.61
629.70	7265.02
630.03	5731.97
630.36	9179.58
630.68	8535.93
631.01	6113.48
631.34	10553.48
631.67	6017.52
632.00	4793.42
632.32	8557.00
632.65	9664.07
632.98	7356.30
633.31	6932.67
633.64	8788.71
633.96	5643.03
634.29	10310.06
634.62	6904.58
634.95	7396.09
635.27	7110.55
635.60	8046.76
635.93	7426.52
636.26	7550.57
636.58	6176.67
636.91	6183.70
637.24	5832.62
637.57	7136.29
637.89	8018.68
638.22	6132.20
638.55	7119.91
638.87	7417.16
639.20	8203.58
639.53	7723.77
639.86	6129.86
640.18	5528.35
640.51	7159.70
640.84	7468.65
641.16	5572.82
641.49	7363.33
641.82	5561.11
642.14	5771.76
642.47	13448.72
642.80	6808.62
643.12	9071.92
643.45	6640.10
643.78	7133.95
644.10	5856.02
644.43	6897.56
644.75	9837.27
645.08	5011.09
645.41	7791.64
645.73	5640.69
646.06	14384.93
646.39	8716.16
646.71	6026.88
647.04	5717.93
647.36	4910.44
647.69	8290.18
648.01	7070.76
648.34	5846.66
648.67	9184.26
648.99	10087.71
649.32	5884.11
649.64	5011.09
649.97	4540.64
650.29	5362.17
650.62	13935.55
650.94	7012.24
651.27	10567.52
651.59	6635.42
651.92	4573.41
652.25	7569.29
652.57	5577.50
652.90	5720.27
653.22	7372.69
653.55	7433.54
653.87	4755.97
654.20	6984.16
654.52	10501.98
654.84	6590.95
655.17	7889.95
655.49	10656.46
655.82	6251.57
656.14	7288.43
656.47	8212.94
656.79	11243.93
657.12	6307.74
657.44	6300.72
657.77	8542.96
658.09	7192.47
658.41	6612.01
658.74	8145.06
659.06	5343.44
659.39	6628.40
659.71	6125.18
660.03	6850.75
660.36	6396.68
660.68	9628.96
661.01	12791.03
661.33	10108.77
661.65	6164.97
661.98	13193.60
662.30	10143.88
662.63	6953.73
662.95	6445.84
663.27	5879.43
663.60	5394.93
663.92	6586.27
664.24	6647.12
664.57	5636.01
664.89	6064.33
665.21	6054.97
665.54	9287.25
665.86	7178.42
666.18	7094.16
666.51	9942.60
666.83	6244.55
667.15	14391.95
667.47	9427.68
667.80	7896.97
668.12	5839.64
668.44	7159.70
668.77	8549.98
669.09	9682.80
669.41	8669.34
669.73	5270.89
670.06	6923.30
670.38	6494.99
670.70	5259.18
671.02	7932.08
671.35	6097.10
671.67	10092.39
671.99	6656.48
672.31	9881.74
672.63	7566.95
672.96	10637.73
673.28	6209.44
673.60	7042.67
673.92	7054.37
674.24	5764.74
674.57	5844.32
674.89	9200.65
675.21	6597.97
675.53	8748.92
675.85	9619.60
676.17	9696.84
676.50	5687.50
676.82	9717.90
677.14	7148.00
677.46	13935.55
677.78	5275.57
678.10	9020.42
678.42	6803.94
678.75	6211.78
679.07	5589.20
679.39	6764.15
679.71	6300.72
680.03	6282.00
680.35	6230.51
680.67	6368.60
680.99	5753.04
681.31	5259.18
681.63	7969.52
681.96	9923.87
682.28	6143.91
682.60	5593.88
682.92	8191.88
683.24	5254.50
683.56	8156.77
683.88	5951.98
684.20	6647.12
684.52	6218.80
684.84	6073.69
685.16	6321.79
685.48	8706.79
685.80	7585.68
686.12	8442.31
686.44	11403.09
686.76	6794.58
687.08	5217.05
687.40	5797.51
687.72	8950.21
688.04	6401.37
688.36	13790.44
688.68	10487.94
689.00	7740.15
689.32	6401.37
689.64	6267.95
689.96	6789.89
690.28	9289.59
690.60	9834.93
690.92	5940.28
691.24	8126.34
691.56	6546.48
691.88	6752.45
692.19	5664.10
692.51	8950.21
692.83	7740.15
693.15	8872.97
693.47	7716.75
693.79	7272.04
694.11	9303.63
694.43	7845.48
694.75	6707.98
695.06	7262.68
695.38	9736.63
695.70	7115.23
696.02	7286.09
696.34	6333.49
696.66	6267.95
696.98	5025.13
697.29	7178.42
697.61	11021.58
697.93	9516.62
698.25	13032.10
698.57	7887.61
698.89	5275.57
699.20	6630.74
699.52	10654.12
699.84	4997.04
700.16	6745.42
700.48	10054.94
700.79	5731.97
701.11	11339.90
701.43	9081.28
701.75	5935.60
702.07	6480.94
702.38	11367.98
702.70	6017.52
703.02	5849.00
703.34	8517.21
703.65	7197.15
703.97	6438.81
704.29	4849.59
704.61	5650.05
704.92	8650.62
705.24	6399.02
705.56	8992.34
705.87	9635.99
706.19	6937.35
706.51	6532.44
706.82	9652.37
707.14	5865.38
707.46	5076.62
707.78	5689.84
708.09	8084.21
708.41	9327.03
708.73	7517.80
709.04	9645.35
709.36	6338.17
709.68	6867.13
709.99	12683.36
710.31	9856.00
710.62	7145.66
710.94	6340.51
711.26	7625.47
711.57	6487.96
711.89	5444.09
712.21	14658.78
712.52	7080.12
712.84	10045.58
713.15	7459.29
713.47	8781.69
713.79	5392.59
714.10	6054.97
714.42	6382.64
714.73	10462.19
715.05	5376.21
715.36	5572.82
715.68	5921.56
715.99	6502.01
716.31	9259.16
716.63	8255.07
716.94	9172.56
717.26	19075.37
717.57	8926.80
717.89	11288.40
718.20	5954.32
718.52	9043.83
718.83	6698.61
719.15	14230.46
719.46	13556.38
719.78	7440.56
720.09	6902.24
720.41	5832.62
720.72	5451.11
721.04	5722.61
721.35	6810.96
721.67	6672.87
721.98	6504.35
722.29	6251.57
722.61	6050.28
722.92	4985.34
723.24	6684.57
723.55	7227.57
723.87	7592.70
724.18	8667.00
724.50	5486.22
724.81	6743.08
725.12	6981.82
725.44	7908.67
725.75	7255.66
726.07	10328.78
726.38	8091.23
726.69	6590.95
727.01	8360.39
727.32	8952.55
727.63	6335.83
727.95	10310.06
728.26	6186.04
728.58	8741.90
728.89	6270.30
729.20	7030.97
729.52	5942.62
729.83	13022.74
730.14	8234.00
730.46	6965.43
730.77	9537.68
731.08	8224.64
731.39	6668.19
731.71	6974.80
732.02	8971.27
732.33	6923.30
732.65	6225.82
732.96	10595.61
733.27	9060.21
733.59	14026.83
733.90	9399.59
734.21	5675.80
734.52	6548.82
734.84	16730.15
735.15	6392.00
735.46	6649.46
735.77	7066.08
736.09	6979.48
736.40	10609.65
736.71	8786.37
737.02	5399.62
737.33	6380.30
737.65	6127.52
737.96	7098.84
738.27	7573.97
738.58	12858.90
738.89	8402.52
739.21	6333.49
739.52	5282.59
739.83	8517.21
740.14	6150.93
740.45	7180.76
740.76	6399.02
741.08	5493.24
741.39	6829.68
741.70	6237.53
742.01	7449.93
742.32	9788.12
742.63	7494.40
742.94	5954.32
743.26	8418.91
743.57	7911.01
743.88	8903.40
744.19	7691.00
744.50	6733.72
744.81	12074.82
745.12	7009.90
745.43	6902.24
745.74	14703.25
746.05	11185.42
746.36	5247.48
746.67	12002.27
746.99	6672.87
747.30	8032.72
747.61	6356.90
747.92	7559.93
748.23	9837.27
748.54	6698.61
748.85	6686.91
749.16	7211.19
749.47	5837.30
749.78	6464.56
750.09	6305.40
750.40	7702.70
750.71	7473.33
751.02	8187.19
751.33	6815.64
751.64	7765.90
751.95	6993.52
752.26	8353.37
752.57	8594.45
752.88	6780.53
753.19	7194.81
753.50	10024.51
753.81	6752.45
754.11	7056.72
754.42	16367.37
754.73	7358.64
755.04	7784.62
755.35	7590.36
755.66	13298.92
755.97	5811.55
756.28	5844.32
756.59	8421.25
756.90	16659.93
757.21	7929.74
757.52	10733.70
757.82	7988.25
758.13	6296.04
758.44	9357.46
758.75	8264.43
759.06	6244.55
759.37	5914.53
759.68	7873.56
759.98	6305.40
760.29	8477.42
760.60	7613.76
760.91	5345.78
761.22	6878.83
761.53	7424.18
761.83	6047.94
762.14	7318.86
762.45	6279.66
762.76	5458.13
763.07	8021.02
763.37	15487.32
763.68	11103.50
763.99	12695.07
764.30	11452.24
764.60	6305.40
764.91	9790.46
765.22	7510.78
765.53	12982.95
765.84	7740.15
766.14	6815.64
766.45	5378.55
766.76	10773.49
767.06	11665.23
767.37	6918.62
767.68	7112.89
767.99	6740.74
768.29	6188.38
768.60	7155.02
768.91	10038.56
769.21	12727.83
769.52	10600.29
769.83	6967.77
770.13	7122.25
770.44	6658.82
770.75	8777.01
771.05	7248.64
771.36	8648.28
771.67	7447.58
771.97	6602.65
772.28	6750.10
772.59	7510.78
772.89	9305.97
773.20	6244.55
773.51	6340.51
773.81	11405.43
774.12	5746.02
774.42	7145.66
774.73	5760.06
775.04	6087.73
775.34	20725.44
775.65	8285.50
775.95	12327.60
776.26	7819.73
776.56	6406.05
776.87	8107.62
777.18	65535.00
777.48	17071.87
777.79	7618.44
778.09	10539.43
778.40	6724.36
778.70	6640.10
779.01	10434.11
779.31	7456.95
779.62	6731.38
779.92	8830.84
780.23	8418.91
780.53	5748.36
780.84	6998.20
781.14	6499.67
781.45	6434.13
781.75	9275.54
782.06	6129.86
782.36	7779.94
782.67	5839.64
782.97	6176.67
783.28	12826.14
783.58	6670.53
783.89	6452.86
784.19	8299.54
784.49	12315.90
784.80	6981.82
785.10	12390.80
785.41	5933.26
785.71	8463.38
786.02	8131.02
786.32	13593.83
786.62	8936.17
786.93	11042.65
787.23	6527.75
787.54	6942.03
787.84	12173.13
788.14	8304.22
788.45	5205.35
788.75	10155.58
789.05	5823.25
789.36	7014.59
789.66	13446.38
789.96	8999.36
790.27	7321.20
790.57	7084.80
790.87	6083.05
791.18	6256.25
791.48	6223.48
791.78	8063.15
792.09	8603.81
792.39	6286.68
792.69	9308.31
793.00	8280.82
793.30	8620.19
793.60	5741.33
793.90	5261.52
794.21	8091.23
794.51	16397.79
794.81	10485.60
795.11	7272.04
795.42	6363.92
795.72	11030.94
796.02	9249.80
796.32	8329.97
796.63	8369.76
796.93	10008.13
797.23	8807.44
797.53	7768.24
797.84	10064.30
798.14	6125.18
798.44	8142.72
798.74	8341.67
799.04	8088.89
799.34	5778.78
799.65	15445.20
799.95	7620.78
800.25	6939.69
800.55	6607.33
800.85	7777.60
801.15	6277.32
801.46	7136.29
801.76	17083.57
802.06	6525.41
802.36	9100.00
802.66	6576.91
802.96	9036.81
803.26	10373.25
803.56	12791.03
803.87	15805.64
804.17	6979.48
804.47	9476.83
804.77	10146.22
805.07	10516.03
805.37	9233.41
805.67	8903.40
805.97	6738.40
806.27	7148.00
806.57	6640.10
806.87	11339.90
807.17	7772.92
807.47	11126.91
807.77	10480.92
808.07	6523.07
808.37	11115.20
808.67	7637.17
808.98	15016.88
809.28	6675.21
809.58	15419.45
809.88	9870.04
810.18	14216.41
810.47	7080.12
810.77	7150.34
811.07	9074.26
811.37	8245.71
811.67	5949.64
811.97	5394.93
812.27	6080.71
812.57	5240.46
812.87	6436.47
813.17	6141.57
813.47	6214.12
813.77	6698.61
814.07	6427.11
814.37	9600.88
814.67	6120.50
814.97	7110.55
815.27	6253.91
815.56	8449.33
815.86	10906.90
816.16	7868.88
816.46	5776.44
816.76	6251.57
817.06	10026.86
817.36	12318.24
817.66	7466.31
817.95	5980.07
818.25	8079.53
818.55	9710.88
818.85	9081.28
819.15	6675.21
819.45	12840.18
819.75	7253.32
820.04	7192.47
820.34	15197.10
820.64	9537.68
820.94	12011.63
821.24	6722.02
821.53	6752.45
821.83	6410.73
822.13	5963.68
822.43	6757.13
822.72	5446.43
823.02	6392.00
823.32	5856.02
823.62	8067.83
823.91	14525.36
824.21	5626.65
824.51	8140.38
824.81	6876.49
825.10	5621.97
825.40	8926.80
825.70	7351.62
826.00	12156.74
826.29	6511.37
826.59	7911.01
826.89	6736.06
827.18	6274.98
827.48	6319.45
827.78	5804.53
828.07	7421.84
828.37	8936.17
828.67	8035.06
828.96	7468.65
829.26	6303.06
829.56	10396.66
829.85	6356.90
830.15	7988.25
830.45	5664.10
830.74	11831.41
831.04	9053.19
831.34	9841.95
831.63	13160.83
831.93	9514.28
832.22	8964.25
832.52	7332.90
832.82	5769.42
833.11	5888.79
833.41	6143.91
833.70	6520.73
834.00	9767.06
834.29	7534.18
834.59	5577.50
834.89	8348.69
835.18	6834.36
835.48	12294.83
835.77	8786.37
836.07	8954.89
836.36	8627.21
836.66	9916.85
836.95	7215.87
837.25	6164.97
837.54	7143.32
837.84	6431.79
838.13	7623.12
838.43	6272.64
838.72	13149.13
839.02	10267.93
839.31	6134.54
839.61	10239.84
839.90	5432.38
840.20	7466.31
840.49	5841.98
840.78	8114.64
841.08	8856.59
841.37	6691.59
841.67	5809.21
841.96	8638.92
842.26	7808.03
842.55	5568.13
842.84	5930.92
843.14	9666.41
843.43	5654.73
843.73	7201.83
844.02	5626.65
844.31	6960.75
844.61	6576.91
844.90	7903.99
845.20	7384.39
845.49	5352.81
845.78	6600.31
846.08	5823.25
846.37	4922.15
846.66	8224.64
846.96	8627.21
847.25	7927.39
847.54	5577.50
847.84	8599.13
848.13	7012.24
848.42	9591.52
848.72	6193.06
849.01	8725.52
849.30	6150.93
849.59	6026.88
849.89	6314.77
850.18	11726.08
850.47	6008.16
850.76	15295.40
851.06	14038.53
851.35	8088.89
851.64	9362.14
851.93	7555.25
852.23	10373.25
852.52	6520.73
852.81	6583.93
853.10	6326.47
853.40	5334.08
853.69	5357.49
853.98	7302.47
854.27	9458.10
854.56	6492.65
854.86	8322.94
855.15	7314.17
855.44	7866.54
855.73	5352.81
856.02	6347.53
856.31	9378.53
856.61	7992.93
856.90	6668.19
857.19	5767.08
857.48	5451.11
857.77	5743.67
858.06	4882.36
858.35	5699.20
858.65	10787.53
858.94	8882.33
859.23	6974.80
859.52	8926.80
859.81	11449.90
860.10	6293.70
860.39	8861.27
860.68	7262.68
860.97	5921.56
861.26	6106.46
861.55	11424.15
861.85	7269.70
862.14	8739.56
862.43	9259.16
862.72	7581.00
863.01	5479.19
863.30	6478.60
863.59	6932.67
863.88	7000.54
864.17	7045.01
864.46	5980.07
864.75	13853.63
865.04	7353.96
865.33	5720.27
865.62	10312.40
865.91	6230.51
866.20	8477.42
866.49	6487.96
866.78	6846.07
867.07	6417.75
867.36	9703.86
867.65	9544.70
867.93	8610.83
868.22	7136.29
868.51	6810.96
868.80	7368.01
869.09	6675.21
869.38	5949.64
869.67	11985.88
869.96	11985.88
870.25	11985.88
