178.76	1678.16
179.14	1678.16
179.52	1678.16
179.90	1664.12
180.28	11026.26
180.66	6242.21
181.04	8397.84
181.42	7421.84
181.80	6300.72
182.18	11094.14
182.55	5841.98
182.93	7318.86
183.31	7045.01
183.69	8006.97
184.07	8269.11
184.45	7117.57
184.83	7353.96
185.21	6731.38
185.59	6958.41
185.97	16606.10
186.35	12248.02
186.72	7063.74
187.10	7178.42
187.48	11868.86
187.86	9202.99
188.24	6691.59
188.62	6328.81
189.00	10977.11
189.38	8215.28
189.75	7463.97
190.13	7999.95
190.51	6396.68
190.89	15059.01
191.27	21359.73
191.65	7159.70
192.03	7798.66
192.40	10548.79
192.78	7662.91
193.16	8795.73
193.54	12423.56
193.92	10890.51
194.30	6796.92
194.67	9521.30
195.05	8514.87
195.43	7585.68
195.81	7075.44
196.19	10923.28
196.56	7698.02
196.94	7391.41
197.32	12037.38
197.70	6675.21
198.08	8865.95
198.45	6817.98
198.83	7812.71
199.21	6904.58
199.59	12463.35
199.97	8348.69
200.34	6073.69
200.72	6918.62
201.10	14492.60
201.48	10483.26
201.85	6586.27
202.23	6810.96
202.61	6626.06
202.99	16189.49
203.36	6586.27
203.74	9212.35
204.12	7176.08
204.49	6544.14
204.87	8952.55
205.25	7096.50
205.63	5769.42
206.00	6469.24
206.38	8011.65
206.76	9734.29
207.14	6672.87
207.51	6026.88
207.89	11040.31
208.27	6544.14
208.64	5533.03
209.02	6647.12
209.40	6951.39
209.77	5760.06
210.15	15005.17
210.53	5895.81
210.90	11611.40
211.28	6370.94
211.66	12098.23
212.03	6633.08
212.41	6024.54
212.79	7421.84
213.16	6057.31
213.54	7674.62
213.92	8079.53
214.29	5832.62
214.67	6614.35
215.05	6860.11
215.42	9591.52
215.80	6780.53
216.17	6869.47
216.55	8084.21
216.93	5884.11
217.30	9109.36
217.68	6504.35
218.05	6656.48
218.43	6633.08
218.81	6974.80
219.18	11377.34
219.56	6890.54
219.93	6700.95
220.31	6520.73
220.69	5984.75
221.06	6195.40
221.44	7655.89
221.81	6328.81
222.19	5781.12
222.56	6125.18
222.94	6909.26
223.32	7653.55
223.69	6494.99
224.07	8898.72
224.44	12725.49
224.82	7801.01
225.19	8674.03
225.57	7531.84
225.94	6815.64
226.32	7571.63
226.69	12383.77
227.07	8617.85
227.44	6815.64
227.82	7899.31
228.19	7185.44
228.57	8861.27
228.94	11768.21
229.32	9701.52
229.69	9174.90
230.07	6853.09
230.44	6150.93
230.82	11101.16
231.19	9748.33
231.57	5441.75
231.94	5886.45
232.32	9219.37
232.69	6829.68
233.07	7552.91
233.44	8446.99
233.82	7091.82
234.19	7630.15
234.57	10157.92
234.94	6422.43
235.31	6757.13
235.69	7232.26
236.06	7454.61
236.44	8849.57
236.81	5951.98
237.19	8215.28
237.56	11894.60
237.93	6448.18
238.31	7810.37
238.68	7199.49
239.06	7878.24
239.43	8950.21
239.81	8332.31
240.18	6097.10
240.55	6401.37
240.93	13027.42
241.30	7950.80
241.67	7318.86
242.05	8784.03
242.42	9694.50
242.80	5860.70
243.17	7852.50
243.54	7803.35
243.92	9425.34
244.29	7152.68
244.66	7665.25
245.04	10242.18
245.41	16229.27
245.78	6033.90
246.16	6911.60
246.53	8917.44
246.90	7197.15
247.28	13022.74
247.65	6965.43
248.02	7117.57
248.40	9975.36
248.77	7588.02
249.14	8592.11
249.52	6846.07
249.89	8568.70
250.26	6370.94
250.64	7494.40
251.01	15499.03
251.38	5886.45
251.75	7501.42
252.13	6689.25
252.50	9142.13
252.87	13387.86
253.25	5874.74
253.62	7927.39
253.99	5767.08
254.36	9305.97
254.74	6743.08
255.11	6216.46
255.48	5589.20
255.85	14508.98
256.23	5764.74
256.60	5465.15
256.97	7019.27
257.34	8358.05
257.71	7709.72
258.09	6586.27
258.46	7742.49
258.83	11548.20
259.20	9891.10
259.58	7105.87
259.95	7176.08
260.32	9430.02
260.69	6019.86
261.06	10944.34
261.44	6246.89
261.81	13462.76
262.18	8016.33
262.55	6513.71
262.92	7356.30
263.29	6509.03
263.67	5760.06
264.04	6616.69
264.41	6857.77
264.78	6595.63
265.15	10469.22
265.52	12622.51
265.90	7686.32
266.27	6590.95
266.64	5865.38
267.01	5544.73
267.38	8147.40
267.75	6209.44
268.12	5282.59
268.50	7073.10
268.87	6237.53
269.24	6354.55
269.61	7819.73
269.98	8325.29
270.35	8257.41
270.72	6223.48
271.09	6801.60
271.46	6705.63
271.83	8030.38
272.21	9298.95
272.58	6071.35
272.95	6604.99
273.32	7375.03
273.69	7382.05
274.06	5689.84
274.43	6347.53
274.80	7250.98
275.17	7826.75
275.54	12142.70
275.91	7419.50
276.28	7417.16
276.65	7850.16
277.02	11396.07
277.39	6242.21
277.76	6230.51
278.13	8493.80
278.50	8833.18
278.87	10576.88
279.24	9263.84
279.61	8472.74
279.98	9860.68
280.35	6539.46
280.72	7672.28
281.09	7218.21
281.46	7702.70
281.83	6143.91
282.20	7995.27
282.57	6604.99
282.94	8184.85
283.31	6558.18
283.68	7913.35
284.05	5685.16
284.42	5401.96
284.79	7768.24
285.16	8636.58
285.53	7290.77
285.90	7323.54
286.27	14981.77
286.64	5738.99
287.01	6300.72
287.38	8664.66
287.75	59203.85
288.12	8610.83
288.49	16938.46
288.86	6101.78
289.23	6225.82
289.59	6450.52
289.96	6099.44
290.33	6406.05
290.70	6759.47
291.07	8503.17
291.44	8086.55
291.81	6108.80
292.18	7417.16
292.55	6813.30
292.91	12823.80
293.28	8318.26
293.65	10995.84
294.02	7899.31
294.39	5762.40
294.76	7138.63
295.13	7405.46
295.50	6951.39
295.86	7054.37
296.23	6670.53
296.60	5912.19
296.97	6658.82
297.34	7129.27
297.71	9015.74
298.07	7405.46
298.44	5495.58
298.81	8044.42
299.18	7606.74
299.55	10707.95
299.91	7206.51
300.28	8119.32
300.65	5441.75
301.02	7808.03
301.39	8224.64
301.75	13678.09
302.12	8409.54
302.49	7183.10
302.86	10693.91
303.23	7419.50
303.59	6003.47
303.96	17528.27
304.33	9809.19
304.70	15169.01
305.06	6670.53
305.43	10422.41
305.80	8376.78
306.17	9015.74
306.53	6476.26
306.90	9643.01
307.27	7318.86
307.64	10546.45
308.00	6588.61
308.37	6511.37
308.74	12028.01
309.11	9104.68
309.47	6305.40
309.84	5682.82
310.21	7208.85
310.57	7681.64
310.94	6750.10
311.31	7372.69
311.67	8119.32
312.04	5554.09
312.41	10054.94
312.77	8344.01
313.14	6314.77
313.51	7056.72
313.87	6569.88
314.24	6532.44
314.61	6457.54
314.97	6745.42
315.34	7391.41
315.71	5626.65
316.07	9235.75
316.44	5907.51
316.81	8800.41
317.17	6300.72
317.54	15590.31
317.91	6502.01
318.27	5540.05
318.64	6958.41
319.00	8961.91
319.37	5502.60
319.74	9479.17
320.10	9774.08
320.47	6663.51
320.83	11208.83
321.20	7016.93
321.57	6108.80
321.93	6607.33
322.30	7517.80
322.66	6443.49
323.03	8828.50
323.40	8107.62
323.76	6539.46
324.13	6490.31
324.49	5511.96
324.86	19016.85
325.22	7365.67
325.59	6946.71
325.95	7946.12
326.32	9469.81
326.68	9327.03
327.05	7026.29
327.42	6153.27
327.78	6502.01
328.15	9558.75
328.51	6583.93
328.88	8552.32
329.24	11185.42
329.61	7274.38
329.97	8760.63
330.34	6579.25
330.70	7428.86
331.07	11014.56
331.43	8699.77
331.80	13551.70
332.16	10307.72
332.52	6230.51
332.89	8524.23
333.25	5652.39
333.62	12681.02
333.98	7290.77
334.35	6965.43
334.71	7368.01
335.08	5907.51
335.44	11988.22
335.81	12175.47
336.17	10342.83
336.53	7342.26
336.90	5900.49
337.26	8468.06
337.63	9427.68
337.99	7770.58
338.36	5956.66
338.72	9088.30
339.08	7545.89
339.45	5905.17
339.81	9626.62
340.18	6775.85
340.54	10490.28
340.90	6612.01
341.27	7035.65
341.63	8493.80
341.99	5392.59
342.36	10377.94
342.72	6008.16
343.09	10714.97
343.45	6438.81
343.81	10895.19
344.18	5631.33
344.54	7241.62
344.90	7859.52
345.27	7442.90
345.63	6927.99
345.99	8847.22
346.36	7297.79
346.72	5987.09
347.08	6143.91
347.45	5671.12
347.81	10052.60
348.17	7634.83
348.54	5636.01
348.90	8961.91
349.26	9764.72
349.62	11117.54
349.99	5420.68
350.35	5263.86
350.71	7946.12
351.08	7337.58
351.44	5242.80
351.80	13633.62
352.16	11723.74
352.53	6150.93
352.89	8248.05
353.25	11288.40
353.61	6691.59
353.98	8779.35
354.34	10061.96
354.70	6345.19
355.06	5364.51
355.43	7283.75
355.79	6834.36
356.15	6689.25
356.51	6005.81
356.88	6083.05
357.24	6888.20
357.60	5558.77
357.96	5383.23
358.32	15728.40
358.69	5626.65
359.05	8187.19
359.41	7555.25
359.77	5689.84
360.13	6260.93
360.49	6069.01
360.86	9053.19
361.22	11410.11
361.58	7747.17
361.94	11154.99
362.30	5834.96
362.66	8596.79
363.03	5256.84
363.39	5294.29
363.75	6417.75
364.11	10099.41
364.47	6186.04
364.83	10705.61
365.19	7545.89
365.56	9034.47
365.92	5284.93
366.28	8786.37
366.64	10040.90
367.00	5502.60
367.36	5479.19
367.72	10040.90
368.08	9558.75
368.44	6403.71
368.80	8411.89
369.17	6593.29
369.53	6736.06
369.89	6148.59
370.25	5989.43
370.61	6258.59
370.97	10918.60
371.33	6530.09
371.69	12812.09
372.05	8547.64
372.41	5823.25
372.77	6658.82
373.13	7700.36
373.49	5144.50
373.85	8138.04
374.21	7683.98
374.57	5895.81
374.93	8837.86
375.29	9085.96
375.65	7566.95
376.01	7307.15
376.37	10101.75
376.73	8634.24
377.09	5804.53
377.45	9949.62
377.81	6909.26
378.17	5961.34
378.53	5254.50
378.89	8601.47
379.25	11037.97
379.61	14448.13
379.97	9745.99
380.33	6597.97
380.69	6296.04
381.05	5746.02
381.41	9191.28
381.77	7379.71
382.13	8706.79
382.49	15063.69
382.85	7321.20
383.21	8903.40
383.57	5493.24
383.93	10698.59
384.28	5240.46
384.64	6621.38
385.00	7552.91
385.36	7456.95
385.72	9165.54
386.08	6071.35
386.44	8919.78
386.80	8936.17
387.16	10836.68
387.52	9701.52
387.87	14104.07
388.23	8112.30
388.59	6164.97
388.95	5724.95
389.31	6752.45
389.67	6810.96
390.03	6305.40
390.38	6595.63
390.74	4980.66
391.10	9533.00
391.46	7662.91
391.82	6164.97
392.18	8365.07
392.54	5043.85
392.89	5788.14
393.25	8547.64
393.61	5738.99
393.97	5570.48
394.33	8098.25
394.68	6944.37
395.04	5563.45
395.40	7468.65
395.76	9177.24
396.12	7613.76
396.47	5949.64
396.83	7108.21
397.19	5687.50
397.55	5844.32
397.90	7548.23
398.26	7344.60
398.62	5774.10
398.98	5022.79
399.33	6958.41
399.69	24769.89
400.05	8290.18
400.41	5879.43
400.76	8805.10
401.12	10305.38
401.48	7906.33
401.84	6076.03
402.19	6462.22
402.55	7737.81
402.91	7227.57
403.26	5331.74
403.62	8414.23
403.98	7239.28
404.34	4896.40
404.69	7155.02
405.05	9385.55
405.41	14263.22
405.76	6022.20
406.12	6031.56
406.48	6972.46
406.83	6230.51
407.19	8458.70
407.55	8072.51
407.90	14298.33
408.26	8641.26
408.62	9062.55
408.97	7218.21
409.33	5427.70
409.68	5895.81
410.04	7712.07
410.40	6059.65
410.75	8362.73
411.11	6061.99
411.47	7733.13
411.82	6740.74
412.18	7365.67
412.53	6850.75
412.89	6211.78
413.25	6803.94
413.60	7276.73
413.96	5266.21
414.31	6422.43
414.67	7353.96
415.03	5387.91
415.38	5802.19
415.74	6502.01
416.09	6738.40
416.45	8613.17
416.80	6132.20
417.16	8449.33
417.51	6782.87
417.87	6427.11
418.23	8095.91
418.58	8152.09
418.94	4961.94
419.29	6160.29
419.65	7536.52
420.00	8772.33
420.36	8383.80
420.71	8208.26
421.07	5572.82
421.42	7178.42
421.78	9327.03
422.13	6829.68
422.49	5481.53
422.84	7445.24
423.20	5266.21
423.55	5451.11
423.91	5673.46
424.26	14038.53
424.61	8404.86
424.97	11524.80
425.32	6064.33
425.68	6888.20
426.03	7882.92
426.39	10485.60
426.74	10033.88
427.10	9610.24
427.45	6324.13
427.80	7772.92
428.16	6981.82
428.51	7026.29
428.87	7864.20
429.22	9558.75
429.58	10333.47
429.93	10321.76
430.28	6104.12
430.64	6377.96
430.99	5273.23
431.35	7719.09
431.70	6693.93
432.05	6808.62
432.41	8255.07
432.76	7941.44
433.11	7901.65
433.47	7960.16
433.82	10796.89
434.17	8168.47
434.53	7819.73
434.88	14097.05
435.24	7730.79
435.59	7337.58
435.94	5654.73
436.30	8428.27
436.65	6384.98
437.00	9572.79
437.35	16552.27
437.71	6747.76
438.06	6284.34
438.41	6335.83
438.77	7962.50
439.12	5231.10
439.47	4943.21
439.83	7744.83
440.18	5261.52
440.53	6675.21
440.88	12395.48
441.24	8826.16
441.59	5722.61
441.94	6448.18
442.30	8381.46
442.65	13029.76
443.00	7133.95
443.35	10483.26
443.71	6567.54
444.06	9462.79
444.41	8131.02
444.76	11587.99
445.11	7199.49
445.47	10471.56
445.82	9048.51
446.17	5902.83
446.52	10700.93
446.88	7337.58
447.23	5116.41
447.58	7981.23
447.93	6090.07
448.28	29867.58
448.63	10991.16
448.99	7073.10
449.34	8585.08
449.69	8917.44
450.04	6326.47
450.39	6270.30
450.74	7082.46
451.10	6963.09
451.45	7321.20
451.80	7597.38
452.15	10195.37
452.50	8276.13
452.85	10022.17
453.21	9111.71
453.56	7901.65
453.91	6700.95
454.26	7543.55
454.61	5982.41
454.96	8587.43
455.31	6888.20
455.66	6450.52
456.01	8224.64
456.36	6466.90
456.72	6190.72
457.07	7817.39
457.42	10548.79
457.77	9418.32
458.12	5874.74
458.47	7454.61
458.82	9729.61
459.17	7194.81
459.52	7454.61
459.87	12166.10
460.22	5628.99
460.57	7435.88
460.92	6282.00
461.27	8194.22
461.62	6787.55
461.97	5980.07
462.32	12379.09
462.67	10988.82
463.02	13717.88
463.38	13596.17
463.73	8936.17
464.08	12556.97
464.43	7714.41
464.78	5802.19
465.12	8372.10
465.47	8912.76
465.82	28393.04
466.17	6626.06
466.52	8800.41
466.87	6293.70
467.22	6078.37
467.57	5425.36
467.92	7934.42
468.27	11049.67
468.62	15183.06
468.97	6930.33
469.32	4971.30
469.67	16042.03
470.02	14298.33
470.37	6211.78
470.72	7646.53
471.07	5507.28
471.42	6656.48
471.76	6874.15
472.11	6862.45
472.46	8762.97
472.81	15281.36
473.16	6059.65
473.51	6012.84
473.86	5362.17
474.21	6743.08
474.56	6476.26
474.90	6373.28
475.25	9827.91
475.60	9104.68
475.95	6190.72
476.30	11365.64
476.65	10452.83
477.00	15447.54
477.34	11375.00
477.69	5666.44
478.04	9518.96
478.39	7442.90
478.74	5966.03
479.09	5371.53
479.43	7197.15
479.78	5093.01
480.13	12547.61
480.48	10300.70
480.83	7461.63
481.17	5561.11
481.52	7262.68
481.87	6640.10
482.22	12084.19
482.57	6920.96
482.91	9312.99
483.26	7882.92
483.61	6654.14
483.96	7522.48
484.30	65535.00
484.65	12573.36
485.00	5956.66
485.35	6932.67
485.69	5987.09
486.04	6527.75
486.39	7801.01
486.74	7595.04
487.08	5406.64
487.43	8145.06
487.78	5165.56
488.12	8404.86
488.47	6274.98
488.82	10766.46
489.17	5914.53
489.51	5224.08
489.86	8065.49
490.21	5184.29
490.55	8039.74
490.90	5359.83
491.25	6504.35
491.59	5617.29
491.94	12816.77
492.29	6530.09
492.63	7335.24
492.98	4966.62
493.33	7478.01
493.67	6462.22
494.02	5547.07
494.37	5687.50
494.71	8571.04
495.06	6300.72
495.40	10633.05
495.75	6179.01
496.10	10654.12
496.44	6876.49
496.79	8456.36
497.13	6047.94
497.48	14724.31
497.83	10310.06
498.17	8365.07
498.52	6209.44
498.86	8793.39
499.21	6857.77
499.56	5933.26
499.90	6778.19
500.25	5268.55
500.59	7028.63
500.94	7817.39
501.28	8842.54
501.63	9823.23
501.97	6675.21
502.32	5837.30
502.67	8133.36
503.01	5476.85
503.36	6392.00
503.70	6359.24
504.05	8276.13
504.39	9315.33
504.74	6874.15
505.08	10878.81
505.43	4814.48
505.77	5624.31
506.12	7478.01
506.46	6705.63
506.81	6012.84
507.15	5970.71
507.49	6347.53
507.84	5926.24
508.18	7754.19
508.53	7585.68
508.87	7265.02
509.22	6616.69
509.56	65535.00
509.91	19475.60
510.25	7272.04
510.60	5132.79
510.94	9015.74
511.28	5015.77
511.63	9626.62
511.97	7887.61
512.32	9373.85
512.66	5919.21
513.00	7162.04
513.35	9528.32
513.69	5593.88
514.04	8437.63
514.38	9088.30
514.72	7716.75
515.07	5888.79
515.41	5963.68
515.76	5933.26
516.10	7077.78
516.44	9092.98
516.79	6214.12
517.13	5432.38
517.47	9530.66
517.82	7501.42
518.16	6808.62
518.50	7517.80
518.85	7669.94
519.19	10319.42
519.53	13769.37
519.88	9144.47
520.22	6630.74
520.56	7300.13
520.91	5502.60
521.25	5771.76
521.59	6927.99
521.93	7997.61
522.28	6717.34
522.62	7826.75
522.96	9394.91
523.31	6832.02
523.65	8128.68
523.99	8725.52
524.33	11705.02
524.68	8304.22
525.02	5420.68
525.36	7946.12
525.70	5273.23
526.05	6162.63
526.39	5797.51
526.73	8381.46
527.07	7447.58
527.41	10895.19
527.76	5891.13
528.10	6499.67
528.44	8138.04
528.78	6792.23
529.12	8730.20
529.47	6860.11
529.81	9261.50
530.15	9458.10
530.49	8187.19
530.83	5093.01
531.18	5617.29
531.52	6644.78
531.86	5362.17
532.20	7105.87
532.54	9823.23
532.88	4903.42
533.22	6778.19
533.57	6122.84
533.91	9341.08
534.25	5544.73
534.59	11108.18
534.93	8695.09
535.27	5937.94
535.61	6698.61
535.95	11147.97
536.30	5444.09
536.64	6960.75
536.98	4706.82
537.32	6633.08
537.66	5013.43
538.00	8313.58
538.34	8351.03
538.68	8182.51
539.02	11946.09
539.36	6314.77
539.70	5385.57
540.04	6944.37
540.39	20486.71
540.73	5853.68
541.07	7115.23
541.41	7735.47
541.75	7817.39
542.09	10324.10
542.43	8035.06
542.77	7023.95
543.11	7716.75
543.45	6967.77
543.79	9563.43
544.13	6527.75
544.47	6715.00
544.81	5909.85
545.15	8381.46
545.49	6839.05
545.83	5923.90
546.17	6607.33
546.51	4992.36
546.85	6251.57
547.19	11215.85
547.53	5247.48
547.87	8496.14
548.21	12304.20
548.54	7279.07
548.88	6162.63
549.22	5944.96
549.56	5303.65
549.90	6237.53
550.24	7162.04
550.58	5905.17
550.92	9860.68
551.26	6380.30
551.60	11059.03
551.94	6499.67
552.28	6633.08
552.61	8531.25
552.95	6698.61
553.29	6101.78
553.63	7243.96
553.97	11548.20
554.31	9542.36
554.65	10537.09
554.99	10368.57
555.32	6469.24
555.66	8407.20
556.00	4748.95
556.34	6932.67
556.68	7461.63
557.02	9317.67
557.36	7463.97
557.69	6930.33
558.03	6300.72
558.37	13025.08
558.71	14949.00
559.05	10661.14
559.38	11808.00
559.72	5947.30
560.06	8924.46
560.40	8561.68
560.74	9867.70
561.07	8348.69
561.41	9523.64
561.75	8039.74
562.09	6207.10
562.42	9317.67
562.76	8407.20
563.10	7365.67
563.44	25029.69
563.77	7843.14
564.11	8297.20
564.45	10010.47
564.79	8299.54
565.12	7265.02
565.46	7648.87
565.80	7969.52
566.14	7646.53
566.47	9404.27
566.81	5844.32
567.15	7515.46
567.48	7946.12
567.82	8262.09
568.16	7723.77
568.49	5998.79
568.83	5537.71
569.17	7129.27
569.50	8065.49
569.84	10918.60
570.18	7822.07
570.51	11557.57
570.85	6913.94
571.19	6520.73
571.52	5970.71
571.86	9497.89
572.20	6581.59
572.53	11037.97
572.87	6132.20
573.21	5762.40
573.54	5603.24
573.88	7749.51
574.21	7342.26
574.55	7061.40
574.89	6450.52
575.22	9048.51
575.56	6267.95
575.89	6125.18
576.23	6743.08
576.57	8152.09
576.90	6076.03
577.24	7569.29
577.57	5582.18
577.91	7735.47
578.24	5303.65
578.58	6874.15
578.91	8304.22
579.25	5909.85
579.59	7375.03
579.92	6913.94
580.26	5558.77
580.59	7992.93
580.93	7665.25
581.26	6848.41
581.60	8102.93
581.93	8720.84
582.27	11351.60
582.60	5799.85
582.94	7503.76
583.27	5720.27
583.61	6885.86
583.94	7545.89
584.28	5224.08
584.61	6782.87
584.94	8348.69
585.28	8191.88
585.61	8915.10
585.95	8671.68
586.28	11730.76
586.62	13308.29
586.95	7028.63
587.29	12430.59
587.62	15735.42
587.95	5638.35
588.29	7798.66
588.62	8557.00
588.96	9371.50
589.29	6441.15
589.62	6368.60
589.96	6780.53
590.29	6349.87
590.63	5427.70
590.96	8765.31
591.29	9022.77
591.63	9720.24
591.96	5666.44
592.29	6707.98
592.63	6480.94
592.96	7831.43
593.30	12084.19
593.63	8063.15
593.96	5968.37
594.30	6457.54
594.63	7896.97
594.96	11974.18
595.30	7262.68
595.63	6417.75
595.96	6174.33
596.29	8060.80
596.63	6630.74
596.96	8997.02
597.29	8229.32
597.63	5233.44
597.96	10324.10
598.29	9851.31
598.63	9593.86
598.96	5998.79
599.29	6237.53
599.62	6272.64
599.96	6274.98
600.29	6782.87
600.62	5926.24
600.95	6565.20
601.29	7070.76
601.62	7707.38
601.95	7204.17
602.28	6242.21
602.61	22274.88
602.95	7239.28
603.28	12159.08
603.61	6043.26
603.94	9647.69
604.27	5951.98
604.61	8690.41
604.94	7985.91
605.27	7644.19
605.60	5729.63
605.93	6296.04
606.27	9327.03
606.60	5928.58
606.93	5518.98
607.26	11138.61
607.59	7503.76
607.92	10272.61
608.26	6171.99
608.59	6202.42
608.92	6862.45
609.25	5668.78
609.58	7805.69
609.91	8634.24
610.24	13542.34
610.57	8315.92
610.90	9610.24
611.24	5387.91
611.57	5432.38
611.90	9011.06
612.23	7066.08
612.56	9249.80
612.89	8865.95
613.22	8882.33
613.55	5322.38
613.88	9671.09
614.21	5891.13
614.54	7936.76
614.87	6024.54
615.20	4882.36
615.53	10296.02
615.87	6200.08
616.20	7405.46
616.53	10424.75
616.86	7105.87
617.19	8032.72
617.52	6209.44
617.85	6560.52
618.18	5987.09
618.51	6686.91
618.84	8681.05
619.17	6939.69
619.50	10878.81
619.83	10569.86
620.16	8713.81
620.49	6293.70
620.82	14443.45
621.14	10778.17
621.47	7843.14
621.80	9886.42
622.13	7449.93
622.46	15059.01
622.79	8718.50
623.12	5753.04
623.45	9434.70
623.78	8706.79
624.11	5785.80
624.44	7969.52
624.77	5603.24
625.10	6090.07
625.43	5905.17
625.75	7557.59
626.08	6111.14
626.41	5856.02
626.74	7096.50
627.07	6647.12
627.40	12308.88
627.73	6712.66
628.06	6052.63
628.38	4950.23
628.71	9144.47
629.04	10078.35
629.37	8966.59
629.70	7761.22
630.03	5907.51
630.36	9886.42
630.68	9081.28
631.01	6338.17
631.34	10839.02
631.67	6504.35
632.00	5053.22
632.32	9275.54
632.65	10239.84
632.98	7793.98
633.31	7330.56
633.64	9315.33
633.96	5935.60
634.29	11042.65
634.62	7470.99
634.95	7847.82
635.27	7852.50
635.60	8662.32
635.93	8028.04
636.26	8072.51
636.58	6527.75
636.91	6511.37
637.24	6036.24
637.57	7372.69
637.89	8521.89
638.22	6452.86
638.55	7400.77
638.87	7887.61
639.20	8992.34
639.53	8053.78
639.86	6312.42
640.18	5785.80
640.51	7681.64
640.84	7971.86
641.16	5727.29
641.49	7805.69
641.82	5863.04
642.14	5832.62
642.47	14324.08
642.80	7105.87
643.12	9525.98
643.45	7084.80
643.78	7351.62
644.10	6293.70
644.43	7272.04
644.75	10452.83
645.08	5210.03
645.41	8329.97
645.73	5947.30
646.06	15536.48
646.39	9207.67
646.71	6502.01
647.04	6155.61
647.36	5193.65
647.69	8767.65
648.01	7737.81
648.34	6230.51
648.67	9848.97
648.99	10724.33
649.32	6183.70
649.64	5584.52
649.97	4877.68
650.29	5483.88
650.62	14815.59
650.94	7470.99
651.27	11417.13
651.59	7173.74
651.92	6211.78
652.25	8196.56
652.57	5881.77
652.90	6090.07
653.22	7969.52
653.55	7892.29
653.87	5153.86
654.20	7520.14
654.52	11281.38
654.84	6939.69
655.17	8344.01
655.49	11431.18
655.82	6654.14
656.14	7819.73
656.47	8681.05
656.79	11878.22
657.12	6888.20
657.44	6544.14
657.77	9046.17
658.09	7791.64
658.41	7143.32
658.74	8805.10
659.06	5549.41
659.39	6902.24
659.71	6424.77
660.03	7304.81
660.36	6707.98
660.68	10073.67
661.01	13586.81
661.33	10778.17
661.65	6349.87
661.98	14178.97
662.30	10806.25
662.63	7276.73
662.95	6944.37
663.27	6265.61
663.60	5636.01
663.92	6920.96
664.24	6981.82
664.57	6010.50
664.89	6083.05
665.21	6504.35
665.54	9776.42
665.86	7447.58
666.18	7655.89
666.51	10616.67
666.83	6595.63
667.15	15538.82
667.47	10097.07
667.80	8313.58
668.12	6171.99
668.44	7485.03
668.77	8800.41
669.09	10527.73
669.41	9327.03
669.73	5394.93
670.06	7283.75
670.38	6752.45
670.70	5523.66
671.02	8498.49
671.35	6532.44
671.67	10871.79
671.99	7019.27
672.31	10366.23
672.63	7920.37
672.96	11496.71
673.28	6565.20
673.60	7667.60
673.92	7492.05
674.24	6115.82
674.57	6345.19
674.89	9987.07
675.21	6832.02
675.53	9373.85
675.85	10216.44
676.17	10284.31
676.50	5949.64
676.82	10214.10
677.14	7702.70
677.46	14972.41
677.78	5476.85
678.10	9647.69
678.42	7281.41
678.75	6487.96
679.07	5788.14
679.39	7356.30
679.71	6590.95
680.03	6436.47
680.35	6686.91
680.67	6602.65
680.99	6057.31
681.31	5404.30
681.63	8411.89
681.96	10576.88
682.28	6541.80
682.60	6045.60
682.92	8582.74
683.24	5533.03
683.56	8655.30
683.88	6422.43
684.20	6974.80
684.52	6567.54
684.84	6537.12
685.16	6712.66
685.48	9163.20
685.80	8035.06
686.12	8814.46
686.44	12098.23
686.76	6986.50
687.08	5397.28
687.40	5849.00
687.72	9577.47
688.04	6775.85
688.36	14813.25
688.68	11510.75
689.00	8074.85
689.32	6775.85
689.64	6656.48
689.96	7108.21
690.28	9994.09
690.60	10410.70
690.92	6296.04
691.24	8802.75
691.56	6977.14
691.88	6965.43
692.19	5928.58
692.51	9511.94
692.83	8250.39
693.15	9125.75
693.47	8311.24
693.79	7623.12
694.11	9907.49
694.43	8152.09
694.75	7180.76
695.06	7405.46
695.38	10352.19
695.70	7496.74
696.02	7583.34
696.34	6635.42
696.66	6644.78
696.98	5313.02
697.29	7386.73
697.61	11461.60
697.93	10209.42
698.25	14244.50
698.57	8285.50
698.89	5596.22
699.20	6930.33
699.52	11365.64
699.84	5195.99
700.16	7112.89
700.48	10874.13
700.79	5966.03
701.11	12215.26
701.43	9392.57
701.75	6394.34
702.07	6778.19
702.38	12173.13
702.70	6221.14
703.02	6022.20
703.34	8821.48
703.65	7660.57
703.97	6906.92
704.29	4938.53
704.61	5867.72
704.92	9242.78
705.24	6794.58
705.56	9764.72
705.87	10026.86
706.19	7513.12
706.51	5451.11
706.82	10115.80
707.14	6214.12
707.46	5371.53
707.78	6010.50
708.09	8521.89
708.41	9975.36
708.73	7723.77
709.04	10499.64
709.36	6827.34
709.68	7309.49
709.99	13556.38
710.31	10553.48
710.62	7447.58
710.94	6626.06
711.26	8140.38
711.57	6654.14
711.89	5633.67
712.21	15756.49
712.52	7475.67
712.84	10644.76
713.15	8098.25
713.47	9577.47
713.79	5849.00
714.10	6356.90
714.42	6925.65
714.73	11176.06
715.05	5680.48
715.36	5916.87
715.68	6237.53
715.99	6773.51
716.31	9966.00
716.63	8711.47
716.94	9865.36
717.26	20402.45
717.57	9540.02
717.89	11838.43
718.20	6183.70
718.52	8940.85
718.83	7201.83
719.15	15014.54
719.46	14548.77
719.78	8093.57
720.09	7267.36
720.41	6195.40
720.72	5696.86
721.04	5975.39
721.35	7138.63
721.67	7070.76
721.98	6782.87
722.29	6642.44
722.61	6420.09
722.92	5139.82
723.24	6906.92
723.55	7662.91
723.87	8023.36
724.18	9029.79
724.50	5811.55
724.81	7115.23
725.12	7372.69
725.44	8446.99
725.75	7691.00
726.07	10991.16
726.38	8568.70
726.69	6848.41
727.01	9060.21
727.32	8954.89
727.63	6902.24
727.95	11012.22
728.26	6394.34
728.58	9114.05
728.89	6623.72
729.20	7286.09
729.52	6036.24
729.83	13872.36
730.14	8884.67
730.46	7330.56
730.77	10169.63
731.08	8884.67
731.39	7021.61
731.71	7445.24
732.02	9439.38
732.33	7262.68
732.65	6691.59
732.96	11091.80
733.27	9495.55
733.59	14850.70
733.90	9919.19
734.21	5837.30
734.52	7063.74
734.84	17776.37
735.15	6607.33
735.46	6895.22
735.77	7728.45
736.09	7358.64
736.40	11215.85
736.71	9249.80
737.02	5645.37
737.33	6820.32
737.65	6803.94
737.96	7520.14
738.27	8016.33
738.58	13942.57
738.89	8809.78
739.21	6483.28
739.52	5287.27
739.83	8835.52
740.14	6120.50
740.45	7506.10
740.76	6534.78
741.08	5771.76
741.39	7316.51
741.70	6619.04
742.01	7939.10
742.32	10300.70
742.63	7939.10
742.94	6305.40
743.26	8910.42
743.57	8311.24
743.88	9626.62
744.19	7974.21
744.50	7138.63
744.81	12975.93
745.12	7335.24
745.43	7290.77
745.74	16018.63
746.05	11613.74
746.36	5380.89
746.67	12493.78
746.99	7012.24
747.30	8699.77
747.61	6614.35
747.92	8013.99
748.23	10401.34
748.54	7033.31
748.85	7094.16
749.16	7775.26
749.47	5966.03
749.78	6663.51
750.09	6644.78
750.40	8187.19
750.71	7896.97
751.02	8737.22
751.33	7368.01
751.64	8594.45
751.95	7461.63
752.26	8875.31
752.57	8990.00
752.88	6892.88
753.19	7482.69
753.50	10904.56
753.81	7290.77
754.11	7599.72
754.42	17341.03
754.73	7698.02
755.04	8341.67
755.35	7971.86
755.66	14366.21
755.97	6008.16
756.28	6040.92
756.59	8784.03
756.90	17703.81
757.21	8374.44
757.52	11815.02
757.82	8386.14
758.13	6485.62
758.44	10314.74
758.75	8922.12
759.06	6574.56
759.37	6085.39
759.68	8219.96
759.98	6600.31
760.29	8807.44
760.60	8245.71
760.91	5474.51
761.22	7112.89
761.53	7805.69
761.83	6455.20
762.14	7597.38
762.45	6370.94
762.76	5809.21
763.07	8692.75
763.37	16528.86
763.68	11557.57
763.99	13561.06
764.30	12152.06
764.60	6614.35
764.91	10569.86
765.22	7878.24
765.53	13860.65
765.84	8180.17
766.14	7269.70
766.45	5563.45
766.76	11365.64
767.06	12250.36
767.37	6979.48
767.68	7559.93
767.99	7023.95
768.29	6499.67
768.60	7499.08
768.91	10429.43
769.21	13650.00
769.52	11367.98
769.83	7351.62
770.13	7482.69
770.44	6949.05
770.75	9158.52
771.05	7646.53
771.36	9139.79
771.67	7786.96
771.97	7009.90
772.28	7239.28
772.59	7999.95
772.89	9692.16
773.20	6651.80
773.51	6483.28
773.81	12173.13
774.12	6043.26
774.42	7375.03
774.73	6108.80
775.04	6539.46
775.34	22167.21
775.65	8716.16
775.95	12788.69
776.26	8566.36
776.56	6825.00
776.87	8753.60
777.18	62166.97
777.48	12875.29
777.79	7889.95
778.09	11218.19
778.40	7028.63
778.70	7098.84
779.01	11246.27
779.31	7770.58
779.62	6850.75
779.92	9376.19
780.23	9036.81
780.53	5853.68
780.84	7323.54
781.14	6796.92
781.45	6483.28
781.75	9710.88
782.06	6565.20
782.36	8348.69
782.67	6195.40
782.97	6389.66
783.28	13680.43
783.58	6771.17
783.89	6778.19
784.19	8744.24
784.49	13139.77
784.80	7379.71
785.10	13563.40
785.41	6251.57
785.71	8952.55
786.02	8599.13
786.32	14462.17
786.62	9694.50
786.93	12236.32
787.23	6785.21
787.54	7110.55
787.84	13116.36
788.14	9076.60
788.45	5628.99
788.75	6750.10
789.05	5973.05
789.36	7365.67
789.66	14263.22
789.96	9668.75
790.27	7683.98
790.57	7562.27
790.87	6413.07
791.18	6539.46
791.48	6384.98
791.78	8580.40
792.09	9128.09
792.39	6583.93
792.69	9961.32
793.00	8690.41
793.30	9067.24
793.60	6036.24
793.90	5516.64
794.21	8681.05
794.51	17893.40
794.81	11346.92
795.11	7793.98
795.42	6583.93
795.72	11616.08
796.02	9753.01
796.32	8807.44
796.63	8823.82
796.93	10506.66
797.23	9352.78
797.53	8280.82
797.84	10719.65
798.14	6408.39
798.44	8386.14
798.74	8826.16
799.04	8210.60
799.34	6036.24
799.65	16056.08
799.95	8131.02
800.25	7428.86
800.55	7014.59
800.85	8093.57
801.15	6448.18
801.46	7368.01
801.76	18504.28
802.06	6949.05
802.36	9685.14
802.66	6796.92
802.96	9537.68
803.26	11178.40
803.56	13572.77
803.87	16875.26
804.17	7407.80
804.47	9980.04
804.77	10810.93
805.07	11094.14
805.37	9844.29
805.67	9387.89
805.97	7136.29
806.27	7569.29
806.57	6803.94
806.87	11861.84
807.17	8276.13
807.47	11686.29
807.77	11375.00
808.07	7030.97
808.37	11789.28
808.67	7899.31
808.98	15913.30
809.28	7094.16
809.58	16372.05
809.88	10717.31
810.18	15077.73
810.47	7386.73
810.77	7480.35
811.07	9703.86
811.37	8734.88
811.67	6253.91
811.97	5483.88
812.27	6256.25
812.57	5514.30
812.87	6789.89
813.17	6462.22
813.47	6478.60
813.77	6991.18
814.07	6794.58
814.37	10169.63
814.67	6574.56
814.97	7501.42
815.27	6604.99
815.56	8814.46
815.86	11372.66
816.16	8063.15
816.46	5994.11
816.76	6675.21
817.06	10696.25
817.36	12568.68
817.66	7772.92
817.95	6209.44
818.25	8549.98
818.55	10298.36
818.85	9586.83
819.15	6752.45
819.45	13563.40
819.75	7454.61
820.04	7595.04
820.34	16184.80
820.64	10052.60
820.94	12957.21
821.24	7206.51
821.53	7197.15
821.83	6614.35
822.13	6136.88
822.43	7159.70
822.72	5856.02
823.02	6576.91
823.32	6174.33
823.62	8234.00
823.91	15311.78
824.21	5795.17
824.51	8468.06
824.81	7082.46
825.10	5879.43
825.40	9455.76
825.70	7801.01
826.00	12943.16
826.29	6675.21
826.59	8325.29
826.89	7192.47
827.18	6448.18
827.48	6703.29
827.78	6143.91
828.07	7810.37
828.37	9678.12
828.67	8454.02
828.96	7641.85
829.26	6583.93
829.56	10993.50
829.85	6740.74
830.15	8512.53
830.45	5797.51
830.74	12683.36
831.04	9682.80
831.34	10431.77
831.63	13792.78
831.93	10071.33
832.22	9628.96
832.52	7581.00
832.82	6078.37
833.11	6181.35
833.41	6417.75
833.70	6764.15
834.00	10279.63
834.29	7978.89
834.59	5849.00
834.89	8711.47
835.18	7162.04
835.48	13231.05
835.77	9322.35
836.07	9418.32
836.36	9156.18
836.66	10506.66
836.95	7501.42
837.25	6595.63
837.54	7538.87
837.84	6733.72
838.13	8358.05
838.43	6523.07
838.72	13935.55
839.02	10970.09
839.31	6410.73
839.61	10808.59
839.90	5804.53
840.20	7700.36
840.49	5935.60
840.78	8486.78
841.08	9221.71
841.37	6888.20
841.67	5982.41
841.96	9181.92
842.26	8182.51
842.55	5863.04
842.84	6207.10
843.14	10286.65
843.43	5860.70
843.73	7412.48
844.02	5806.87
844.31	7286.09
844.61	6890.54
844.90	8507.85
845.20	7934.42
845.49	5404.30
845.78	6986.50
846.08	6069.01
846.37	5135.14
846.66	8613.17
846.96	9097.66
847.25	8704.45
847.54	5736.65
847.84	8964.25
848.13	7243.96
848.42	9947.28
848.72	6417.75
849.01	9034.47
849.30	6539.46
849.59	6202.42
849.89	6553.50
850.18	12568.68
850.47	6260.93
850.76	16299.49
851.06	14965.39
851.35	8564.02
851.64	9788.12
851.93	8098.25
852.23	11016.90
852.52	7157.36
852.81	6904.58
853.10	6478.60
853.40	5380.89
853.69	5561.11
853.98	7428.86
854.27	10064.30
854.56	6696.27
854.86	8800.41
855.15	7763.56
855.44	8290.18
855.73	5638.35
856.02	6565.20
856.31	9729.61
856.61	8353.37
856.90	6890.54
857.19	5984.75
857.48	5619.63
857.77	6003.47
858.06	5231.10
858.35	5689.84
858.65	11545.86
858.94	9420.66
859.23	7169.06
859.52	9385.55
859.81	12152.06
860.10	6373.28
860.39	9369.16
860.68	7634.83
860.97	6169.65
861.26	6307.74
861.55	12311.22
861.85	7737.81
862.14	9399.59
862.43	9673.43
862.72	7934.42
863.01	5741.33
863.30	6937.35
863.59	7473.33
863.88	7304.81
864.17	7386.73
864.46	6223.48
864.75	14846.02
865.04	7838.45
865.33	5970.71
865.62	11068.39
865.91	6651.80
866.20	8997.02
866.49	6846.07
866.78	6927.99
867.07	6747.76
867.36	10359.21
867.65	9851.31
867.93	9125.75
868.22	7674.62
868.51	7026.29
868.80	7892.29
869.09	7117.57
869.38	6356.90
869.67	12788.69
869.96	12788.69
870.25	12788.69
